5,0,1.0,6.153451668865284,0.3447839408460377,4.114559817061875,0.6876206554656759,0.5936370879933199,-4.617805880325715,-5.661874515457075,2.2389415967260438,-0.2252068743476613,0.6670638871470573
5,1,0.0,-10.095943825683063,10.621846631046694,-21.262729013036225,-22.46712306322824,4.472905993987588,-4.910607824875909,13.799219558327923,-1.0525996360763195,0.6725253250263412,-0.04238607960918561
5,2,0.0,15.305009120206588,-17.733167553356903,45.859624380106766,30.156790230579404,-12.738239968722036,19.50996261784388,-23.03985684606092,-3.745004073667316,12.325644434380932,-2.1781534527806157
5,3,0.0,-25.368015547507742,32.00027223943352,-90.95098418452507,-62.63257340325951,29.99568782850438,-44.133928200448445,40.51488975695382,-1.116833012847771,7.854776662538412,-1.842091978981724
5,4,0.0,40.19046142073431,-49.05475870766614,164.83057001194055,96.97626329539241,-59.99400842610283,83.9857772355801,-69.4511085585339,-7.449239993671058,49.758849074784294,-4.859702674604962
5,5,1.0,-38.67597693457024,53.454666636005086,-246.78708234968494,74.990619373446,99.33217267792908,230.85019545042692,-9.427869396250905,-137.37242957009354,-105.28114956640633,164.83864523357343
5,6,1.0,39.782396419292006,-55.429434647837645,338.70129843878937,-105.68556488137656,-151.1957004440416,-203.15458607350436,58.71601452135224,267.3888295299781,244.74294703244774,-215.67390349329605
5,7,0.0,-67.387462120158,82.37547124518674,-492.36081726215724,-334.968092369424,233.76958575352336,-96.2929554741096,148.66749275368676,69.45611685411336,286.3562242257884,-72.16394664647783
5,8,0.0,111.05826034211256,-130.89231795307245,732.7170579965599,284.7915371859302,-366.64764915177653,334.8565836307262,-217.87606383021762,2.7744808526406373,723.3253022581878,-33.76689639760287
5,9,1.0,-114.6065345223965,152.89584141597035,-1012.2417803245381,336.66061909326896,544.8000782210868,950.0160226647763,-82.52049043695314,-397.39680713303534,-590.9599396401508,463.8514465713054
5,10,1.0,119.10258486155743,-165.13715393320922,1339.7786286816654,-432.69873309730633,-784.0841323473842,-795.0492669385451,263.685402632506,756.2321104167075,683.8278576173664,-612.3447022882821
5,11,1.0,-120.60315556153746,172.89940872953844,-1718.7820601201536,567.3841533203545,1105.956796995109,1162.8097154526008,-418.2370367379443,-1078.6958361045313,-851.1185303133528,906.3721814991094
5,12,0.0,199.0973027181784,-246.84414943366394,2274.7325320648442,1403.6188553407417,-1571.998249975,334.51489394848556,-554.1114394046699,-278.73005142634895,-560.9968875309937,305.6714867888546
5,13,0.0,-331.4916630864429,399.7626114025606,-3116.8221174685323,-1012.3669622532906,2261.9660405994396,-1385.9510688260507,779.2596736027625,-30.767694906226893,-2245.7976751299866,128.62699133385456
5,14,0.0,548.9818328467182,-658.5814534395656,4407.873021085748,2002.4536200686168,-3287.292320023389,2397.521020308619,-1404.255592600449,-68.9787949503125,-2279.8907929494594,29.31234991234598
5,15,0.0,-911.1550002571112,1090.9943331001516,-6438.216069911915,-2861.1475175975625,4835.988403449896,-3682.2051439219217,2134.130482690458,80.70554974611616,-6847.975312335983,47.81560271178504
5,16,0.0,1508.7285782053495,-1806.3607265425023,9668.359609852245,4593.045787346698,-7195.176011306822,5568.773027721479,-3374.885407894816,-147.00439091957205,-8527.010468978619,-39.77533395808718
5,17,1.0,-1549.0178763516071,2086.6415531370444,-13415.398702803084,4474.465276749757,10360.162276307994,12973.811016960766,-852.3292859351482,-5346.793188996746,8495.697257493279,6488.883037789375
5,18,0.0,2569.013802144943,-3154.950218401271,19273.176279695203,13178.164504486624,-15083.669730078196,1329.224745928489,-6567.005420589448,-1550.4714196210211,24527.53343336144,2371.103935025944
5,19,1.0,-2636.9958318625163,3580.17805081111,-26073.503380299135,9027.837732013073,21415.46722098509,22056.018008958123,-1830.4018127437644,-7782.562591269051,-12597.279302595276,11062.120663977634
5,20,1.0,2707.0302591354407,-3783.7266834715497,33992.9449548028,-11088.878751237098,-29886.829435757696,-20843.730020576524,6659.56288131232,15865.353960597266,5368.189423565463,-11959.731640096998
5,21,1.0,-2780.225956570171,3924.8464677935312,-43220.889021347386,14427.192617538634,41216.03323380807,28897.354181653733,-10579.245296409566,-22850.01611928717,1154.4168526699623,19869.816820981036
5,22,0.0,4609.254564892589,-5721.7240288004305,56641.347752106994,34484.6776152569,-57224.00838685548,8348.345069631525,-13456.269421378607,-5915.542017211219,36212.62775537041,6767.954507613918
5,23,0.0,-7644.658566712566,9223.713634890937,-76652.40744157082,-24103.44886274253,80069.90064423882,-34117.70620035961,18710.98759619116,-557.0370656378229,22810.515066366843,2919.0461318002417
5,24,0.0,12676.45634877622,-15207.989703478523,107217.17809803062,47833.199706195905,-113021.8880871121,58513.83844804259,-33565.178268893695,-1521.4669211511903,104158.1592058383,719.8774547609938
5,25,0.0,-21022.562934729565,25191.50254191171,-154880.66234559455,-67562.17730653084,161090.64390734243,-88962.76498651902,50596.44969220885,1933.6325809200416,101675.88905147249,1147.728495119888
5,26,1.0,21590.32135620088,-29077.624603883225,210138.9928669226,-71208.24748498162,-225437.7097918008,-203776.01116437302,14946.098543863274,73607.38183063807,-160358.86356666824,-88901.47837473704
5,27,0.0,-35804.61368201584,43967.75585587876,-295340.4717582592,-197203.26530536817,318271.9291885332,-17997.754635517354,97272.99982486026,21374.598599947767,-477430.9646539925,-32433.251302154884
5,28,0.0,59373.35407588852,-71484.47197405173,428758.33760214207,159929.81026430082,-453725.3361150146,177040.68690062387,-127722.30392784099,-1458.03704253973,-625021.1409465371,-15726.624178067894
5,29,0.0,-98461.8328921786,118068.770375439,-640796.8187525119,-315641.6734328445,653706.789346674,-336790.86411150405,223388.38049295734,10397.158413165402,-1505236.5769431272,-2954.647574717086
5,30,0.0,163280.90613808983,-195637.25914876838,981747.5031941787,471516.1550701862,-952493.4209973557,547508.3426192655,-348257.1684097925,-15332.42945529257,-2226270.5486489856,-7826.644815504082
5,31,0.0,-270772.74418775726,324375.7301789526,-1534842.8230730179,-772342.5246461816,1404204.056923597,-866055.3888261709,562562.3157808593,25854.207594761665,-4851627.717529592,7229.218108478201
5,32,1.0,278071.4154715737,-374496.8559881313,2176473.135641688,-714071.133083733,-2009845.8855118176,-2092153.7843606942,125263.9998852614,969383.1782680972,3434747.885892045,-1176061.2836327937
5,33,1.0,-285571.8095411887,398465.59794930066,-2924642.4193329792,930310.3471344664,2820736.661456563,1728800.7269264294,-546287.0504837782,-1868492.1994634073,-2647491.167291952,1492913.6139657223
5,34,1.0,293272.0907928842,-413854.75880700885,3797278.614836492,-1244742.5635050065,-3905267.7482098574,-2572989.150165308,899963.897820546,2672287.5366658038,2080690.9906940353,-2261056.32487383
5,35,1.0,-301178.11381896224,426572.33338598453,-4814122.337206369,1610613.4233598094,5354591.050371695,3135232.3259721817,-1250694.9917268688,-3376521.0134516037,-1344851.6717455836,2607368.948581967
5,36,1.0,309298.9447092152,-438596.6084444494,5997609.978020172,-2037449.763731804,-7290190.469610477,-3929357.7275121775,1632241.4910949368,3971302.088363039,40090.07654893128,-3101277.2906735325
5,37,0.0,-512919.21567708306,637247.4075717307,-7672063.45805534,-4521242.250482366,9971183.26706041,-1123549.8016725695,1654534.8467733725,995240.4257033035,-5851431.471954587,-1026391.3065279942
5,38,1.0,526746.8562341717,-717042.3442090849,9612131.050879411,-3530466.619482402,-1.3551105406849941E7,-8341614.720256619,1122342.5476285324,638662.5421072529,-3879966.7395870867,-1461553.820700921
5,39,1.0,-540947.3415775411,757358.3391073974,-1.1865200860585254E7,4057037.8332028957,1.832924275345942E7,7062314.325098299,-2639478.3065349446,-1843084.8400666588,1.3624089990069536E7,1271833.029299688
5,40,1.0,555532.1295588979,-784809.2325115984,1.448164993906952E7,-5011106.80085148,-2.4704470854810324E7,-9656587.119671803,3819604.089342597,2704125.273535539,-2.479162024803485E7,-2447078.6212583645
5,41,0.0,-921253.0895265754,1143571.1456893322,-1.805437979311946E7,-1.0253774734120106E7,3.338298089120928E7,-2446959.032660197,3699742.3887686054,743156.3375984053,-6.393436853685529E7,-827606.5735685815
5,42,1.0,946090.3202850855,-1287549.5399275506,2.2190185844901722E7,-8274664.524358316,-4.496145325485291E7,-1.920830486193554E7,2710052.737516929,1936280.4596360535,2.218525289440011E7,-2909890.429897866
5,43,0.0,-1568923.2812921796,1931115.000320458,-2.7900610485435665E7,-1.6310256032465268E7,6.070247275840241E7,-1720777.767587774,7387421.435400982,635281.1839525509,7143050.884958947,-1088631.3399963037
5,44,0.0,2601776.573685606,-3134014.562399761,3.602570804528514E7,9648142.819594556,-8.219514641368963E7,1.4975770439070161E7,-8383242.395865709,-137079.80241367006,5.799898651441014E7,-564910.0334312173
5,45,1.0,-2671924.1607386637,3604213.6595402015,-4.543157548814311E7,1.6163970738427663E7,1.1087399746974266E8,4.264004816201552E7,-4777848.475631428,-8252100.671015802,2.0767495863950644E7,9676262.29324757
5,46,1.0,2743963.62441061,-3830650.8529682513,5.635536271987017E7,-1.9209057908922944E7,-1.4913102066443452E8,-3.2539170797061022E7,1.2257924604622077E7,1.459275743099493E7,-1.0269473662803297E8,-1.1332308140443735E7
5,47,0.0,-4550375.146838548,5633132.018327688,-7.169302276050301E7,-4.188908972565081E7,2.0101651864880612E8,-1.2508958734282855E7,1.6607981574219147E7,3959728.4574699597,-2.995058773209948E8,-3614623.1694301064
5,48,1.0,4673057.561120363,-6354488.47212078,8.945850672261083E7,-3.296414771907204E7,-2.702269462867837E8,-7.831635815357974E7,9961795.638118234,1.0404543303873328E7,6.504785030243692E7,-1.508179064526573E7
5,49,0.0,-7749433.156317868,9536684.685370153,-1.1459534270234855E8,-6.870920614082322E7,3.6399715226915085E8,-7345309.30231547,3.176989195831859E7,3332541.0808714605,-8.13032020552059E7,-5625516.696649976
6,0,1.0,4.799720403848171,-0.13269392573713648,4.894452638331413,4.23404349880117,-0.6690185305336941,-2.7096379100811054,-1.9265131789236092,0.4430485899936927,7.160659048167861,3.6464136142811725
6,1,1.0,-6.402371713309339,5.7824613914211245,-16.613629241823336,4.977731963625593,4.651051224347644,12.433821910698416,-3.6426717376885223,-14.094665914901041,-12.683930407964597,20.23451861475776
6,2,0.0,9.687186119266942,-11.539682036583663,32.90267078430348,30.425643418190703,-10.0261137880989,6.837771577781347,-16.29325579673086,-5.363121255773911,-14.402575994039328,4.3359824561859925
6,3,0.0,-17.189340474916158,20.34028535828131,-65.33209740886424,-37.07470140753187,22.79119773416323,-31.64501129118958,25.59437379370547,-1.8781981639073018,-38.01689217274283,1.4760592843084064
6,4,0.0,28.559075132492342,-34.056422389875,117.1896972498793,71.8019210039578,-45.554760358413056,59.76306863764867,-50.57149811513848,-6.224345062724937,-40.19053803464974,-2.368353736194875
6,5,1.0,-31.113660481766807,40.28770120878686,-180.76240132973544,55.41414981399662,76.55453994768392,168.68024292965706,-4.838722477217491,-101.0246167073531,-13.084705348820698,123.22620321469276
6,6,1.0,31.83169392896917,-42.95089312774198,250.8359324751183,-77.47806016181862,-118.64531010834,-151.3227239424064,43.13131486297688,203.94178883945258,134.84957624225194,-164.43156828913388
6,7,1.0,-32.85573962818861,47.383815437333446,-337.80651308840004,106.0152107313454,173.28949719384013,230.89505714517475,-78.23173774919508,-305.3755332419874,-288.02544280501195,264.08367433473956
6,8,1.0,34.264390742562036,-47.73215116089883,439.21374453529734,-145.12030287611788,-248.36661406536805,-289.62628463766146,111.43747419071002,394.5578931197281,448.7932642176543,-304.8422291933664
6,9,1.0,-33.59058781803606,50.42803754352934,-554.898335345157,184.76740135386314,347.75408565048366,365.6830897907675,-149.01488739113674,-475.1556144824363,-584.7247848031166,375.4641554315895
6,10,1.0,33.682068930204686,-49.590879161294744,685.8648678106058,-234.17523966029356,-480.56247284662857,-446.2303189337418,188.12967848382624,541.3102310082338,671.4451975099606,-408.8138187257242
6,11,0.0,-59.34368215602846,72.92982728672337,-878.9560286089761,-518.3800169052704,670.3491217022017,-130.3671027602347,189.2621891790721,133.1724269415455,797.3530086651158,-137.05910761783946
6,12,1.0,61.44863904010474,-84.86819816482158,1100.9181080041346,-403.8365195329141,-924.0773621924841,-958.7541884726045,128.97686284727845,61.752704303237614,-1192.7101159458196,-167.66310836244594
6,13,1.0,-63.04443698801202,89.03121204409759,-1359.3087355667037,462.78234627946466,1262.956140692539,810.0682243821333,-302.2680865549899,-204.5554977603987,1596.4046846743752,138.85059103800515
6,14,1.0,64.60009403235786,-92.12216741822155,1660.1481003535591,-573.3073346945138,-1715.6229311605218,-1106.1665461538469,436.5230558519673,309.4408032517354,-2115.826425691047,-283.2330565034161
6,15,1.0,-64.12284648156087,92.74424484633717,-2004.4386510845718,697.1513200447729,2318.1934886133395,1293.4585304308878,-565.39392698503,-369.12100277914146,2876.450151360131,262.02920683119675
6,16,0.0,105.29775197083796,-130.42022084285438,2463.9111964362883,1371.1195649652254,-3141.124911001001,344.71496532608535,-472.18424572079533,-99.91559753086332,7024.685042637602,80.07393639930504
6,17,0.0,-174.20803223372496,211.54263404817473,-3099.3430174572795,-766.5052786408073,4272.74480788331,-1383.2258440470525,614.4615383711636,-7.165447098377857,10524.558722508234,33.74703506962005
6,18,0.0,287.3850450016042,-344.4913602419369,3998.883029611662,1540.9833044781249,-5838.861037040404,2235.626084406717,-1089.163348196414,-34.79500340589454,22458.339130104432,0.8831207454343839
6,19,1.0,-294.9999312482336,397.16221358338424,-5040.778873226253,1809.821852243565,7928.644970411965,4920.839427986556,-469.279313836548,-907.913808729919,-13316.846400418764,1106.2515108329462
6,20,0.0,487.82797203337117,-601.4681345194487,6532.931692895648,3964.0673310473203,-10808.705613716433,198.6787317168825,-1881.7600158122807,-272.2945560218339,-18329.489350324027,401.2260469920886
6,21,0.0,-809.9218886008032,976.098307721194,-8736.495900624264,-2629.4877954746844,14808.56305608483,-3525.5409218975406,2224.905331705869,22.721064519341784,-41621.54804076933,195.7153629051164
6,22,0.0,1341.3507836530373,-1607.541033425677,12066.491771985902,5280.085504998733,-20404.314784890976,6434.212774052969,-3778.8590198229185,-144.4689714357165,-64933.10081144906,30.12523934425115
6,23,1.0,-1378.3030570310355,1855.70457663807,-15926.698144407397,5525.588712737197,27880.690952347566,15342.948338317401,-1225.4665483758613,-4585.61119789567,65705.3290361606,5609.31759362625
6,24,1.0,1415.9255945621385,-1974.7513211579003,20415.627959333964,-6762.603083335269,-37862.4328496212,-11820.845779933989,4110.1780383522155,8582.473899278788,-69125.48216043592,-6717.995221619226
6,25,1.0,-1453.709904638348,2051.2435314770073,-25644.1372913681,8652.795600016745,51184.98854088373,17328.85994489742,-6396.6184923277615,-11939.831229599811,77528.52135388505,10069.570860021353
6,26,1.0,1491.1210158921103,-2112.6860064091493,31721.050877644593,-10846.249575848457,-68956.18725155367,-20534.120168550027,8570.365939474174,14668.065791725323,-93486.8405622219,-11162.925008064332
6,27,1.0,-1533.3018506441178,2176.3496293927033,-38785.85311620455,13394.426159475921,92663.41493751098,25323.511119566767,-10887.480622458355,-16740.279657505173,120074.11557404205,12958.040875206128
6,28,1.0,1574.4222960525515,-2232.3427460072967,46986.05643317278,-16363.496242327154,-124278.10660646795,-30529.429029241233,13483.686273654814,18058.248373822655,-161142.6859963846,-13369.495477466658
6,29,0.0,-2611.8227270150583,3244.322080588153,-58019.294171572175,-32483.222641557077,166930.55348868915,-8104.521249671161,11101.887580941255,4556.899343910883,-388110.80669540924,-4312.588216066075
6,30,1.0,2684.4685095995846,-3652.3620831806656,70786.21707634335,-26550.326849576155,-223809.64820453283,-61370.98486825962,9037.686192443478,2653.0943812156943,158885.8905177244,-6103.76331253904
6,31,0.0,-4453.343240550222,5479.550261161847,-88186.30449729644,-50882.97837154986,300496.6785582941,-5121.300269192223,22785.038848023403,1132.499142559471,126087.16381838819,-2366.0129920475174
6,32,0.0,7383.660968326864,-8894.14785567774,112616.68576564251,28978.228802224585,-404156.1560738232,46690.864708895955,-25446.55486831163,-549.224394551926,451529.31546062435,-1334.132076080877
6,33,0.0,-12246.675740082765,14687.666033487261,-148022.53602876072,-59413.562994923705,544728.8347449129,-80582.8921460478,42675.504279774934,1215.2879489800403,528084.246312029,-112.13477233183326
6,34,0.0,20308.30677167375,-24333.722162653354,200836.9543132234,77463.55063239655,-736085.682808376,117626.0757445004,-59883.225659752476,-1938.3728440697298,1368777.7024619693,-869.1194663961893
6,35,1.0,-20852.916329358657,28086.234576079132,-262015.77526582684,91443.47895874012,991385.3658651527,256308.24443240734,-21469.981132196725,-68691.70377026708,-482234.821711755,83099.0494069439
6,36,0.0,34579.363710323334,-42465.054635108725,353300.20360612543,224968.38613147658,-1338461.2878052029,15502.535762665322,-108997.31080934184,-20094.00140826465,-141857.2037083575,30267.239534496923
6,37,0.0,-57345.6973907594,69044.84118900447,-492530.5689731375,-166646.4006168201,1812353.3792705412,-200886.50186410398,136494.55754386625,1543.4813080343895,-1249508.6364020966,14751.43209271018
6,38,0.0,95098.73332228391,-114035.96002543633,709270.5297051278,331437.5253710919,-2462716.5107584684,375150.92017130123,-235634.32146531888,-10026.747462657066,-936683.6890212662,2655.7206317723244
6,39,0.0,-157706.52698592725,188959.78528562706,-1052347.674339885,-480339.25493525,3360641.4530986254,-593684.9818502421,358371.935822952,14825.739484910151,-3555077.7807662617,7472.938585904576
6,40,1.0,161956.5568721746,-218128.26998725752,1450181.0305326565,-485696.23610191885,-4559448.59922129,-1399527.4077097336,96035.62556902673,557188.407355783,285493.94947560655,-673773.9334901815
6,41,0.0,-268577.36856185837,329815.4031489121,-2070078.5869471799,-1405564.4486064701,6210208.54547345,-139995.27665046693,698006.4957588159,161514.53111531163,-2945750.0659827185,-246003.86048180616
6,42,1.0,275817.9752355222,-374166.2634370512,2789512.5486067845,-968805.3984428473,-8413831.237143077,-2358936.189153079,199073.70398144927,811369.1546289012,-2546659.0690387464,-1152220.6293175188
6,43,0.0,-457396.0800865147,562587.7893968377,-3893792.752291128,-2590348.3783289893,1.1441054384573398E7,-394872.9250300402,1276511.5833415166,242761.4627160791,-1.1021317636396518E7,-434759.71844281716
6,44,1.0,469728.2505537616,-637520.1924366828,5175086.700846218,-1816892.7225660894,-1.5481662296712335E7,-4421219.024617626,387864.08887830505,1397977.1600220671,-345691.4684122964,-1992516.6742037646
6,45,1.0,-482392.6173922286,674740.4246133898,-6666936.75000484,2196951.1722153504,2.0873007243538328E7,4056633.8589769076,-1331157.0679317806,-2791119.5637893532,1.1612967843443872E7,2073091.943323999
6,46,1.0,495399.47064805217,-699645.5618220263,8403952.250764271,-2826797.4692729535,-2.8064688124487966E7,-5617766.653940066,2084226.5986083942,3971400.963664876,-2.422379233005368E7,-3457215.5704796733
6,47,0.0,-821532.4326682499,1019715.3743497698,-1.0902882466415104E7,-6549214.946010979,3.7811604231569156E7,-1580486.907223774,2521721.9084550953,1030168.1699471844,-6.545196641916456E7,-1177546.5390144002
6,48,1.0,843680.297231588,-1148155.6975008987,1.3799263677608855E7,-5028173.215101494,-5.0812635126471005E7,-1.196449586501725E7,1524682.450395354,1663805.076852612,1.9174141290441908E7,-2811021.8499054937
6,49,1.0,-866426.9517898826,1212942.799890764,-1.71647977670149E7,5830229.410252209,6.815082196243225E7,1.0250916226203954E7,-3753733.4039493543,-3735468.747232843,2.7115938134191E7,2678365.052087077
7,0,1.0,6.04095087085318,1.1142830084098985,4.237612273329938,3.411562513199517,2.7008826329810445,-1.505943545206673,-4.140503437170959,3.2011576414493628,2.783167113439312,1.7431377560184707
7,1,1.0,-6.455616221170801,8.625728247569903,-14.391609317318977,1.0588067619949735,0.33977001359725584,11.529369387402092,-0.31226263343816485,-26.814139023709757,-26.91786323780842,34.894589511032756
7,2,0.0,8.805219044506284,-11.08746131470092,29.39739173946306,26.789365892965463,-3.7057015363043915,4.674896383854566,-14.880004389433688,-9.28794618157175,-42.53521813032139,10.611329084195859
7,3,0.0,-15.773171051324933,18.127009487198947,-58.761841164193406,-33.6828275040829,12.403321447540442,-26.053092853603307,23.30801832758029,-2.0740025656024423,-81.83981795799866,2.594047117542307
7,4,0.0,24.573976354836763,-28.603313519498876,104.11048110762482,60.3323088660671,-29.44078259868544,53.576463998289356,-42.989040466820235,-4.824633489910562,-130.17546618504818,-1.3389452748054422
7,5,1.0,-28.921298312529657,37.89442774096873,-163.6147117151882,49.19155417912954,55.7220573161478,155.16816555635026,-9.45529769477423,-97.95722417131817,47.134954726120306,119.03538572536985
7,6,1.0,29.18897861587424,-39.496043251448526,231.63810103737302,-71.73049485632785,-89.54834470979603,-142.245904969059,40.803907248563654,191.61405152368317,94.2824049538143,-152.76070726692996
7,7,0.0,-49.41811253191715,61.17710799237543,-341.19722122599677,-237.30954471484318,144.7299931653152,-66.86962376836375,104.62470946568551,47.92929145584468,71.36331382788256,-50.43864339678084
7,8,1.0,51.72463506202763,-70.05647778920604,470.9414844217401,-162.62631066746,-217.7479223249291,-413.3961515920108,36.97130129277144,135.7566779439573,-68.83154938296202,-198.69871792669375
7,9,1.0,-54.57026785165375,75.17740847215036,-622.9038403177616,199.73087013000753,316.6551903991323,379.29203314062835,-121.57626237798434,-301.54856739619953,-25.375819558076074,234.24706300401152
7,10,1.0,56.65744244033243,-77.90188511592598,800.3409294543919,-264.7516254193068,-450.3499275428172,-537.2070654379976,193.0479635041062,444.12874725245825,152.58673022720296,-385.41416059132206
7,11,0.0,-93.89328143071111,116.81653750062051,-1060.1732397869696,-655.2329897464411,648.0458810036923,-156.27123048175503,258.81766991282825,113.0519343771316,-127.6817326952413,-131.95069098203206
7,12,0.0,154.92328747124756,-186.1306513926385,1451.9624840174938,469.31138876615125,-939.7111360636286,645.2553596589952,-363.9678098919882,7.174233469842213,277.27149054293704,-58.29237469704587
7,13,1.0,-159.83484593812042,214.04098347555325,-1908.109367906263,658.6824126323222,1331.7236569497795,1796.686056418981,-185.20336105309005,-535.7016680063631,157.14798824315608,615.1672793614472
7,14,1.0,163.5134297748084,-230.7198865108001,2434.460137852766,-809.8586549283087,-1855.6893978483317,-1421.5112364547786,508.6684523066817,994.7789061091596,-399.18464795312275,-800.3874874252411
7,15,1.0,-168.9822966241703,240.37015597687997,-3049.373277924147,1027.8433245148462,2556.038900140704,2055.2774075176385,-770.7111034699245,-1381.6784212683838,689.5511939302108,1151.6545569395541
7,16,1.0,173.60655647016543,-244.49126707567862,3764.475201331872,-1291.2370560794911,-3490.6461132785616,-2437.5769169875634,1023.0903230872527,1687.6541785125073,-1243.3552111239055,-1288.5310038932498
7,17,0.0,-288.7422345202761,357.7621756723361,-4767.995710663749,-2768.941646359797,4796.388669810586,-699.398776798525,1002.4303473061982,427.8774309583343,-5098.966085433351,-419.81697708457
7,18,0.0,478.24255582553445,-576.4802460307886,6205.708585411934,1730.535848530474,-6629.058208025433,2773.639040160355,-1360.614633707448,44.83603483961418,-5729.071870838085,-176.3493055500157
7,19,0.0,-794.4575571663254,953.7684664143337,-8335.802159025052,-3472.978985139862,9228.950020217104,-4607.630694010472,2436.497226439142,96.32769957822588,-15566.144985050225,-42.29435824221126
7,20,1.0,815.8950793778592,-1099.4818495775637,10801.473869794103,-3803.26998546713,-12704.246386665516,-10487.118993911248,917.2333294346905,2643.1210859739485,6345.7799499137,-3246.961280492233
7,21,0.0,-1355.0380712156668,1664.3255514209889,-14458.215331395293,-9134.222277276225,17605.345598274336,-634.2541126503925,4403.973139887873,773.7451821022339,1624.4655994918774,-1186.6565436445474
7,22,0.0,2245.6085498370226,-2702.174798108947,20007.29323446541,6632.240214146928,-24579.769053705742,8161.392378590389,-5465.220454962853,-64.28960009744019,16422.333331483638,-580.8113221718756
7,23,1.0,-2307.75482467377,3113.2248824437206,-26438.484515467684,9080.829498133233,33907.10175935256,24631.33958674204,-2347.563307702401,-7770.935670670507,2252.5769744263066,9079.039215247376
7,24,0.0,3827.5921504647013,-4702.737045030492,36150.99750271413,23382.01683948209,-47094.31875951474,2352.743399691429,-11277.971551549374,-2264.1575069534965,30925.099948546547,3275.966999626361
7,25,0.0,-6349.437148882432,7645.799146431335,-51117.09672263728,-17932.214966902797,65924.61353251472,-21208.965870695156,14484.853831543433,159.2861328000853,20510.61898076337,1592.4936284931132
7,26,0.0,10529.270823951882,-12625.046881001063,74592.72570943044,35531.83801037612,-93102.35750293425,39491.82396979581,-25195.221460329612,-1114.873089114802,88882.0703655636,272.8202022737193
7,27,1.0,-10814.833353839305,14569.865000967893,-101817.1804304106,34436.17633563972,129464.22253981583,97534.17803650604,-6906.453301657629,-36932.02621238425,-19239.869455370095,45173.51760014299
7,28,1.0,11106.18475296399,-15497.42178737765,133528.69882585004,-43368.1369012351,-178068.77185675543,-78261.40290117431,25940.706317097767,70358.51626433649,-35895.35613760212,-55621.83178687922
7,29,1.0,-11405.830505008827,16096.273784518597,-170482.08058486035,56708.18487633685,242995.00127098884,115303.52172500853,-41472.29197681356,-99523.23150613792,94743.18520358723,84193.39539167544
7,30,1.0,11710.772152060108,-16587.391213110834,213495.66965574733,-72202.39191322353,-329674.52158763807,-138642.58343984254,56568.862409267196,124371.37612459771,-175416.18215650166,-95432.57463750734
7,31,1.0,-12026.288313528765,17054.605050906976,-263520.6560593549,90257.8877370406,445353.85500607465,172349.72411264788,-72830.16243278046,-144544.22761153983,297506.0564825389,112524.94467963919
7,32,1.0,12350.600167910341,-17520.297539450086,321638.4757341416,-111260.1712433815,-599684.0273070406,-209323.89398435902,91156.1290195104,159464.6928436248,-483579.4072994567,-119316.37391294097
7,33,1.0,-12684.457968845716,17995.973165490104,-389096.64550687943,135656.3332027595,805533.0070078213,252948.93441621744,-112195.94933780465,-168372.5454172352,760931.7753232974,125645.79198013511
7,34,0.0,21034.16112651426,-26135.669852088286,479568.27993032703,267755.955534388,-1084027.2950126426,66706.21354304813,-91054.67706099412,-42135.55834748752,2004127.326820361,40820.14526195878
7,35,0.0,-34881.517543894195,42100.883896382955,-604561.2441856938,-150343.70545048275,1462081.0325323609,-269504.82688427455,119891.26229643148,-6081.610894653212,2871139.284300599,16461.301447117447
7,36,0.0,57843.944433912555,-69397.72078093335,782848.4988024193,304280.2872066126,-1977350.8959718924,437040.7485442334,-213907.61001536326,-7810.257469663552,6335426.592821866,4384.492809177299
7,37,0.0,-95926.07021164798,114946.23301274506,-1045064.9437662722,-389414.73815575877,2683025.5177344927,-620584.7842705382,300746.21877477673,8673.801450752504,1.0121023297506401E7,5689.67096232668
7,38,0.0,159074.89064315349,-190568.71462005985,1441340.0302430592,594421.4484741361,-3654935.4522882556,864470.2612513283,-447572.6824959657,-15358.370092129422,2.051736809911645E7,-3809.8464502702627
7,39,1.0,-163365.09314742743,220017.654254434,-1900503.8640130355,658698.9373425542,4952365.601209823,1862859.6692424375,-147412.16694195132,-544826.2271504151,-1.3434211632747253E7,661156.1963657815
7,40,1.0,167769.93285827248,-234092.77082892414,2434775.897381211,-806916.7550261866,-6683680.032478651,-1398960.7195281382,491129.5483316024,1017067.9393014461,7123184.819709814,-798646.7198856082
7,41,1.0,-172292.23835218346,243134.35193119035,-3056605.747419649,1031883.7893727866,8993305.790467402,2068666.5081823873,-763144.8311037285,-1413251.972730535,-958826.4050327011,1189705.2359315492
7,42,1.0,176937.03727383574,-250603.605622181,3779781.804369627,-1292605.8738160199,-1.2073724763545485E7,-2445482.6734864144,1021998.1024384925,1735127.1393867633,-5681971.627483171,-1321367.3167951312
7,43,1.0,-181707.14410487105,257665.3116386088,-4620020.306341225,1596130.0993184955,1.6181469002562897E7,3016724.99477986,-1297535.348292732,-1977710.071987471,1.347028075318433E7,1529190.0836028699
7,44,1.0,186605.59002891448,-264715.7482607411,5595372.907158343,-1948845.5959823525,-2.1658419340831053E7,-3635322.585728393,1606449.6751252173,2131685.822851132,-2.317689381365478E7,-1578352.600410593
7,45,0.0,-309452.79858599376,384497.77403757273,-6906760.266537755,-3865019.2563834614,2.901886850315815E7,-964383.8601237425,1320152.2750020972,538339.710270219,-5.8499143699751444E7,-508980.9390194373
7,46,1.0,317793.4723308259,-432614.072657313,8424276.47717174,-3160407.2453938536,-3.883251098705689E7,-7304012.93972094,1076550.3754216176,313369.6477536641,2.042564979956549E7,-720708.2650823068
7,47,1.0,-326361.4726265255,456929.29493833694,-1.0183503216500338E7,3546027.513529451,5.1915711213395014E7,6013241.753758247,-2349682.970375373,-790132.6949811843,1.8064350600968216E7,482542.5859113472
7,48,1.0,335159.47248969966,-473488.84108549205,1.2222884191602735E7,-4292344.048784981,-6.935646411345536E7,-8132963.492917669,3311383.267777848,982454.0160160224,-6.010091402501154E7,-875434.5441545098
7,49,0.0,-555804.4826783433,689934.598774357,-1.4909409945582425E7,-8191612.597695076,9.271011363103315E7,-1944497.6514567006,2839639.3545900225,295692.98519415484,-1.606938931399606E8,-283524.5212595067
8,0,1.0,5.290310163157142,1.3368602085869177,4.13994254394021,2.9264288053933933,0.3865090996917545,-1.229998705656473,-2.287050276970024,2.5375813187344844,4.011378023612297,1.7609596367925666
8,1,0.0,-9.376193694485094,8.656581929962869,-20.6171152615175,-18.69528232879987,2.2990955045972443,-7.099139579858932,10.738381844444346,-0.33780004278095815,8.608564582309219,-0.38334167230360566
8,2,0.0,15.711839684233153,-15.616767742893735,45.39272308468442,28.561454895422354,-11.189905186229714,19.336082561954758,-18.88414629542578,-5.720967684155111,25.192148003831218,-3.2062357590995934
8,3,0.0,-25.441874907374594,30.20690272306738,-91.44794562705651,-59.66863687301677,27.188904099750697,-44.739338129907885,37.154095331983335,-1.2442591732484756,32.20940335331264,-2.8451711091252716
8,4,0.0,41.34006114957052,-50.765554155707925,165.84575722590859,99.46816847056382,-57.26352120417568,87.09601112931135,-69.6006174546352,-5.776544792992239,95.75608614069144,-4.01527228024792
8,5,0.0,-70.48716711280808,85.90450759471321,-296.5758627366156,-177.33355082212086,112.89733071482719,-159.6983180593064,124.33675795062003,4.6664862698179075,112.62252615765519,-0.2765459947998119
8,6,1.0,72.62993877952628,-97.47428151879625,447.1379014734539,-140.90193654691575,-186.99477575943416,-421.57314582359396,18.280363288380222,258.5738844094961,40.72250807257387,-315.2187779456618
8,7,1.0,-74.86123590057477,104.96018562500313,-624.9313055224359,191.8303548144689,288.1770963550274,376.2816214766332,-110.44673886986917,-505.5486244777318,-331.6356194299486,405.81201973473685
8,8,0.0,123.10549702824103,-154.4757558704654,900.1804196000917,616.9445166130703,-443.25465948476284,171.86226690455862,-276.4729467554764,-135.2203257126607,-298.58305296658995,134.31301997464578
8,9,0.0,-205.68941988009078,248.2587286518046,-1344.4980552426023,-535.4294174487071,693.8151077057421,-613.2267874414956,403.8173680928511,-11.49030843738223,-918.7614017124738,56.47247146863379
8,10,1.0,210.04620719602505,-286.44058931491315,1855.6768576209797,-616.1834982172691,-1028.4447656731795,-1739.9970113479635,142.70806651258638,758.5364083172827,781.2178745797198,-886.5214531796028
8,11,0.0,-349.6306831696064,429.9772232785713,-2659.467612643011,-1812.0761250622422,1545.9495773326244,-209.265342802321,890.3075068775481,215.937645672225,481.74318896967674,-322.3996009318628
8,12,1.0,360.4220523332276,-488.245876506028,3590.9099987045433,-1246.805776578066,-2239.156059174997,-3049.1699561553482,258.10140805225194,1054.3692708963708,-855.0266942756832,-1499.240153280698
8,13,0.0,-599.6777366424838,735.7031003842176,-5031.539002681371,-3357.8984270536835,3283.6801881519223,-510.0466884846383,1653.308675813336,315.4889834725729,-3508.628630216219,-567.3498643847257
8,14,0.0,994.7404096224595,-1197.9627164962615,7277.47601761819,2687.442450218711,-4870.287930594617,3103.2758695988036,-2156.5888067594183,-36.436305041060685,-3741.0923683804303,-280.4479064158701
8,15,0.0,-1650.2521976788696,1979.6869202163205,-10845.217154019638,-5326.467035122381,7312.663269706664,-5753.2614368583845,3767.5323569907046,169.82571861287514,-10916.32928332553,-60.70430480394539
8,16,1.0,1695.3500502111076,-2284.3950762420423,14982.51050470662,-5022.537290873665,-10591.298696212983,-14330.766774466449,963.7321415113613,5836.254128597878,7217.77735651091,-7150.7636033187855
8,17,0.0,-2815.3181598984074,3456.398674552931,-21446.503804354452,-14612.674026002194,15517.721510387182,-1531.898973928065,7270.088363372386,1689.3963399594923,3916.8788592348287,-2622.956605290064
8,18,1.0,2891.8180916593124,-3921.5053620247472,28949.976685689093,-10042.749698177104,-22120.28529642995,-24506.785692538855,2045.7525407329192,8523.231300454214,-9662.998070281417,-12128.77349046311
8,19,1.0,-2970.910757792919,4154.102624784045,-37694.900524765515,12307.780545663783,30961.444156124,23097.814319514706,-7401.134748041999,-17363.50419711241,11512.37233627039,13075.256594869077
8,20,1.0,3051.873693324265,-4304.983664305293,47882.26557745614,-16002.22875358975,-42783.20634184595,-32015.187181999096,11736.375206917588,24983.899820821865,-13478.424961909896,-21727.071311924527
8,21,1.0,-3133.1365368423835,4439.582427421283,-59737.46555682831,20268.062532030544,58579.62794515467,38874.5075948385,-15923.665526845807,-31410.576835182776,19391.960231520625,23793.47214938242
8,22,1.0,3218.107628205572,-4563.364841277991,73521.30718965213,-25247.31378809156,-79671.59551716577,-48021.429503095605,20414.137753050036,36543.917938357605,-33261.50250210167,-28673.023665805667
8,23,1.0,-3303.28337232706,4688.612133179986,-89528.80416001713,31029.05881312657,107827.08287502629,58249.09890326572,-25469.346294386614,-40226.68918265486,59617.14594035621,29906.56214850108
8,24,0.0,5476.187316684741,-6804.994930666241,111288.97624316355,62936.75097383569,-146429.8166544468,15696.493531584445,-21804.79218557594,-10119.059583722728,193890.03842600796,9677.777863150335
8,25,0.0,-9083.184297111275,10962.76487605643,-141768.1350482174,-36670.99402721939,199672.86630540207,-63222.69152613466,29062.32081175505,-1384.959035026502,246375.8909212676,3927.2107309926505
8,26,0.0,15061.935264140871,-18069.37229817792,185808.42837523468,73945.76391075297,-273607.8289857344,103372.98234141369,-51950.2486410732,-1984.8106391726772,601016.6367429494,995.4831153434512
8,27,1.0,-15469.833208903105,20843.06388255545,-236801.1807621404,84414.13656313997,372345.548234527,230668.41277836572,-21305.766958370496,-48658.54323560153,-272320.92268263875,59938.38307072724
8,28,0.0,25651.848021652815,-31504.1536843673,310980.1684376785,191815.7264936451,-509004.502573449,11210.871537813584,-91596.23932323622,-14371.13248960062,-213374.84643913482,21882.394001295506
8,29,0.0,-42539.58454519251,51220.39976187773,-421710.8252055889,-132308.56347552172,699540.3883969819,-171008.40491308473,110628.26051572674,1279.1986854799088,-772792.7934271712,10734.664610481352
8,30,1.0,43686.74219177745,-58922.963659325105,550009.6906557162,-190815.3707615399,-954043.6950638356,-512792.8092458806,51194.04997153187,144789.78399575225,110253.34466425386,-169231.2027297538
8,31,1.0,-44865.68783148533,62632.4067385936,-699247.2384170247,233318.102404661,1293818.1638599467,409153.5643639284,-145835.93547624163,-266369.32861904026,524130.96174690145,211779.37865000972
8,32,1.0,46074.822478738584,-65029.944093662176,872867.1694617192,-296134.7395263525,-1747247.7206049548,-587534.8942276925,221193.76820832625,366789.95719772583,-1233586.0549052544,-305773.0518866712
8,33,1.0,-47317.751991475656,67021.86231040151,-1074711.098056067,368934.94045804336,2352165.2287855544,695546.9265562515,-293207.64867554716,-446521.9090689052,2124887.5852029575,340301.6067647273
8,34,0.0,78466.57074448552,-97462.42026884208,1354821.376523571,782068.1266412153,-3173859.485203199,197612.0168535121,-281346.43794043304,-114287.37857814982,5674948.225847349,110487.22724928765
8,35,0.0,-130125.26663303826,157040.4193875007,-1754958.8127672528,-481620.24227617495,4294674.808731168,-784245.9121283254,379452.123625875,-12615.100317525776,8043387.187302492,46173.555631762
8,36,0.0,215788.65430586366,-258884.71292503612,2343840.8362376294,966218.7156874737,-5831059.343681976,1297609.2239830864,-678681.639600312,-26671.564069176744,1.790993504551687E7,10294.131378774178
8,37,1.0,-221604.09064414393,298575.5348107888,-3025882.887400296,1067976.044845305,7881539.508907997,2939762.28183288,-259975.1605018191,-713757.8240945976,-9560862.878159333,876336.5517398503
8,38,0.0,367490.6582376379,-451317.22970195615,4032752.977974006,2533487.95419943,-1.068689762120551E7,170149.46982365535,-1219357.1102819722,-209729.2377111923,-1.1555249980408158E7,320105.22892669035
8,39,0.0,-609417.207873268,733745.6284067215,-5554735.337023779,-1819974.1054787762,1.4546111203823663E7,-2263321.585561992,1503620.7711528584,17360.168857695633,-2.908688558444686E7,156453.85185797844
8,40,1.0,625849.2324338639,-844103.8654321743,7318608.539409818,-2519862.173177441,-1.9697579567616623E7,-6819332.503619252,657019.1565548205,2100487.98028571,1.1798987393227214E7,-2454561.1204112857
8,41,1.0,-642723.1827348274,897220.8646626143,-9371097.624040252,3107633.3252483048,2.6571497581744548E7,5500938.98648271,-1931329.4904925833,-3893940.954486609,4762142.1487066755,3108806.206565543
8,42,1.0,660053.164427191,-931586.4923428054,1.1759921497935228E7,-3971305.912184648,-3.57412001328667E7,-7919518.049190982,2955412.3920444916,5401598.800583832,-2.257604987124343E7,-4509680.0382316355
8,43,0.0,-1094581.1713407263,1358431.3159215497,-1.5175180179050097E7,-9049485.260833222,4.8178242538879246E7,-2151510.0611461895,3450729.081983968,1398618.8384769317,-6.827467191164687E7,-1512954.2280106423
8,44,0.0,1815167.140554914,-2190232.0867839796,2.018961822094411E7,6038773.3471512245,-6.511216219707944E7,8963616.359175643,-4723428.272791282,130269.50714559316,-8.942067750063191E7,-650161.2047834122
8,45,1.0,-1864105.791628394,2515784.183746434,-2.5998342710188936E7,9107672.250421688,8.770486601587924E7,2.453178100119608E7,-2692172.7363812593,-6194408.856452709,1.2384498518472815E8,7112865.98584256
8,46,1.0,1914364.456570174,-2672927.4290947476,3.2751420757711258E7,-1.1014847839832567E7,-1.1783985573911369E8,-1.899317198462045E7,7007711.03174683,1.112221387300998E7,-1.665829459573937E8,-8811756.223314144
8,47,1.0,-1965978.0532494353,2774928.0030719563,-4.060379137653237E7,1.3858708139234632E7,1.5802735561572564E8,2.7343946912540827E7,-1.0433138975423202E7,-1.5082561524945514E7,2.2362736697511455E8,1.2504717231594376E7
8,48,0.0,3260223.119454297,-4046167.4934381833,5.1625724379200675E7,3.016218695077162E7,-2.1223070457125092E8,7126161.090547329,-1.1241279882671548E7,-3929151.195090156,5.2684059520349836E8,4173766.2158463714
8,49,1.0,-3348123.778764262,4556237.223569646,-6.4393226257059045E7,2.3734691988752477E7,2.845128918639507E8,5.574860982116587E7,-7492588.348411232,-6278728.684043511,-2.3130954371556365E8,1.04282135035682E7
9,0,0.0,3.115281517580833,8.691716563716197,3.297940323724845,-0.9981148884522015,8.548258418086345,1.0293738597916209,-11.72423506892278,10.889662957176919,-7.586148402033683,-29.041770631742196
9,1,1.0,-1.788998629794889,-1.2325390076948854,-7.110801572108543,2.7193787693019558,-10.428743367408142,4.7285296798466305,3.3041324003340886,-6.95805233114245,-5.517752004928709,-9.580283619405854
9,2,0.0,0.7431480505144592,0.1509454482550254,8.23821192424157,3.28765997813917,13.37754776455519,0.2842192802474805,-2.643948341852039,-1.9828510325558264,-13.903407683042019,-5.125041675720553
9,3,0.0,-3.2196744250865597,4.621075226023666,-14.257562034195413,-9.877351201625213,-14.738428182136872,-5.065620714102927,7.009164293904745,-1.2221560638988085,-14.444508118652891,-2.5766690158946304
9,4,1.0,5.536537999795835,-6.6339514910297375,23.571310999177985,-7.393446029705391,17.239434127948805,-19.485553354081745,-0.14425282955382357,20.408656585387284,45.780129492122306,-24.98458767344424
9,5,0.0,-10.506358590774994,13.917422064468154,-42.69806986442055,-37.958722790054345,-16.432984235272198,-9.710460087651127,19.631643327106588,3.345127167884205,92.5678286420765,-11.900197153757338
9,6,0.0,17.415403089559327,-23.402410482184305,71.88143474567474,40.61262471178061,14.256869261538034,34.03160694536721,-30.904018091826806,-3.7214716946271533,164.8634523280523,-8.486706635644891
9,7,0.0,-31.262477618246606,38.36780792349715,-130.01790921526234,-78.1722462078114,-2.312717144031174,-65.52168908700027,53.44840275708997,-1.2439633878306213,306.1597509700096,-4.740089880412423
9,8,0.0,50.97426464996588,-60.99788371523529,225.57773578243726,127.5146828445198,-22.501081700237705,121.20344511602018,-93.84019951944836,-6.286637131947273,575.7500551102479,-4.249536403523057
9,9,1.0,-52.09111882583858,71.05727274349219,-336.29079922882335,106.17084427157093,54.53133422897335,320.82563797580843,-16.051252288664504,-185.0050556492067,-599.1500194935128,222.06523857636935
9,10,1.0,52.91247051717138,-74.26904852995226,463.1566695387712,-145.9314095197484,-98.67999009149166,-277.17217042474135,82.07461040434688,357.758641558708,760.1434802422266,-288.35216601043317
9,11,0.0,-88.6728907604317,110.47844012059251,-666.2768319475325,-455.010697658374,176.55933001653173,-128.01489776181143,202.61538382511563,90.50547142953438,1252.7133867422842,-98.28353012593372
9,12,0.0,144.93520577249186,-172.88250507486973,982.6006069346029,377.04539038376214,-306.7743005596422,446.677068200181,-289.6794919764314,3.4396213155661868,2459.133925092107,-44.71501566110326
9,13,0.0,-242.3622878778721,289.3510613955292,-1493.8824711178872,-753.7297804309061,528.182616029005,-801.1917715840348,525.0497759024702,24.750172950223394,4201.053415648184,-10.199166669221277
9,14,1.0,249.0438080961457,-334.3734876419088,2085.471348889906,-694.6872428604619,-826.8794994388127,-1995.7749181229362,129.40064209426635,857.7200829825485,-3040.3715637600294,-1049.928150965145
9,15,1.0,-255.6103005947072,355.72152539254654,-2778.967474346437,890.2507584566193,1228.74705563999,1640.310164459013,-527.2670348505943,-1645.5975528825668,1624.3386220620155,1307.0957862730888
9,16,1.0,259.52486789654967,-366.97236100876813,3579.0024469330424,-1182.4363155964168,-1764.305973296667,-2423.0396552315456,858.1877945884011,2338.4568511333878,-181.87281901738706,-1975.8103131700382
9,17,1.0,-266.1001452836701,379.18310680112535,-4511.878699958779,1515.0942585974096,2483.268887251211,2935.438929238202,-1182.6251513517852,-2940.7798257118093,-1059.0684186930478,2267.709593917705
9,18,1.0,271.76960524428654,-385.5008417490791,5592.944597900429,-1910.2992608571953,-3443.7359327196978,-3660.8200446466662,1534.9812853643991,3433.564932141687,1881.19357908308,-2671.4564693865864
9,19,0.0,-452.497536092213,561.3425392284846,-7117.120050456245,-4163.572354227465,4816.022750381111,-1035.7992744140254,1507.2432113526704,859.2545846157096,398.3981050605497,-883.6281776953145
9,20,1.0,464.1200089235286,-632.2688155985043,8880.989262763285,-3274.3243274045167,-6650.287661632948,-7707.517875718122,1050.9966221797392,563.0661464040771,-4245.857410120958,-1272.2162137165087
9,21,1.0,-475.91199442806135,668.0866504720153,-10929.50084946446,3745.3874279022148,9100.110327169516,6499.202083098295,-2443.373893360411,-1586.1517484100268,7943.128582012383,1084.2202753230665
9,22,1.0,491.7553659854828,-690.643425250239,13309.975522006582,-4617.517161599267,-12371.912123596634,-8872.936380201905,3523.0686965447153,2292.0336839251854,-12381.2543094429,-2069.921100346844
9,23,0.0,-816.2840863047479,1012.5877909637651,-16548.177272336856,-9361.508726065162,16896.24346398742,-2232.6264075582385,3361.5472427382138,631.3030566812853,-32177.67512882381,-700.2053761159111
9,24,0.0,1351.366640136792,-1628.8576666246583,21083.560490993812,5451.177900215521,-23189.500959313267,9350.928885810526,-4374.492979671668,-3.838887301285306,-46203.36539698292,-329.5262033630638
9,25,1.0,-1388.9131271238964,1875.2963902061488,-26330.98831133347,9437.179409222907,31597.138056982727,24937.50571666644,-3022.359191648209,-4179.852931099978,53779.5449962612,4872.524828865449
9,26,0.0,2302.454680812193,-2830.533887540188,33760.48907735986,20146.949990939785,-43254.20939570772,1266.3478227936528,-9272.238569007191,-1249.3602936763132,122597.76539711558,1743.76571210655
9,27,1.0,-2363.6257538473265,3207.5153712888464,-42367.574245035175,15552.735615597563,58822.76115181525,35543.29531681402,-4059.9104958925986,-6306.64531176714,-63552.18326384113,8844.803054451068
9,28,1.0,2427.8227478007184,-3394.8178646106503,52361.267341248036,-17885.50463237479,-79602.31764060202,-31589.00509752825,11237.593176342643,11827.207713895728,8221.046441136637,-8517.32286765443
9,29,1.0,-2492.754227969895,3521.1563343438065,-63968.357000954886,22115.64753384424,107328.94855630661,42526.214553662976,-16674.54204691825,-15763.731810564632,50419.19395341429,13532.587858462564
9,30,1.0,2559.919802139746,-3625.51678465873,77437.86870787352,-26985.291658850696,-144316.86879617916,-50052.45234338446,21664.349460103767,18243.608701549485,-119339.04170181768,-13210.235256372973
9,31,0.0,-4246.104663952558,5276.165101932707,-95533.65757596977,-53416.78241330937,194450.5759933261,-13451.988266004075,18483.118817339873,4788.290464958562,-326771.27335357305,-4142.447060522293
9,32,0.0,7040.556438985365,-8497.724054808461,120569.08542970056,30113.78903031613,-262655.15931438364,53820.681280863166,-24124.95595095648,350.22653516038923,-454582.5640381123,-1783.782672029514
9,33,1.0,-7230.13258141244,9759.222580437436,-149538.17050358947,53893.205087353504,353648.3596457104,141853.84734125377,-17638.90165178714,-21485.64154274618,577211.3814696877,24985.6582166995
9,34,1.0,7426.9286088244635,-10368.843491574977,183151.30220700434,-63121.52277062528,-475012.6289312805,-104660.83080514014,41144.697752297456,36021.67568968508,-741860.060594079,-27240.319899623937
9,35,0.0,-12315.29526167524,15248.32572650059,-229328.3573129967,-130985.63789736993,639195.2416198326,-39737.12659274841,50675.51215661627,9901.969866420624,-1710815.8274633565,-8528.425617920304
9,36,1.0,12649.357054017872,-17200.71595728577,282787.6503205617,-105180.38129528475,-858170.3823230913,-247629.87979662287,32819.08103896395,27019.351301627852,801954.2110659969,-38591.567008991326
9,37,1.0,-12986.814712311807,18178.968029560845,-344806.5392015031,119167.66185580533,1150174.3765064452,203498.77447954012,-77464.97517836436,-50977.61322612764,90838.12171019166,36399.029608108285
9,38,1.0,13338.53483014825,-18841.436416780318,416757.17800437205,-145457.15611434454,-1539512.8102667453,-277813.5295761159,111248.5171432946,65004.069393601705,-1046261.0052509597,-54945.985579654276
9,39,1.0,-13697.710951751536,19408.637587894653,-500185.1138859647,175625.99063396433,2058573.3960139167,322264.4762062155,-142234.56804781826,-69987.55023156905,2147598.230374632,48665.34302415652
9,40,0.0,22713.967854367558,-28215.116898040844,610072.5913226537,335163.57255645865,-2754828.170407031,84627.02011432417,-113174.18201162506,-19125.43290673644,5441675.193856312,14630.484237519788
9,41,0.0,-37666.139693096426,45458.46281887204,-759093.7833486787,-179170.3769736044,3690192.6549605015,-338812.46596946695,144959.21163914076,-334.19553554182755,7940644.712182203,6675.750589805804
9,42,0.0,62462.62168179184,-74938.53411699116,967803.562781487,364449.0312751078,-4949123.771702298,543006.1445346898,-256810.9646349441,-6983.8364567458175,1.7231052267184336E7,172.7460162184959
9,43,0.0,-103583.56139273901,124123.61863600003,-1269607.5598479214,-454338.61613155063,6647408.845711828,-759723.8403029017,354120.2060606428,9731.988546393108,2.7888525425071307E7,4174.414002553543
9,44,0.0,171775.16092787543,-205785.1399523543,1719014.913449337,684286.1669880851,-8944709.79129873,1040428.6948052542,-518765.1374913657,-16525.460238886302,5.5908326631455675E7,-5006.521481275807
9,45,0.0,-284860.7515417004,341241.0485736581,-2405421.883998585,-1007934.9992223191,1.206268536179788E7,-1444983.128687356,762856.0283974712,27233.845273363448,9.567852856093453E7,9122.706071468227
9,46,0.0,472390.66310310527,-565881.4223781187,3475871.1779356855,1546796.6851700582,-1.6311454298868509E7,2059912.2059754748,-1155851.6284707254,-45124.92580065592,1.8395503592569214E8,-14731.678497962437
9,47,0.0,-783375.6288880319,938413.3183520273,-5172858.504814595,-2411650.132498174,2.21287231611479E7,-3022065.527007766,1787147.6615157956,74737.77365693139,3.244035974128618E8,24573.787782003947
9,48,1.0,804497.3484058954,-1083453.9521207882,7140754.178781339,-2389998.7095186687,-2.989208412415275E7,-6924170.4042191105,462003.34623405174,2771485.605012334,-2.7420767617329407E8,-3359781.6657047137
9,49,0.0,-1334116.6544799763,1638279.7641613705,-1.0210430492051266E7,-6945863.749511339,4.050218845811763E7,-680340.6142550239,3454941.209540491,803177.3207993645,-5.241192023001845E8,-1227632.112881025
10,0,1.0,2.713708237926121,0.5657491698149648,4.385178657350828,2.37379234531191,0.9749666258178163,-1.5049445367905634,-2.7487522518896097,0.7515773221032689,3.2948857410791987,4.256344967796193
