15,1,0.0,-9.574217212307188,10.384819394322612,-19.642894753613618,-20.25884537826898,2.31493026431733,-8.803683530462724,10.16747677655735,0.2794919694121078,3.2791836735053357,-0.38513850165445185
15,2,1.0,9.228456862653871,-12.532725529481333,36.427794499935445,-11.494911774851822,-7.745983123388494,-33.936070427931554,1.160320343534584,34.24601580792375,25.86491061327049,-41.16121348973687
15,3,1.0,-10.454126792387985,14.099736691947419,-58.01376436547435,13.436032465146901,16.88832281842821,35.462127374726784,-7.354060073505334,-70.6792129826194,-74.60115482466206,56.571390558809114
15,4,1.0,10.912703693579214,-14.259844998463391,82.053722342656,-27.19358366955092,-27.846175265917434,-55.28567591646303,16.504085394220724,102.80415472271204,143.23603068626764,-87.99057081596891
15,5,1.0,-11.361427345143472,13.175048893967826,-112.84141026551444,35.50217583690809,44.89372426038987,76.00766461945082,-28.372577281824825,-128.6742775667649,-208.07591349387923,99.61863791859926
15,6,0.0,17.62537792122818,-19.60185111335129,156.5937631674034,98.95251648928773,-69.4454631882146,23.448251210422658,-42.010978686995905,-33.96143789151921,-325.12398621534487,31.080675696141178
15,7,0.0,-32.027761579539956,38.50099260185051,-230.63474562662176,-88.95712175615284,110.19903145257909,-103.93443706069297,65.4151495985595,-6.436410157634177,-651.5086325389167,9.811398816869694
15,8,0.0,52.15423375374689,-61.63373809200037,342.73198250995455,164.73816440906646,-172.2970211007919,184.4054772475143,-118.27716297599805,-9.863052512716989,-1092.3423154388165,0.23537148981731443
15,9,1.0,-51.03107695952565,70.35105942780321,-470.6210079518485,158.22025247781127,255.19736109832095,448.42233399187313,-30.391038238151687,-175.3323767502469,866.1837962023035,215.67971077971035
15,10,0.0,82.84912359554579,-100.59809831614565,664.671449042428,445.7419936090917,-380.68875793001394,45.84146957755975,-222.9367943474966,-53.42062652904478,1820.014876280884,76.77715195742823
15,11,0.0,-138.60136610294438,166.85442138408985,-972.5030549471988,-369.0553428448993,578.9998155610247,-405.72944507621804,290.9580978618501,1.8936759821490396,3012.4620505066478,36.68486383257757
15,12,0.0,229.82930519697206,-274.38669336309596,1462.7577086006797,725.6963653157832,-883.0341907914571,770.4793361057608,-514.7173099895113,-29.227346586246256,6007.339820103798,5.168582210790742
15,13,0.0,-382.7420785850935,458.3726738412162,-2256.0774035323725,-1095.2559085592775,1366.0737960642991,-1254.995146078115,805.4090531824959,31.808676706587722,10228.709914381996,16.311882465916057
15,14,1.0,393.9724348678728,-528.5172188021479,3175.060718295012,-1049.7128185086906,-2016.9249326029342,-3048.9144487020453,192.34574981484425,1366.8213967739036,-8114.959671433518,-1654.1259281673351
15,15,0.0,-654.5557431889122,800.7113362559793,-4631.521039598385,-3213.68098182406,3014.572715714264,-355.1064858218666,1607.7435062051254,392.9632439859427,-16680.184022974678,-605.0455118497445
15,16,1.0,673.1942896816007,-911.3784468093827,6321.958882582796,-2175.549537166607,-4352.471103729706,-5358.950784765232,430.1281672100556,1994.7414996140596,12223.705132240435,-2832.83964548193
15,17,0.0,-1117.7599464160603,1373.5268423249738,-8945.362312264635,-6039.332502657849,6357.685465824604,-936.3949436168157,2991.073419212041,595.3069985053718,18602.221810666633,-1071.108306707338
15,18,1.0,1147.1393117433474,-1556.6029137363969,11983.856855801072,-4180.533854026897,-9044.19131991289,-10244.380885080463,868.0639118489781,3437.807205306223,-17451.297470936785,-4899.310257139985
15,19,0.0,-1903.3680161161183,2339.7464111102527,-16637.42573191196,-10999.087050001164,13000.266571068929,-1607.1336679868812,5408.689322804213,1022.1280059498706,-39514.23339907566,-1854.0620426626463
15,20,1.0,1954.4956371820356,-2650.7774046760283,22033.35567205205,-7757.590111291029,-18298.73321821981,-18799.912175758425,1671.8604021852288,5780.101609160649,24601.54168577456,-8276.206799278787
15,21,1.0,-2007.967749627225,2806.732631993352,-28319.346509324012,9352.449984580813,25387.993842845513,17226.13056441394,-5676.735579122048,-11529.160216968634,-13647.34615709169,8533.732975128996
15,22,0.0,3328.2127271722893,-4120.824830651995,37572.57309817272,23218.184032142497,-35491.583282371495,6472.01844759315,-9705.106475796514,-3097.8106830642746,-4091.2713512686696,2672.5831178263547
15,23,0.0,-5521.2208923462595,6658.709617685162,-51519.91037756057,-16808.540338587653,50050.52018163027,-23345.026619832548,13191.96025126303,-127.44865272153824,-34741.64177233257,1190.953937507933
15,24,0.0,9154.8862267369,-10981.308968235542,73008.83388051359,33243.47381972879,-71261.73391960782,39896.80203521335,-23411.92738112723,-1035.0255731436102,-24154.363726958843,117.53932105043158
15,25,1.0,-9401.103359899778,12667.429735833151,-97919.4376131965,33560.81288526887,99652.21879708013,94435.71112677758,-7240.459157711997,-31633.127481756062,55320.20806724399,38613.99565561824
15,26,1.0,9654.488153776458,-13472.442844055005,126917.06127310792,-41638.27040603985,-137615.36934914422,-73812.52115126292,25179.080494238264,59830.297315740165,-77953.2940586603,-47165.82515274071
15,27,1.0,-9914.165162662008,13991.597801570051,-160690.03132978803,53845.2959278369,188340.34169590528,108663.03370229623,-39621.93174128739,-84026.0034802271,106366.1076553601,70948.32454892041
15,28,1.0,10179.79765538343,-14417.97766602489,199986.20214123235,-68008.77720789576,-256073.29230794148,-129649.20763359121,53532.36520228826,104231.77845187005,-154722.18737352238,-79719.70305244523
15,29,0.0,-16881.783918329136,20968.63824145604,-255493.35579634487,-150292.86142136727,349679.3712608884,-37995.826503911914,55322.54679789944,26509.119771258604,-486751.95266398136,-25994.891227325086
15,30,1.0,17337.224148334386,-23598.59847311238,319801.0107600105,-117549.83532945406,-474657.5628304123,-277733.87261956267,37263.00019864823,27014.999303506185,91690.15754256763,-50221.494999039984
15,31,1.0,-17805.248062120005,24928.839503147592,-394482.2547769551,134967.66638109938,641452.3201997178,234667.1941094957,-87776.02253192641,-66222.56948335581,295058.2798459067,47223.53655113685
15,32,0.0,29525.923650480938,-36573.86976989085,498386.9296314424,288333.65103188244,-869583.0613955521,82884.95832327305,-112798.85100744352,-18985.401675050984,1023616.2049099787,14017.896013196865
15,33,0.0,-48963.9564055262,59058.67503322687,-647218.5915348772,-179213.3653002559,1183293.9572515178,-294037.764893841,144816.6160351476,915.8793612439708,1226224.6889818998,6917.17620522484
15,34,0.0,81196.33955546647,-97401.68767918034,866801.139654935,359085.74876042,-1617429.9059972242,481809.52389170654,-253921.40048036323,-8698.969276778673,3130269.9768633894,-436.11219430045065
15,35,1.0,-83386.18803264179,112346.33676814193,-1121136.7256405284,395127.6804031783,2197106.8829551516,1089568.0863947412,-94924.86971559108,-270836.23609703017,-1261546.5973616545,329635.2325842783
15,36,1.0,85634.32316394965,-119504.9838573453,1416855.7309609493,-475086.46501940605,-2970777.2423040243,-812251.909183003,292789.43775767944,498109.89369894064,-516535.28466618335,-387252.226786428
15,37,0.0,-142011.61961543676,175789.59429745874,-1843440.2679509548,-1110621.8299089258,4029935.3479638305,-333388.77969540976,454711.4876463842,133599.0900388941,-3209341.639966039,-124242.64621977811
15,38,0.0,235499.27263585385,-284008.26670608716,2474936.4405384287,760785.0881426581,-5488044.430573015,1132291.6150657414,-603990.8299655035,5629.648680787843,-2878146.381381126,-55524.03992075773
15,39,0.0,-390536.7597176377,468463.9872972541,-3433890.470083612,-1511800.4948350964,7508485.436554161,-1893064.9454121569,1066487.0522635714,44081.86952159064,-9384929.932985868,-7330.029320111979
15,40,1.0,401065.0721177979,-540346.9851270495,4545169.856157094,-1573697.9647680565,-1.0206429162507249E7,-4397164.917157704,353427.1669406457,1334698.960351927,1854066.1845320354,-1630775.9476531406
15,41,1.0,-411879.03542407387,574774.56322017,-5838439.533046561,1930357.0284964077,1.3807443659438383E7,3377843.5114316517,-1175263.4417518284,-2504449.0518760346,5388581.751345366,1964787.548820335
15,42,1.0,422984.3722743678,-596927.7641528796,7343865.976319942,-2474986.0579719357,-1.8612152932966568E7,-4964682.78672356,1829197.3610248195,3491726.3150576185,-1.3393518222960928E7,-2945018.295158258
15,43,1.0,-434388.902588694,615251.8046798614,-9094886.762773998,3106183.669596829,2.5021209067002203E7,5888611.7713526245,-2453816.014761964,-4299810.896682775,2.325917567560805E7,3276591.607887942
15,44,1.0,446101.4681377466,-632588.1744939128,1.1129587075875964E7,-3841121.5036450177,-3.356858038407876E7,-7268100.731005237,3120026.99094722,4916227.059224346,-3.622721942467352E7,-3806672.394379295
15,45,1.0,-458129.1490040317,649893.6797160606,-1.349172316673917E7,4695250.046080174,4.496590502782931E7,8767557.316571223,-3867631.5388993146,-5318205.62724219,5.378260437965324E7,3943328.116933919
15,46,1.0,470481.364019852,-667502.011643452,1.6231666968280004E7,-5686813.401778404,-6.016161143207345E7,-1.0540311883677969E7,4724009.534465625,5475325.074457133,-7.776998445316084E7,-4043714.9965703464
15,47,1.0,-483165.15012445045,685526.7375734367,-1.9407468874589056E7,6836896.745819743,8.041969967124063E7,1.2583510096255999E7,-5712502.592906261,-5350411.781793966,1.1053813821241927E8,3824696.5074526444
15,48,1.0,496189.0728087742,-704013.5765530426,2.3086027798516568E7,-8169848.543419495,-1.0742474201916753E8,-1.4953554432075186E7,6856358.027559544,4899549.407615254,-1.5512502538014176E8,-3421330.1154522314
15,49,1.0,-509567.106431614,723000.229028055,-2.734445179581409E7,9713718.469863944,1.4342183284040326E8,1.7695612654009424E7,-8180743.112334421,-4071554.8150781314,2.1549919763950846E8,2681322.9184632576
16,0,0.0,2.4464197847142986,6.054815029814801,2.7261193077877315,-0.345412000193122,3.6520621922081675,-1.0077996148043717,-7.568258040230223,3.524640357280618,-3.364057821764083,-8.154664082963045
16,1,0.0,-5.172748992892815,3.6197057182882393,-11.815223180093513,-8.110600581570873,-0.5461874754801539,-2.224362551884313,7.56425499211121,-2.364739119772051,-2.917186012425553,-5.13552465138745
16,2,0.0,8.557935132580031,-8.816935189980617,24.99722884092891,16.095569331572605,-3.816683492293313,10.671703043577036,-12.767876289870237,-2.4506643002648,-0.2709805029516996,-5.480526994573006
16,3,0.0,-16.095799245675845,17.481616104054606,-54.13596249848906,-36.66107482706874,15.52942404802209,-28.645538226732636,24.14911376260299,-0.8543443888461886,-7.665487755617565,-3.013368228003471
16,4,0.0,25.599096661552604,-29.283614863998046,100.12558754726908,58.949824769430435,-34.52800802564774,51.616845366215074,-45.00406297220129,-4.337447613473361,5.6228914169326005,-3.092275567417211
16,5,1.0,-28.277114246210047,38.65209152497473,-156.3662603268182,45.69387265061513,61.240858928744544,147.86751438119254,-4.58070648258103,-104.16293118659166,-61.39596654456121,125.55110902561152
16,6,1.0,29.599701652384283,-40.85373116378181,220.90143382824587,-68.502119842353,-97.10100997885523,-133.18374174111645,36.89711735213054,204.19075528733347,183.7762622460719,-162.66435814365556
16,7,1.0,-28.660765510231627,40.6315605739271,-296.5263700780832,94.97396960616662,144.13291259949952,201.08420220703454,-67.5004832232327,-289.73897151974273,-329.22407381706523,246.21688471389038
16,8,0.0,45.58931291706289,-55.92977321265054,408.5688040339283,264.2903396865227,-213.96015894946183,63.696189729586436,-109.93932182837615,-76.37924421925429,-448.09265508056575,82.87231965619529
16,9,0.0,-76.98958132327796,92.93919424660196,-585.1953535389413,-213.89457454541315,322.41425599263755,-260.7761416693588,163.69975664429197,-11.693261434406832,-987.037508824515,32.03378476150727
16,10,0.0,126.43145074137628,-153.7613982768126,860.776055506112,419.0808366802923,-491.55821612611,464.0244299683906,-294.8551283552013,-18.38058861039232,-1526.6764504901482,6.352984169589041
16,11,0.0,-209.73358603539154,251.72074608886828,-1305.0557439914446,-617.463551831996,761.3008493215788,-736.4148828366613,456.2439263354501,15.822175000657918,-3216.209441234526,8.398170741209508
16,12,0.0,346.8803876475064,-417.43545839587233,2019.3591169631927,1005.138871820665,-1186.5673447903987,1145.8805972525115,-734.8793336760706,-35.52113635940781,-5216.390243945641,-10.592722172224775
16,13,0.0,-574.3719038850419,690.4667412961121,-3183.001506895391,-1613.1044482187167,1867.9772492795892,-1801.828141286338,1176.3295792220342,52.538440168536184,-10587.879958070958,17.296746524821806
16,14,0.0,950.8307919861251,-1140.4621936006254,5083.330839792026,2623.027122168787,-2962.1470369753088,2861.5898079955673,-1909.0960661155966,-94.01298686426722,-17705.365216660288,-32.21041357024865
16,15,1.0,-978.0081112582961,1317.7230068820134,-7293.146167179658,2371.2643942364743,4437.204633876935,6997.277409874883,-397.73697966961817,-3423.1031492010716,13651.996973074954,4148.535791491342
16,16,1.0,1003.8648270672679,-1400.7179245391262,9866.910289926001,-3121.69880099644,-6413.285204006849,-5853.128431445357,1821.7532542210354,6615.524805276591,-8644.94372127255,-5296.79162761003
16,17,0.0,-1665.2774217497158,2061.102233903444,-13842.03955864211,-9145.550799953176,9376.086149345327,-2625.564899388901,4006.9726416273897,1745.6245082604014,-21776.32912056207,-1734.4436227456017
16,18,0.0,2760.983875567864,-3329.449116083019,20062.502130068482,7499.478590836745,-13869.28864275899,9140.622553715324,-5742.440724163234,106.94950660695135,-32317.638555619094,-763.607728000503
16,19,0.0,-4579.216079231821,5492.578944079003,-29942.31087865882,-14704.329501140915,20763.660148752795,-16155.704148553195,10311.939360642125,524.6783294630428,-70706.54878288215,-135.48501755102663
16,20,1.0,4702.718114410079,-6335.7300391474055,41398.58271353471,-13864.71452859233,-30012.785378664816,-39688.18943655357,2705.1096210392097,16122.539466677239,51528.02662223774,-19728.710553946534
16,21,0.0,-7799.942969532162,9580.052236633528,-59292.14653155127,-40418.922420990115,43883.04228352665,-4201.223057677741,20096.797139191636,4674.332429131903,68045.09580090991,-7227.079720196858
16,22,1.0,8011.307694257861,-10868.255986406957,80058.68118245475,-27761.643875588226,-62471.288149376094,-67759.31077846256,5661.419162727013,23624.60447106045,-72828.66405337406,-33592.15598808048
16,23,0.0,-13284.771909131738,16342.908694038992,-111985.31416199758,-74674.21447114466,89870.8877138025,-11396.04378280744,36831.91093085565,7063.189538026303,-185706.22168039446,-12681.545697415959
16,24,1.0,13642.555803927615,-18515.3670845522,149029.67041015465,-52269.51622872934,-126564.94674244813,-127328.08102722146,11110.781139342153,40637.12427792377,101467.6626244712,-57947.48796154169
16,25,1.0,-14008.968968627867,19594.262891631934,-192163.43329998184,63273.56483682568,175651.4105504707,116961.85965698831,-38312.786545527924,-81206.63536886561,-41441.91529247644,60331.62322715004
16,26,0.0,23231.846778165975,-28772.078454996503,255908.02299085795,158903.20592857405,-245661.46954763733,44259.41663994485,-66657.06842958553,-21789.575136041047,68837.13645480495,18945.05977628349
16,27,1.0,-23856.1360769595,32445.425875908946,-329831.311769941,118486.6229896926,339275.4918426085,288132.336740203,-32700.77619283631,-57622.91709140916,117822.30659850509,82811.9462449376
16,28,0.0,39557.884054664755,-48684.57256583949,438822.819376816,276136.80585102324,-471852.64262926014,33784.38191571005,-130956.95372310122,-18055.07970671236,481841.07124257303,30991.109631444186
16,29,0.0,-65600.02327917173,79018.25325709567,-603369.383982899,-196332.44221741045,661508.22366617,-253205.2872408356,161944.8404298265,2935.0535531063133,518957.7374740691,15673.45741361759
16,30,0.0,108783.65648024638,-130457.77111406565,857384.1063433359,392922.5138918864,-935762.532062182,458475.5086908332,-279402.9946616932,-11205.390685192624,1465562.8921674234,2586.6593539869314
16,31,0.0,-180399.53449063483,216149.14887359383,-1256842.9840241612,-562046.0453832132,1336922.7553126777,-714061.9739843025,420977.64510202844,17028.741760627974,1943036.3252935684,8367.628931097095
16,32,0.0,299160.26206679584,-358379.6578391051,1894149.475229615,905133.3162593384,-1930675.4392260818,1087252.2872036796,-665021.6867540381,-28581.198670879563,4622183.592872093,-8124.883661130873
16,33,1.0,-307226.08466409676,413759.13521595584,-2633277.435985254,876875.0130012804,2726004.3307926017,2544365.041821672,-165345.10160276678,-1062043.6203302334,-2861039.0364844147,1288341.0900434614
16,34,0.0,509478.19607539213,-625636.9561247363,3791268.4918382717,2597850.6874975553,-3886641.9823967777,265445.10674093146,-1295523.7046589837,-307569.6629492477,-2963373.712618034,470921.49301884236
16,35,1.0,-523214.4448561346,709776.3550176803,-5135352.204915987,1776426.6410838952,5440296.172717114,4345248.447284378,-358046.6185580953,-1544480.8848904923,4500456.482383506,2195068.0032783356
16,36,0.0,867657.2623184366,-1067197.0434856706,7206315.658764771,4821850.273194254,-7682357.638443143,740650.9339088165,-2381778.0224018167,-461747.0350842788,1.2649934513722386E7,828557.5044968895
16,37,1.0,-891050.3901745129,1209344.8287722461,-9609443.074519731,3365050.7367109973,1.0682064772032062E7,8212079.808113704,-710519.4634972691,-2659064.916355131,-5415294.801009348,3791002.707698564
16,38,1.0,915072.0794960721,-1279944.4919563436,1.2407799361501971E7,-4080721.347034043,-1.4691821953792388E7,-7555174.64327716,2468125.1810153415,5320553.136719443,-406825.3996472096,-3956622.7608200572
16,39,1.0,-939744.6067697249,1327185.9871255865,-1.5666411806145517E7,5262005.688757334,2.0048027554587588E7,1.0474837601913828E7,-3875364.960290009,-7584890.686478919,6407957.93770478,6604678.919670052
16,40,1.0,965079.0872605307,-1367234.1004060286,1.945765304643103E7,-6628444.449724828,-2.7199013834003802E7,-1.264688124440427E7,5223797.132478116,9460728.703650042,-1.4141620589810193E7,-7126223.12479756
16,41,1.0,-991096.4733243978,1405525.1545448035,-2.3864098907467473E7,8219804.920772422,3.6742300558927976E7,1.557747145756202E7,-6664538.909918978,-1.0921362955796352E7,2.5266507978317283E7,8558191.449639745
16,42,1.0,1017816.4633137924,-1443897.26580061,2.898063419715222E7,-1.006961383945052E7,-4.9474223790418334E7,-1.8844495111347046E7,8282708.312186963,1.1917516170325123E7,-4.168070904357753E7,-8818014.68115716
16,43,1.0,-1045257.528121298,1482985.9669322043,-3.491653623693444E7,1.2217447478526043E7,6.645610115422705E7,2.2678882905241452E7,-1.013717643287581E7,-1.2383225442427695E7,6.566684378500205E7,9212292.973852733
16,44,1.0,1073437.218861976,-1523020.2675226529,4.179771580903116E7,-1.470907885670915E7,-8.910238582654788E7,-2.71082276781454E7,1.2278338070115078E7,1.2237932744961748E7,-1.000642817155573E8,-8772720.09277813
16,45,1.0,-1102376.460578663,1564101.8371089078,-4.9769292938832946E7,1.7597289747983526E7,1.1929817545410411E8,3.2243650410473935E7,-1.475651852820296E7,-1.1386458976316156E7,1.4848475052877772E8,8028225.604594425
16,46,1.0,1132096.1444368733,-1606274.2312645481,5.899851256630319E7,-2.0942963076812517E7,-1.5955580013912874E8,-3.818684882275112E7,1.7626267406616002E7,9717801.49320563,-2.1558971752357757E8,-6491329.790862646
16,47,1.0,-1162616.729152406,1649580.6171407844,-6.967813909080493E7,2.481623727312349E7,2.1322353886972174E8,4.50638023059628E7,-2.094891249449291E7,-7103216.177670504,3.0745260227494115E8,4329851.839218433
16,48,0.0,1927991.3593496415,-2395647.7082785973,8.31525797080033E7,4.41094736767829E7,-2.8512913756394035E8,1.098680669151328E7,-1.3898767013738524E7,-1900744.451992551,7.189948079712244E8,1217942.1377794002
16,49,1.0,-1979972.4308167133,2695375.1285747876,-9.871935058938412E7,3.783802592751713E7,3.8098576310662043E8,8.548712116494422E7,-1.3740201754337884E7,-1036744.9770034478,-3.1321516057487136E8,2074058.3512708908
17,0,1.0,4.807268549977789,-0.8222806139977158,5.281259195435227,3.552889971280709,-0.1358736501282043,-1.9078938694326941,-1.5379783826393025,1.7093426929254067,6.894420918611364,2.416873635334923
17,1,0.0,-8.772391432340392,6.926647107830812,-21.207382142934545,-15.525049937584116,5.44940413099511,-7.702729403958117,6.9447339616939985,-2.9910279853600272,10.775342717012139,-0.9352393549134498
17,2,1.0,9.982757496916772,-10.112478294011764,39.49228695872281,-11.277839691854327,-10.744784771479887,-35.713541091384485,1.3274726423120584,31.234946803689127,17.103369480804403,-39.556801351218404
17,3,1.0,-10.84866790965755,13.637665737560017,-62.501518919993075,18.1010694180542,20.37355372425817,38.49170171742738,-11.36165761946763,-64.58899575220859,-60.32059460930951,52.69749687280117
17,4,0.0,18.03613932892853,-22.58323749968936,96.97252182535283,73.04079685994867,-37.503418173567965,20.208376710225544,-34.89341289395718,-19.1186754441232,-79.42504190895612,16.552903488630644
17,5,1.0,-15.697697447903879,23.9731199000792,-135.21641455375723,44.60256741700258,57.08319579914879,118.27065450316614,-9.150040373680673,-45.254313802955096,59.04075919930007,66.16409243622185
17,6,1.0,14.58092408229205,-23.83030559965687,175.07850250472043,-57.58446672277721,-82.64162894529417,-103.63205998726151,32.610846755982855,99.94022733044814,-2.4936482882847275,-77.55228837351007
17,7,0.0,-25.98876488957107,32.676784391107084,-240.1304611444178,-155.7808844006045,124.80198350739407,-47.603558912715464,65.14610587326634,23.840668591668848,-83.99003429673473,-27.381689951994957
17,8,1.0,25.301168429636487,-34.54129175256959,312.63951638094926,-113.5713164393088,-178.07360984585085,-275.3696078591127,29.436376241392875,62.0295093728403,8.854194645712946,-94.48746541554398
17,9,0.0,-43.8637266804004,55.966938248797206,-427.078221156062,-279.7073057267059,259.13513317326635,-36.50868403664352,132.07948528648922,16.86403191066615,-130.4732491407825,-37.61744972082241
17,10,1.0,45.218857237243256,-61.84138732023835,557.8289812631833,-198.42929903626094,-369.2041412972078,-474.83028963765673,43.9489068355492,140.86270764588693,-3.9525518354570544,-196.78598920041722
17,11,1.0,-45.35078465422423,63.49036515957249,-709.5511190964776,235.84031611056133,516.1211933414171,431.9706720270517,-146.0376289998611,-263.9043849437967,95.18037704795404,190.00199559068935
17,12,0.0,72.81212754816498,-90.7075934857238,924.7242371731224,558.9700880166356,-723.3248201769582,155.00958823259108,-229.69669897407218,-71.47478755851688,605.4393949232048,56.91498064331834
17,13,0.0,-120.50124117220194,146.3093885852439,-1245.8804615979539,-386.91572023464687,1023.480184274634,-564.0960025456933,305.5110738703809,-6.751476186835234,554.1521981084692,23.905664385156687
17,14,1.0,122.9206032800227,-166.6405535305519,1615.654877420579,-565.0814287140067,-1425.6668697117168,-1528.6157788405637,159.22123805023693,418.3190128135261,-985.8888251957134,-492.39356475241254
17,15,1.0,-124.43866322694329,175.1844447259848,-2045.6192966876365,683.3177428352166,1961.9822969754819,1186.2917779440947,-432.42916138494417,-750.0331736469182,1370.1843893424711,586.8077575673642
17,16,0.0,205.96250997211382,-255.0115122212685,2662.0199005846816,1604.2293676436655,-2716.213389906207,474.6198382530886,-652.1258404958487,-202.37303706413374,4086.36982268149,187.4306860337272
17,17,0.0,-343.0607180108748,413.86544060880857,-3580.629014493797,-1105.6686004004735,3791.2314944374707,-1634.063095506062,871.7938357403366,-12.434025736396567,5414.783735897939,81.8056156934
17,18,0.0,567.3603733828579,-678.5598279430553,4969.339696539694,2185.3952580728555,-5334.795328827071,2734.2218914838986,-1543.6246519744516,-65.97269120337538,12848.996770077185,10.523599732671265
17,19,0.0,-941.8553260344761,1126.4257403750935,-7131.491348605129,-3072.832235789071,7579.722636518822,-4115.001270483163,2306.9275701630104,84.8458102369409,19327.517304831927,39.591497887403044
17,20,1.0,967.5886372729794,-1301.606959669239,9637.563409769584,-3276.855056805929,-10581.230626387036,-9358.364067963073,696.3962930778775,3287.9635908170458,-19207.440555589204,-3980.2768134700736
17,21,0.0,-1607.451409143283,1972.5839450838207,-13493.960067939643,-8971.926197162564,14901.762102475037,-799.492308453265,4416.918960219425,955.902479321034,-43732.6069538119,-1453.051442139038
17,22,1.0,1652.1093463144816,-2239.1819652096992,17970.539025229402,-6300.585053009883,-20684.343420996054,-15161.894927577585,1349.0325424568314,4815.024601082409,25389.320506957214,-6831.721580254343
17,23,0.0,-2741.6611377631148,3372.974069280309,-24779.10318743627,-16265.086513263941,28932.468031182747,-2440.418265859575,7970.556764853281,1441.4055548675,29956.15832320107,-2576.055787474982
17,24,0.0,4546.1764777059225,-5474.991314612824,35321.77266055702,12603.785769862767,-40820.69483591568,15043.74856457135,-10202.107735793548,-158.78014165449818,77160.92068022823,-1267.7813727395217
17,25,1.0,-4669.300906338262,6297.441844175964,-47549.10919091497,16110.678592329852,56728.04802669685,44417.85276980437,-3938.985795830586,-15959.677632153529,-38457.46423935142,18599.029459706155
17,26,1.0,4795.44705624803,-6693.939309138711,61786.469674770764,-20231.319645874286,-77990.77279688074,-36449.684575380394,12419.507628471962,29994.36365848414,7243.161772861491,-24150.544041584628
17,27,1.0,-4924.1990443222885,6949.882000450246,-78370.80537751231,26217.39652896873,106393.15467012656,52847.88336915337,-19364.24491091283,-42111.14853104982,24745.19545630807,35215.52074093569
17,28,0.0,8163.612158007599,-10132.411789400812,102418.65535562973,62121.10790718748,-145856.71776805475,14808.885802382114,-24102.24195897035,-10860.206606830921,130143.85508095536,11839.366328770184
17,29,1.0,-8384.552455731797,11408.606232666241,-130300.74575735236,47286.786802783376,198562.56930856776,112938.25167398824,-14167.169548001011,-16248.035429147221,14959.960538539866,27679.13949255738
17,30,0.0,13903.645034025383,-17112.316438575366,170797.8989399883,105511.74553750016,-271551.05970796343,12769.209287385806,-49291.803078972895,-5404.507923276634,178210.37633051103,10622.098567760635
17,31,1.0,-14279.144157107195,19382.72421837875,-217735.2225911487,78966.91330315195,369011.9781138697,184738.79788505266,-19621.043416670822,-41832.21244089541,66774.25658162143,58032.41506397102
17,32,1.0,14662.631528851221,-20510.54407369738,272287.41875573166,-92063.79987500396,-499090.68951099395,-164291.45813016704,57284.5590268204,78609.23471624084,-312350.9145046868,-57110.887853829
17,33,0.0,-24316.517107967844,30116.902385877504,-349849.8622387788,-207225.77682367776,677259.0615516847,-58395.27770407281,83658.47383377813,21304.02629181684,-951392.279752827,-17650.162022767407
17,34,1.0,24971.417561205566,-33960.40301256702,439716.46260839,-161109.12394876927,-915033.8040886988,-383922.6127170639,47577.753452354285,57348.51144900712,192241.0084550053,-81616.41175041583
17,35,0.0,-41409.96975995264,50961.903007709356,-568202.3042611537,-344618.8020534595,1240106.528055743,-38533.82132510507,160409.6730141675,18212.953716992237,-334045.3734824017,-30369.585387467196
17,36,0.0,68670.63354082758,-82715.81809753705,757028.4719329467,224821.01569562126,-1686910.1618802927,315837.4903458064,-190110.5076235455,-3255.675102752043,311274.7383718013,-15520.292512436909
17,37,0.0,-113879.25061098649,136570.2420227297,-1042047.2461095777,-453916.4907746874,2304884.151639844,-561116.3369020144,324123.47325931536,11704.942103149922,-694336.5184322981,-2309.2532374950074
17,38,0.0,188846.2367623622,-226273.34507718182,1482224.38375505,628180.4677595929,-3165795.5251597282,851930.2597273035,-475802.3011748451,-17863.004103699463,466486.73720145645,-8590.156135936353
17,39,1.0,-193940.88783101854,261205.07715637467,-1992456.0174028936,679849.2594843744,4315694.16409973,1934915.3612701122,-145957.04548144861,-656833.0758650575,1897159.2840944664,794415.1354117334
17,40,0.0,321614.69571576884,-394945.70565391483,2773750.3339242707,1832649.8616849494,-5911751.736300741,158900.2071127439,-900840.3778312257,-191012.02419689248,6789973.712329377,289807.74032723694
17,41,0.0,-533343.2636367632,642139.4727130827,-3990635.955483907,-1458258.0047746806,8144263.545310206,-1643645.5015594107,1170777.0584376664,13322.507748890343,7969332.4047555765,140639.5162167109
17,42,1.0,547722.7631925348,-738730.0256937215,5401678.820530296,-1822887.6829896683,-1.112675317223663E7,-5024247.254141981,438220.5885558811,1885531.5675387976,-1.1962778552580712E7,-2203239.7871902217
17,43,1.0,-562490.7770355876,785219.4335009691,-7045101.169316359,2299472.009746236,1.5108961903091796E7,4169621.223078164,-1407674.7443413807,-3547887.694556788,1.6179894418784626E7,2854627.6542793275
17,44,1.0,577656.9587305974,-815295.7934366274,8959586.343435192,-2990534.2093330156,-2.042371772028564E7,-6040797.103569193,2204689.559834559,4990982.504603873,-2.1687383737397734E7,-4178754.7945294986
17,45,1.0,-593231.2851753741,840263.2500660847,-1.118793265211553E7,3793281.969031371,2.7514606434390824E7,7265867.265479517,-2983602.2737009316,-6211666.372720154,2.9631758323865768E7,4783917.167465984
17,46,0.0,983766.6619087461,-1221906.4783296464,1.435150472585248E7,8489948.12239245,-3.7159250380706735E7,2142347.3245633603,-3143211.5668728836,-1577279.936842963,7.52539830437152E7,1565578.964937115
17,47,0.0,-1631404.024214224,1968832.464910702,-1.8966803828730885E7,-5557494.496515156,5.0335344703745544E7,-8478976.327348975,4332469.683650817,-192545.68548168577,1.1028424731032409E8,648486.0689308512
17,48,0.0,2705390.7774373814,-3245691.5438506296,2.588731334793839E7,1.1089020226756133E7,-6.843014010788983E7,1.4243911375144757E7,-7779025.895559656,-341938.935024589,2.3926629764640117E8,158324.38260237846
17,49,1.0,-2778330.294033249,3743342.9363400717,-3.390540033263161E7,1.1834732557203494E7,9.258192718338893E7,3.284200516963656E7,-2765618.9300290635,-9105257.10468079,-1.3587674514430755E8,1.1197215257076796E7
18,0,1.0,6.048577087326336,-1.615190564124937,5.05189589961296,3.5132023458668993,-2.584023013752999,-1.902088776246455,-0.8752333815128959,1.5195687970128913,7.649793983380846,2.6039418891456787
18,1,1.0,-6.452979038090816,7.397674053185516,-19.045179878147085,1.8279299752152482,6.5492281979478655,14.40042891165341,-2.396696514326559,-22.441054983018482,-20.254811713633618,28.190945335010056
18,2,1.0,5.857816026543198,-6.811426956762244,29.46817431498874,-9.596089266832859,-11.42657019622931,-20.85674771564156,4.228131014747587,39.36885660934805,50.341681607813136,-28.08269077781477
18,3,1.0,-6.551653661743332,9.93630329280455,-44.43338052227815,11.147213073337552,19.332104131278843,32.67168546123246,-8.82971708882472,-60.124463190413394,-84.10889237644798,56.215594046115136
18,4,1.0,7.3388581884958555,-8.845370984446461,62.572153632456256,-20.47531774590515,-28.228551077423553,-41.98723959073726,13.293901832410373,78.7930103182806,125.56537461354675,-58.29017349437887
18,5,1.0,-8.359994609084762,13.373636623452017,-85.10794974854404,23.919502313428303,41.41405775167473,58.03247131588135,-18.290732120227045,-107.62759016564462,-174.9169230982872,90.77765921650762
18,6,1.0,7.5432337004566,-10.026134024938496,108.96634522160402,-37.88013975615806,-58.176157617096926,-70.76439341126516,25.78921644763291,125.46830483827831,223.7143059683313,-91.52119261676025
18,7,1.0,-7.7821410614924265,12.084076611849962,-139.1310723191133,44.99248810117576,81.34824724967744,92.54792692403684,-37.36884808151837,-141.0290415038815,-257.21193437862485,111.4203030446397
18,8,0.0,12.701899708239472,-15.158341492272402,179.35571880933568,102.34648685398122,-113.72985004553811,23.642285991276353,-35.98768571286306,-35.322554866291576,-390.4608434718126,38.034843249701794
18,9,1.0,-12.322558522144567,17.027180108813205,-227.7931110901128,82.61407486418109,158.61662333791807,198.9319595443,-27.348883921147607,-2.674517503495176,414.0260763620425,30.71026085589287
18,10,0.0,20.34844543951562,-24.81137480419337,292.95885537763735,176.21362138814345,-222.32056950182238,21.043257695620316,-81.30066569398817,-4.983455891116268,883.1539595766193,12.52980447589906
18,11,0.0,-34.859445167568474,42.98874820212984,-389.6411416416221,-116.54469041491414,312.72979949246144,-163.6885434533013,97.15720087005701,1.9529997003394388,1444.7034715977904,6.338627810626291
18,12,1.0,33.684074805188686,-45.88526427670358,498.04775116996524,-177.03224032915767,-432.3976124909227,-467.03659830719727,48.201368136354034,109.42774416784884,-1324.4285253197788,-128.05223058858596
18,13,0.0,-56.83835675629233,71.04736810140983,-657.1432427016131,-411.21642817645443,604.9532784494611,-34.72560425310322,194.99777151562253,31.10084614051519,-2768.4921275544575,-48.47131362298027
18,14,0.0,93.23428584642595,-112.60950763023882,896.2922095595205,285.59566385550255,-852.0820790699789,369.6123957894429,-238.38628530699702,-4.756268209228448,-4595.464184485294,-25.767212731155137
18,15,0.0,-157.3718676736342,189.80629283193122,-1268.7118939870236,-580.0631675854708,1213.314011866125,-677.2134835874709,411.9721241765451,13.952289774495682,-9072.93529396293,-6.028878486107168
18,16,1.0,162.25932206494352,-218.58846260144503,1699.04470508825,-585.3345122906666,-1697.8481713349438,-1633.428830402659,122.8925305620676,550.1100916477101,6575.78630472643,-673.7174370723945
18,17,0.0,-270.3086604684998,332.377783887938,-2360.633851247594,-1557.0220930629223,2396.4045549194484,-143.1274921893273,763.9541006840298,158.5094568695634,10648.131229553306,-246.74610504611596
18,18,1.0,276.73984884302223,-376.0764222424371,3124.987762218221,-1099.2377034740146,-3330.504272788814,-2637.322505473291,236.37642130459318,807.6246356198401,-9880.653915415262,-1148.4181975119823
18,19,0.0,-459.58259798263816,563.6414084826462,-4285.459413156823,-2789.9489520827265,4667.763714048847,-416.5197374417863,1363.5604992669673,239.9176351792784,-20737.94354614768,-434.2370843125135
18,20,1.0,472.691558180746,-638.5343879190023,5629.904235860938,-1995.7555546525127,-6456.288983473301,-4802.771751819138,441.66157905246223,1387.037482397606,13420.95776185853,-1977.2322635401076
18,21,0.0,-785.7793710055603,964.3743163890058,-7656.083373044537,-4942.008042727769,8997.763807994834,-696.9497435890327,2404.915793774869,413.5919723152215,19440.891649347905,-747.5640793278694
18,22,0.0,1302.8498132969353,-1567.1071727364836,10762.048568364879,3709.108396252918,-12639.135457198403,4562.20862233209,-3030.461100542929,-47.042014619135905,42486.56057830174,-367.7979355729749
18,23,0.0,-2160.8676764958277,2591.228748907057,-15624.490102506677,-7391.655738543615,17921.46339156939,-8331.220174131638,5247.782389005217,222.62444244791953,67833.97293281747,-79.26624140367198
18,24,0.0,3581.701160933248,-4292.0772912494995,23343.761860515282,10773.388178059777,-25667.988126977503,13174.576799375718,-8021.974746022582,-339.94144238146333,138267.12596928884,-181.92269868796063
18,25,0.0,-5941.326691776861,7116.5849712953,-35755.661011609256,-17491.032621855273,37165.896899845444,-20377.86626289583,12798.872782856763,563.3274690332483,232380.13097622342,151.53673052405745
18,26,1.0,6101.638807090899,-8217.207918070308,50150.67870632598,-16589.676306557347,-52570.11352084742,-48348.83902815045,3030.8403585832193,21180.762377885065,-198621.92205066315,-25700.724618274948
18,27,1.0,-6265.433568865161,8744.57525297712,-66931.1063229391,21414.128360626473,73181.29926713249,39409.01788618295,-12639.823522056548,-40698.33981090777,166679.53211645922,32462.942799332206
18,28,1.0,6435.309271265159,-9081.303057279842,86499.67811568755,-28470.4471281397,-100732.67618933949,-58601.554682749804,20649.410493295116,58046.2553226882,-142972.03856073256,-49089.98537531966
18,29,1.0,-6608.18345902027,9360.728422690017,-109295.59014994929,36673.121431599866,137539.22775194037,71118.44906145404,-28549.262394589878,-73146.81854442108,134231.58634788072,56412.94589403264
18,30,1.0,6787.982260056002,-9624.061569661191,135822.59994494272,-46245.08047657122,-186681.17491038033,-88946.0020431986,37119.184650874755,85789.41370273168,-148055.8469144334,-66937.7284661924
18,31,0.0,-11257.436319318347,13985.245691336871,-173212.8303915976,-101640.96885936934,254401.26812340118,-25256.43007023241,37003.67132974571,21517.135377466348,-420129.7355743849,-22138.319407101993
18,32,0.0,18669.002441039,-22530.77954063271,227395.73407267162,65234.860899115534,-348341.441036975,101448.77310707957,-50904.340326399324,3019.5447896858113,-579888.1807122461,-9045.057647803145
18,33,1.0,-19171.608865698774,25875.659496226293,-290146.0228761375,102345.33948096982,473788.3134065237,274248.49546232197,-31221.582648328917,-64179.64671975169,715566.199271476,72159.43910810343
18,34,1.0,19689.159500615657,-27489.922216757266,363068.01500959735,-122818.72371076648,-641231.2469667289,-209784.32242281825,78674.16640130241,112654.52026066284,-888356.3189841231,-89174.8777645503
18,35,0.0,-32652.491807731036,40424.7392441081,-466832.8103353862,-276827.2522529853,870842.7503165704,-82460.64355914398,110795.84904237004,30278.30627371401,-2115123.3562766253,-28816.766388532014
18,36,0.0,54146.677026745616,-65302.21140188534,618573.6974786976,182761.82712576498,-1187551.3895971484,282582.842815747,-145793.67033355057,1183.391850347731,-3221667.1614877377,-12930.908688611351
18,37,0.0,-89793.68411489474,107713.20060043626,-846605.2658904671,-364322.61413662386,1627385.1480560985,-468369.58512243856,257113.1752867799,10117.052089835934,-6786755.519557994,-1770.1991438686114
18,38,1.0,92213.79538749033,-124239.6730347284,1110808.114283215,-387199.68895085476,-2214768.44124858,-1076538.9399121532,89317.91511902506,304223.53316478844,4176489.984696675,-371775.1681578162
18,39,0.0,-152921.1519079805,187803.3520429312,-1507193.9011174706,-967451.1621547143,3027810.603541546,-74249.57491720631,470073.76374666445,88942.95739423599,5944485.581166349,-135815.62306984118
18,40,0.0,253589.89932117384,-305324.3118978772,2114479.4879795024,726801.5804376694,-4161488.3073367355,866120.0284515505,-592935.8377856888,-6807.999114181917,1.3149366692602923E7,-66148.5533790358
18,41,1.0,-260426.05281820058,351246.73348898895,-2818454.9817972034,962054.1908675366,5675779.362330752,2624350.7041157535,-242419.3644005268,-884744.5554873762,-7447671.22678386,1033719.0781953519
18,42,1.0,267446.09108058386,-373346.8734804668,3637951.592876716,-1198087.289573457,-7697411.9940643255,-2143160.030901977,739726.6433011467,1652020.3279016498,2323411.830563314,-1324009.239434017
18,43,0.0,-443513.33400836296,549041.0263545999,-4850305.869402652,-3016259.3662946154,1.0479349453828719E7,-874283.2640915402,1259667.3318980508,439868.6002221613,-1682786.1259786189,-431891.18475246103
18,44,1.0,455473.04171133216,-619355.6834587073,6256244.957711186,-2246147.4738341942,-1.4192873405151911E7,-5476848.901747276,621642.776895251,1077431.5477659008,-7182286.095062572,-1600125.1622351694
18,45,1.0,-467753.1650906152,654659.2562277192,-7891387.338712952,2648243.6214725287,1.9148111110485744E7,4720673.678166908,-1673391.4213231225,-2308614.4076403603,1.6333900450582704E7,1746641.6559975795
18,46,0.0,775685.770898782,-960814.5453513659,1.02445393314638E7,6153814.050618563,-2.59053923100227E7,1753316.8706418637,-2496701.1506346855,-632582.6128246171,4.432708983302334E7,547748.6321582128
18,47,1.0,-796599.3596654823,1083415.0412076688,-1.2971793229182502E7,4725088.232183542,3.492143294424767E7,1.1336018423797978E7,-1376096.0565708433,-1922575.473027283,-1.3422282393359542E7,2706820.8507030015
18,48,1.0,818075.8190329219,-1145027.1392534894,1.6140805975796482E7,-5480952.795513177,-4.694807052043235E7,-9611024.38667185,3503297.35777034,3883621.088400819,-1.7226867397146676E7,-2928233.7818305045
18,49,0.0,-1356634.6953460851,1680441.434343531,-2.0612700548294406E7,-1.210737653905109E7,6.324442031975406E7,-3473594.199197795,4817976.388636629,1070349.0562612915,-6.655384517044396E7,-914167.0360132743
19,0,0.0,2.9180184639048994,7.2018717481181564,5.135923190820002,1.4260309866073198,7.039644210092024,-3.754605550195934,-11.188965256987062,2.2243711232544126,-10.967151213561564,1.1542455876183528
19,1,1.0,-5.530281110943229,3.77854653316928,-16.054252112370886,2.8138237460925626,-4.960737682645571,12.546286358241321,1.7553448540794792,-12.268266416907602,-3.277513541902529,15.015920412119776
19,2,1.0,7.184728279724066,-9.287729433586199,27.92511792193832,-6.3508381215156,2.214316757509147,-19.865639300825173,1.0274352748497493,36.24068211475782,40.443868047236045,-33.31947864777272
19,3,0.0,-12.287669802977684,14.394400289236236,-52.900564462763356,-42.1106357400357,3.7734343665687247,-11.467502415370934,21.204163278740072,8.214735331011715,68.18320182791709,-13.206994985290345
19,4,0.0,17.226552701917793,-21.055122258838857,87.75053535928498,39.14227479215554,-14.031269873116411,39.53115791078523,-29.979960917071978,-3.093075975764852,134.25735342600947,-8.494388219127071
19,5,1.0,-18.99894287597861,24.76938718039035,-130.01304580439225,40.974432769233196,30.07243961615442,121.87989022198029,-10.905805718625095,-62.762585445250096,-142.6009430411183,71.66930263518023
19,6,1.0,19.553061451003725,-25.56225107925851,178.77757770825013,-58.39844225027613,-49.37418191234236,-107.71545247116586,34.67084912896784,121.19798958709939,200.07156442374713,-98.35713363462978
19,7,0.0,-32.15129822524653,37.726175431434974,-254.94645403664418,-168.25447886749322,83.34361471086629,-47.994726730354586,73.87116543698794,29.44843166468998,307.2104407100164,-32.7566290824926
19,8,0.0,52.83761199413934,-61.5453099401001,371.2157690134006,138.76244593204055,-137.8593843436546,168.73338708980657,-107.83465860753188,1.4679964383835693,636.4514640413048,-15.03958011565278
19,9,0.0,-89.34610663825026,107.66468005034385,-562.2098992829095,-281.9278464598179,228.96448923687666,-301.47596570050354,193.0585709450217,8.184258040009567,1035.6846098213155,-4.196642121276638
19,10,0.0,146.6903613035699,-176.70008341705764,865.7996542302358,419.0880888030322,-376.70173828052015,487.2965045444191,-310.201130661579,-16.035397875446378,2108.1234828662173,-7.911525402311125
19,11,0.0,-245.91529498781392,295.16949811760543,-1363.720874795262,-697.1412380574253,623.8662505114781,-770.7594191897231,505.5871102848818,20.92679710791116,3506.868045634078,3.8738180875109967
19,12,1.0,253.52111145520632,-341.3928766546234,1941.0563229017578,-636.3975553039043,-955.5547951985476,-1866.3972072596441,108.51730731787325,889.0222396335671,-2545.2056492223746,-1081.7270115978226
19,13,1.0,-261.54760269390664,364.77262234554905,-2618.6478843934187,829.5769536042112,1403.3336485198502,1548.5017107453475,-486.83653093524975,-1715.045238929586,1282.414401501958,1369.1181147898337
19,14,1.0,267.2709258698086,-377.0383001794887,3405.7082268472004,-1113.7821271014675,-2003.0352976877532,-2308.1478953555898,803.9990677731518,2453.160923076142,40.540636242840094,-2076.534000098848
19,15,0.0,-444.26638521637534,551.1961464103731,-4583.2799537143355,-2885.338552780587,2891.862153176535,-690.2554089647216,1158.6928389746247,627.2318098819829,-1806.8935520746554,-704.8595246671981
19,16,0.0,735.6463759242131,-887.2998953128213,6375.304173110605,2160.424892007051,-4221.998969328732,2832.993808078114,-1657.5629192382526,64.7040638663218,-1032.4163818985417,-301.3849104465857
19,17,0.0,-1220.4305156165574,1464.6363083481406,-9166.53464126179,-4268.536159277198,6234.668744463638,-4960.762807353889,2987.947522977906,146.49048493502124,-5360.259201221477,-78.93324332722318
19,18,0.0,2024.2715986855017,-2426.699331321097,13576.459267554337,6185.53489907054,-9316.733396432794,7718.259639696683,-4595.117396591604,-187.15953913700923,-4627.273846377085,-116.69627160569509
19,19,1.0,-2078.2897579096284,2799.5874993702614,-18693.12957663585,6265.30104685591,13452.01860693991,18061.713028286915,-1253.366628414192,-7145.750589692413,5734.269392739025,8628.516442962647
19,20,0.0,3445.258352312228,-4230.714217164881,26656.945581374057,18082.586988397226,-19641.68090457812,1784.0621262478187,-8972.967654568805,-2074.831157228496,22218.441995711815,3147.769625387732
19,21,0.0,-5714.095623696842,6880.6711733129605,-39229.67289820354,-15077.405028912264,29020.231295632635,-16264.781218596814,11951.670702242815,135.8141552566949,24739.73608424424,1523.0453796433856
19,22,0.0,9473.915808791193,-11359.208650075061,59320.689787516305,29679.192850050364,-43388.12449918141,31116.691145750556,-20980.21838414735,-1002.2215674964682,69426.33964914065,288.0753747069831
19,23,0.0,-15712.528366831411,18826.06274907257,-91774.25080263328,-44732.5386579718,65646.06043486907,-51006.23391130816,32944.627105518346,1471.1722032015775,90461.98959007917,753.0444796914459
19,24,1.0,16136.87792236453,-21732.585587498063,129421.65466583731,-42608.36890189113,-95521.44940046662,-124243.74519953589,7751.694628065151,56124.497604116375,-81014.2284841581,-67867.50840708514
19,25,1.0,-16571.030037848,23121.674284980083,-173312.58372091106,55293.503616729795,135553.95258685242,102359.55123463129,-32607.0421254463,-107996.76494222826,49705.64271776153,86361.99531205186
19,26,1.0,17016.932011529618,-24014.54183609826,224496.79318543893,-73740.5614427391,-189125.42102173355,-152064.347451963,53423.362145871884,154249.88042235756,-15724.145272823072,-130386.60763684967
19,27,1.0,-17475.178905273824,24753.222291730635,-284132.2432355629,95199.36555468122,260753.36504980153,184973.95888886743,-74030.25940243709,-194650.104131172,-2458.650750568644,150282.24115472866
19,28,1.0,17946.20636734341,-25449.78436397163,353531.1041002576,-120234.59137615551,-356447.0115279751,-231561.55932228453,96422.38246459136,228622.53324470113,-14382.909666289957,-178415.16119326488
19,29,0.0,-29761.234930091192,36978.0395078349,-451529.4887288674,-265523.57497945684,489862.6238522962,-65978.0616853916,96915.81302668706,57321.94564305237,-321464.8728110269,-59021.06138945339
19,30,1.0,30565.32109649094,-41605.052743163345,565072.1880335228,-207734.4691720137,-668070.4850316173,-490357.819916631,66231.7472465659,37104.7818375791,-159662.68503772706,-84508.9356435358
19,31,1.0,-31387.513739821552,43944.952326812214,-696923.285072811,238476.68119526378,905981.7393183054,414686.3671795827,-155270.08685901776,-106285.3512589807,633116.4074117668,73193.96438557265
19,32,0.0,52048.7163130176,-64476.77058487598,880323.541549766,509161.1689827912,-1233337.4018620749,146320.22722973247,-199069.21073086452,-31000.446577335406,1846414.6167321536,21063.112668465914
19,33,1.0,-53450.466521899565,72696.17585788773,-1092710.620294935,404310.61289600696,1670312.2146224282,954459.2973119388,-124250.71325076513,-129589.16841732881,-462171.9666352418,171890.6192232748
19,34,0.0,88637.28066825542,-109082.27740631398,1390808.7162634642,826767.55180773,-2270197.8730132994,87243.9763343868,-380328.33467357553,-40630.30303038265,413372.3150721641,63000.86380195741
19,35,0.0,-146989.4658357597,177054.91670418906,-1821589.8030174782,-512195.2586292751,3098731.3856474427,-757341.002795555,439754.2938422831,6598.263807862877,-938402.5389471393,32129.91385916074
19,36,0.0,243755.1702393612,-292322.9314169306,2462310.739856824,1039911.4307841152,-4251109.319023091,1331195.9013238559,-744443.1475200148,-25182.47124880506,615958.8697387029,4378.149280210017
19,37,1.0,-250328.88048115358,337238.6678460342,-3204533.590845033,1124149.0998208143,5790193.855056058,3099022.453097133,-260228.7118816245,-822108.6996445225,2611126.4043374453,1004385.7213976703
19,38,0.0,415124.51045785233,-509805.01208284684,4309382.073891493,2736952.9318662803,-7923409.876503394,202206.68143840923,-1326490.8720918181,-240609.48001188977,9218141.935628287,366779.31431075063
19,39,0.0,-688409.878636868,828850.2361311611,-5991154.059312584,-2011911.8929274702,1.0902452282644197E7,-2450132.5665225214,1652617.0171476891,18703.017966070332,1.0903171998178288E7,178766.71493321256
19,40,0.0,1141602.8537923372,-1368945.4272642217,8604965.140337337,4005746.4828451043,-1.5098305082940187E7,4557592.128693206,-2849153.698809833,-120328.90269269608,2.8245294652950626E7,32679.1766304849
19,41,0.0,-1893147.5116720821,2268290.487191658,-1.2737151266058117E7,-5790902.203547988,2.1064356930157457E7,-7193820.64302256,4324234.179616163,178004.26257703497,4.008659033877543E7,90104.94751907518
19,42,0.0,3139446.2917636093,-3760930.597764904,1.9356252408678934E7,9362202.821556345,-2.9635887780050687E7,1.1060993695859326E7,-6865139.688214541,-299992.3832231792,8.965427562561603E7,-84208.51999839366
19,43,0.0,-5206212.720445871,6236623.0547089875,-3.006384606585723E7,-1.491151657014336E7,4.208824123767559E7,-1.712575213641494E7,1.0924431622081237E7,495985.0431651166,1.407955305379758E8,169398.75590213304
19,44,0.0,8633574.412975978,-1.0342253581517182E7,4.751046779403883E7,2.417379547001903E7,-6.03899761182229E7,2.689385671037912E7,-1.7618633540383097E7,-822483.9726988112,2.909263133192225E8,-267048.9681179572
19,45,0.0,-1.4317246159750706E7,1.715076366300535E7,-7.60853397048124E7,-3.937954219362527E7,8.761053059804618E7,-4.281314535836586E7,2.8621848813461393E7,1363500.1073755526,4.837248428366512E8,449121.66397557844
19,46,0.0,2.374259838676199E7,-2.8441476050430894E7,1.2305999275006546E8,6.451935573586857E7,-1.2858003457503688E8,6.891642732448605E7,-4.678484408474232E7,-2260727.539028498,9.561823795281107E8,-741706.6142439442
19,47,0.0,-3.9372869057523645E7,4.716511974723506E7,-2.0048469896813E8,-1.0607531648870826E8,1.9096193131756476E8,-1.1187542361624579E8,7.679688663767745E7,3748517.697120214,1.6431438048631732E9,1231215.7616162603
19,48,1.0,4.043439805668391E7,-5.445490192786802E7,2.903269709014454E8,-9.376109047020337E7,-2.746285738244285E8,-2.778654836191617E8,1.514014063373014E7,1.4198771736745104E8,-1.3466104427688546E9,-1.721455554988602E8
19,49,1.0,-4.152455021449326E7,5.794003015142511E7,-3.9513319196019536E8,1.2432650915210374E8,3.8667628410580057E8,2.351634854099096E8,-7.229118426527247E7,-2.750746499417078E8,1.0570494799976841E9,2.2044305852400532E8
