15,1,2.0918810106447254,-2.0444046367155235,3.841579087990642,-1.9126405976015217,-2.2711750463396285,-7.474366685065582,4.23098068758502,-1.9497579240092684,1.545328902639299,11.902675512726605
15,2,-0.43038460470319206,-1.128832054013782,3.0727959196327204,1.8374259845389465,-2.7697556691911154,-8.763381661252469,-0.570742658851958,-1.3158798901941497,6.753432995457514,-26.13774346427711
15,3,2.4326105772531315,-0.871299725724326,1.473284330476353,-1.1641403246501063,-4.178612478961538,-9.286767363608227,1.9885346895174452,-0.682475479527263,11.443028565597166,51.4960917712012
15,4,0.31523757571619193,-2.42176866837841,5.239016784409021,-0.2176162274980319,-4.774322424605414,-14.524585358119737,2.6090405061438995,-4.119737238114041,24.75395030380264,-112.3003271804695
15,5,1.8889050288967844,-1.248336832769213,2.0519382502214283,0.30778515432312226,-4.991773886420379,-9.570674197176924,0.5416570137546194,-2.980213921893473,35.3323000837091,209.96207806031168
15,6,0.17001885511443163,-0.8554126950743768,2.9475896095386918,0.7473907788322992,-6.452265443433622,-15.139787276513506,-1.0261663352870745,-1.6592794569752602,45.489710538854524,-446.14325077454987
15,7,1.5482771083126556,-0.4572498552039991,1.0233652594587614,0.1567842154775577,-6.417705493451196,-11.870921744096538,-0.6933491721998195,-2.867918966639752,60.23596474769006,878.7609155529572
15,8,0.272086089085729,-0.22641479395312014,-1.1438948129538806,1.4893136103970779,-7.689933476889872,-10.12545554259716,-1.0552523196278194,-3.8224398597667335,78.37374787294725,-1818.7694948881408
15,9,0.7380665108722977,-1.5637562258248958,2.661060156909262,-0.5438826723361764,-8.29855925563249,-16.101755623957068,1.1234559679761316,-3.1909848348710197,96.36928423856115,3640.834983941911
15,10,0.448125478988316,-1.9758479938000693,4.25175013434637,0.7292467035856177,-7.943959797272706,-16.70639802771499,-0.19788105805382014,-1.1387711099716606,110.89264548722674,-7435.040909328793
15,11,2.538437884951745,-1.7997919363285972,2.9603737057737445,0.15717215371891025,-9.856460405097465,-19.15961868647262,1.3420586523371978,-1.9242392879797001,129.64781006445205,15005.673894221167
15,12,0.5623226265944336,-1.326108108206265,2.1580505163629287,0.3442355214719312,-11.272532000914564,-20.835236238407177,0.42357375835170497,-2.2950864781825984,152.25000638126204,-30483.113770125892
15,13,3.139978890953061,-1.6991386274769282,1.6760943173006255,0.7145798677261536,-12.977876625324205,-21.39851555790014,-0.3908041727214803,-2.7013900747910657,177.4115142490519,61691.2185357908
15,14,0.5966210361010448,-0.8820107403125007,3.442240711516951,-2.050076866703948,-13.876677644176038,-27.9259895036121,4.097131964506658,-4.248887727379094,206.85982007315212,-125121.44812860101
15,15,1.9652289962296563,-0.10790355990769543,-1.1610429583958597,4.609106027470649,-14.043277071259888,-21.41401050706766,-4.647354164218515,-0.9216414685754979,232.87024845797848,253450.06556328424
15,16,1.6887723287751035,-0.19274995023997682,0.053495155008499815,-4.473362575522639,-12.505720269094423,-20.68472393254026,3.737185005112871,-4.01456232642928,261.6454364129708,-513765.39890850545
15,17,0.4359470072335041,-2.213897373285547,4.836393324406151,4.098247601204815,-13.495448212996509,-28.809299450892112,-2.856864270956452,-2.5382370788682813,290.995773961904,1041043.9326567436
15,18,1.4810883923674625,-0.8825377436894515,1.7652818256421692,-2.6816599543553172,-14.331712510195462,-25.23321893735181,1.9534716537241699,-3.3678574632727276,323.4213922845579,-2109932.585255851
15,19,0.1414440229710412,-1.1847131879098058,1.947379609815415,2.661353162212688,-14.138271376473652,-25.623814857960078,-2.258244016585382,-2.3531380084101428,356.5113801790531,4275792.8688760605
15,20,0.10780024075612227,-1.8206191313358677,1.6609493784216132,-3.0662695767277013,-15.002997245787308,-27.30974362020242,3.1514521120307033,-1.1560282104108595,389.3307749134274,-8665486.36027885
15,21,1.6144606649372457,-0.31434885284543157,-0.37406339210171013,4.928968592253161,-15.091159796484732,-23.69812023127218,-4.626433056821112,-1.3750328603739068,423.40019645024535,1.7561192891178485E7
15,22,1.4853746132215295,-1.0579307342976392,1.1457069735139407,-5.108329065300361,-15.924324374433136,-28.007440508353174,4.798243469886549,-3.140944911424035,461.44072049857976,-3.5589619836055316E7
15,23,0.7330132535061624,1.3623617254700369,-2.0540245178265715,8.274469183728213,-14.422104531694224,-20.280603048553726,-8.048601690619838,-0.6148909089444842,496.3199505667862,7.212541139787692E7
15,24,1.541300086053822,2.159716134043629,-4.602592900838587,-5.925140141662364,-12.692049603724387,-14.445225100367232,5.769076276503823,-5.236957405449777,535.3338499881557,-1.4616912125086468E8
15,25,-0.46566983112355453,0.4223747847689232,-0.435672757358771,8.291802337697861,-11.464043575103144,-18.6020299755555,-8.653974377217112,-1.34518893705096,568.7479898987466,2.9622501488716525E8
15,26,2.1445998893665417,0.5736642648561294,-1.388574996441009,-7.273881080193732,-12.302754842985888,-17.086313679299945,4.875552922152522,-3.871869309889341,608.4866240671777,-6.003278447294873E8
15,27,-0.517268178810218,0.03818162086745591,-0.8428242964222736,8.605993810962834,-12.239994475414116,-17.449725895748784,-7.8976723261118575,-0.3056097390857273,645.1551488569511,1.2166198630950508E9
15,28,2.216226965055333,0.24861190518251616,-0.6443747391720915,-8.238884481660467,-11.085293421948423,-16.952476105640066,7.465185541413577,-4.023580841749471,684.6337329184669,-2.4655936403913865E9
15,29,1.961635171227497,1.9285470231878727,-3.400681474562115,11.129805578878322,-9.355524394344629,-9.287899716733024,-10.957612295383537,-0.8331486778943616,720.1256773700486,4.996754420117612E9
15,30,1.7681811706750485,2.32647912144693,-4.627477385272639,-10.435567274817664,-6.366637693822507,-3.650994792918839,8.034401932720089,-4.696587276709445,758.400626795381,-1.012638790445482E10
15,31,-0.881814408578163,0.7988876312431492,-0.9215268465850623,11.93499196658635,-5.4122845747249295,-7.431621128064315,-12.129498419948291,1.1548554018721413,787.3228728948518,2.0522066397986843E10
15,32,2.560335022708519,1.609029683997187,-4.307171088985477,-10.331402787473724,-4.207461406654151,-1.0657846835966607,8.165798173865948,-4.300796003180386,823.1265103499803,-4.158987648608507E10
15,33,0.12888816214292076,0.8219430062853252,-2.197114136466647,14.116380543106462,-4.828974270676182,-4.540403218427043,-15.522945225050826,2.721516234449618,851.6995936548842,8.428575201804306E10
15,34,-0.07238437821259325,0.04562773503336426,0.310371564278374,-12.350129319260434,-4.788395553786264,-8.966500371617526,9.527313208861546,-3.6466750734304045,890.887814493686,-1.708129153310884E11
15,35,1.9763034027175348,-0.1216907679953399,1.620558746870266,14.110339720173178,-5.036532335570973,-9.423697147970893,-14.0622225847599,0.010734482358756736,925.8027077030878,3.4616825769567883E11
15,36,1.2580737991424147,1.0559910904909338,-1.820979445447734,-13.14764516487157,-3.3583509050888454,-3.555224105809848,13.396734958046244,-5.478810646244758,967.2878375554036,-7.015421677050251E11
15,37,-0.6065227761341979,0.09806992045849999,0.12778627459929615,14.127241921502526,-4.549362948997364,-8.11315987570752,-12.13459435653762,0.5917571128631272,1003.0637837263395,1.4217404444083923E12
15,38,1.959189049845889,-0.42950154168164645,0.8323704066638369,-14.434424838115108,-4.648902444811519,-7.655585353292254,13.58904584667442,-5.9636380947379015,1050.8957407217183,-2.881289230300928E12
15,39,-0.8341138301031841,0.9368135028195125,-1.775628824276194,17.355925079239242,-5.26681362476449,-7.932174389134283,-17.15015014029892,0.9574867722121901,1089.5410641751323,5.839200579067024E12
15,40,2.482896779801113,0.6444293199817956,-2.5588769198945682,-16.008367555046497,-5.996396603477421,-5.570458999623644,13.502311748598474,-6.157780427428222,1141.1499063255628,-1.1833683008677416E13
15,41,-0.2974554443300142,-0.3083280581828643,-0.03241394132457165,17.437214603174848,-7.371076961639704,-11.154998637512355,-17.271936930993892,2.4853556065185285,1183.074477467511,2.3982059126606105E13
15,42,2.9449571210806154,-0.9558010817188202,-0.17511694563343205,-18.371871212031536,-8.222057158307667,-14.47851384745202,15.944665177016722,-6.5942195378446495,1239.5383599715217,-4.8601873106877055E13
15,43,-0.17330802820214017,-1.8474704451770378,3.3963673941239043,19.312433861303223,-8.57477398320453,-17.969166405264218,-18.773643141619473,3.8977725781773254,1286.2586887681944,9.849621573275553E13
15,44,1.0018310657005252,-1.2339847779892912,2.7910901549799676,-19.41668482478324,-9.823306665471241,-17.300674999042776,18.105270980092,-6.018652695235196,1347.7918511542362,-1.9961174114506762E14
15,45,1.8038399780908652,0.11994074640858432,-0.4910462309567438,22.17762082243869,-9.605409393092472,-14.338083297458983,-20.681257469598723,4.304820373819686,1397.3229426749192,4.0453175694448694E14
15,46,-0.0011860535737429068,0.9978785712880672,-2.4010177968828965,-22.388700851203822,-9.38061101276493,-11.770953955060614,20.99755693691389,-6.7396642335959775,1464.5413800084173,-8.198212261377838E14
15,47,1.4418975221058592,0.6969565076598825,-1.3887272712584091,25.88225071599559,-8.945534913608263,-11.593325609867108,-26.724066635847525,4.763876907375519,1516.1702034938185,1.6614439565923918E15
15,48,-0.6024422116329197,1.977751576155636,-4.223313582911058,-26.223361626752823,-9.238514957552477,-9.260580431652425,22.72006222700436,-8.644906841689538,1590.5113827442387,-3.3670706891839855E15
15,49,0.0624406079961457,0.7211293116552329,-1.8067314212839876,28.870758744635733,-9.535711501897921,-12.691498510045758,-29.43166908346115,5.1262566017999935,1646.2815239933798,6.823681882842543E15
16,0,-2.022951165439087,-2.5614504440450796,-0.1527730793016222,0.3125762549521518,-0.9455753400820968,-0.6717862312395189,-0.5574855890038899,-0.7944670022827705,-1.6387421835941667,-2.7978214427084453
16,1,2.794251166316847,-1.0473619874824054,2.1477940843578596,1.4919667524876425,-0.9649844671046577,-1.8064802930330703,-1.0862949979312173,-2.0940588024543825,1.6833127317609984,5.484366810916373
16,2,-0.5257226136667082,0.08303837678649728,0.4130570408820124,-2.2380320537447944,-1.1735665260327952,-2.380113425179318,3.2481491549024826,-1.4529513189152805,6.001251854167679,-9.048634404851786
16,3,0.27070601143020956,0.06324827636450658,-0.9367830219674955,2.638172723960558,-1.50618998793646,-2.4392525763567106,-0.28689436504008214,-3.4194128420309466,13.011291886863555,10.794024383708237
16,4,1.2245340318337983,0.8009150666820561,-2.3714793931089324,-1.031613691685122,-0.6238059970801446,1.509016451113701,0.8771975871039576,-4.613891294171393,21.06221482460676,-31.864552797910257
16,5,0.8987523736741194,1.4708614889356704,-4.455301992270232,4.286591781473002,0.887663236353557,6.24634439504268,-4.557535979817727,-1.20871546873117,22.056725287760926,46.02133354628663
16,6,2.318385913512648,1.381945470337675,-3.295933426415737,-3.7887885186572285,1.2938215397193058,5.9275281992669795,5.086907184991804,-4.030294569365498,26.200793111901962,-101.37878409585753
16,7,1.5278414785680148,2.330476505654192,-3.53449623944259,6.150739659719338,2.7928308151025028,10.648517196524125,-5.690265191631081,-1.7818428536257718,25.12948757659128,184.37372103096828
16,8,1.2840494068150976,2.501229124599549,-4.258308508505772,-2.8452821212268953,4.287105810986176,12.600509244999653,0.9541558929595328,-3.1610048551594647,25.121237304851544,-383.9395837160825
16,9,0.5261732387736683,1.7587400323205986,-2.7674786584923665,5.820752754984237,3.692399742686857,8.762603393316299,-4.839070516341823,-1.2534139149776464,23.6252110613463,757.3457784805614
16,10,3.370877401827814,1.2880165310245744,-2.775949248764578,-4.208845576477895,4.5457945993994135,11.60907187205471,4.253267356117702,-2.809281101352895,20.149253603233106,-1541.7569415510377
16,11,0.5015402860199525,0.23534995815682558,-0.5011691398847888,3.865808535810822,5.1026124150938745,8.175373620997176,-2.6816653776302486,-1.8395890644854336,15.105151644827691,3110.572265504476
16,12,0.9260343151793582,0.25629332988232517,-1.7955140238288259,-3.403608989645197,4.085081328679023,8.841690775578392,3.0792554153546723,-3.0784946857355178,14.259005035270132,-6306.768142212844
16,13,1.2782569269838993,-0.37835969829389515,2.20442610183357,5.347418114565117,3.7084888519349977,3.926653458384402,-5.340838605670135,-0.7326760210648984,9.28092331884891,12770.060173640659
16,14,-0.26804939486314405,0.5554417211755157,-1.1424973011428907,-4.771394675628899,3.1533566608400534,6.112458911448537,3.3913222636946143,-2.8068238366569043,7.9124149822004135,-25876.68218347581
16,15,0.9948483626714806,0.28665952332625066,-1.3948500899556526,6.823311780687117,1.8339945939152615,4.737571017749514,-7.519288912672492,1.0991982602899761,4.974083544236841,52431.41484015345
16,16,1.9866301960046369,-0.7987088851296053,0.014386627106822703,-6.9740830062935775,0.7890555935528352,-0.40088765282399774,6.126473158694775,-3.0511803586384705,6.251054598443582,-106250.47331496463
16,17,-0.37802203430091585,-0.27852660353510766,-0.19469192563753107,7.776103663500597,0.6645114122646714,1.0751350403095308,-7.289036727279661,-0.40042860326564433,5.408036366292337,215312.12395673784
16,18,2.470571114063378,-0.5189172125152922,1.3013421358649295,-7.483391375135846,-0.20288737208986996,-0.4351126168194994,6.655287582304874,-3.785384947663033,9.685748877276442,-436342.72771061456
16,19,-0.2891568782191522,1.1144251644291503,-2.3218404372413413,9.661180031854885,0.5191595748252298,2.552923439252768,-9.357592689504681,-0.2966438721595187,10.00335895606428,884272.5831974599
16,20,1.4796243728865393,0.1540566822945676,-1.2952691325675612,-7.525078318676281,0.5468586176740997,2.758039062870848,7.057741890120294,-3.7103900251659843,14.458844289374118,-1792057.8653051786
16,21,1.9326861743360713,0.6290138810048813,-0.926755051329768,9.737220493412405,1.1872577271518603,4.554608376228111,-9.186919588639864,-0.09071745529201891,12.065521459863493,3631755.585802954
16,22,1.001149587163149,0.5085105678836933,-0.41839447742959557,-8.712168727117424,1.5653551673249793,2.572325495138595,6.990511551105658,-3.9022049745601133,15.073081846629007,-7360087.225946433
16,23,1.0607678570003205,0.9807399882844314,-1.2098433583323334,11.159765254295637,2.0593237943041025,6.020200348525597,-12.370462325887582,2.713473447091071,7.767025635737349,1.491588351463944E7
16,24,2.4953025495914307,2.8554849832591866,-5.14571993203444,-8.957544669781873,3.370953650213669,12.359910227355867,6.494091594739275,-2.6281054542285873,4.915254152707055,-3.022841614268283E7
16,25,1.339336001349561,1.1251497049599914,-1.6628539564257203,11.653328808746387,5.399878385686459,10.815824696689228,-12.740583399683363,0.23952201522952765,-2.521238708020464,6.1260681463683784E7
16,26,0.6146985593443163,0.2683285373263566,-0.3269258753622303,-10.564060841177543,4.832406625214866,7.568883397920507,9.017946726470328,-4.719930371480909,-2.8024567754266796,-1.2415045331660065E8
16,27,0.4715175455976789,0.7406181824427636,-1.7808732786778971,11.464467897997217,5.164619369817799,9.40063008153052,-9.060309787485181,-1.47167724505058,-8.476884336764355,2.5160242980100116E8
16,28,1.3235592585993492,1.8829032095567109,-2.3752946756859883,-9.582091661173044,5.290209141818178,11.985609799631284,8.726841101128883,-4.876500890289613,-9.659536411876422,-5.0989570771401733E8
16,29,1.3110540654823248,1.1323541549560154,-3.853535437385324,11.331548585451404,5.281457209165786,11.468326248058384,-11.761335114048196,1.7848107058017186,-20.891433474932843,1.0333510668598547E9
16,30,0.5423759169992292,-0.4589520418097366,0.7476340091095134,-11.546555869057924,5.032828635170622,7.141135995002251,10.677949737706163,-4.511559271173533,-21.81590621766999,-2.094182010695386E9
16,31,1.859825095067469,-1.5671582318980781,2.271315995478297,11.550512102131986,2.691170506321397,0.38329445275231677,-9.265565473030145,-0.1697589518138808,-28.10119164783283,4.2440546006458445E9
16,32,-1.7322125000393345,-1.0043481158432468,1.0480773671395052,-13.255361062278208,1.498182804143368,-0.221838386979889,14.2045341847941,-7.317455206342731,-18.064397186314448,-8.600971310036707E9
16,33,2.65803179356521,-0.221873917008235,0.11126496668634703,14.979116635689675,0.4858979572453352,0.26680623082612076,-13.995015766757684,0.7155907944068305,-21.32484450296147,1.743066822967534E10
16,34,-0.34728341301284404,-2.155908002638949,3.7239593518884533,-17.22925102957056,-1.3551644257529643,-7.692627603251527,17.833355063676635,-7.129725057837741,-9.553866172962517,-3.532487016104463E10
16,35,0.33959250063000423,-1.8427038462106025,3.347689577806188,17.672065312945932,-3.16661580989462,-8.614923696511683,-15.691825259582108,1.9841587421516234,-9.261165287936992,7.158913451359145E10
16,36,1.746133829979557,-0.15814289435832174,0.06952958834808515,-18.502696017384366,-3.8116796471523644,-4.605302456323333,18.22466423364777,-5.903585323310537,2.7984189016963716,-1.4508203872168365E11
16,37,0.4395792605921338,0.5997893983648992,-0.2781895946918349,20.82459133398757,-4.3925538679040885,-6.904333303806507,-20.45323515659148,2.5158884962802444,3.121738509910667,2.9402224380091187E11
16,38,1.9987672883044945,0.9643377221239984,-1.2448498340928427,-20.229762551635236,-4.176740825461437,-4.614745977851412,19.4662235264529,-7.71669532506709,18.27372413937441,-5.958634205559471E11
16,39,0.42151792903007546,-0.4911059006056041,-0.08908905791102883,22.934290019833085,-4.573073553692309,-8.930355071487297,-22.20027628522137,4.444014196975777,17.845016308022764,1.2075726358966333E12
16,40,0.4502221858462536,-0.3904488117960924,-0.3574896500334588,-25.24992714674634,-4.903376215280319,-6.7632408486996445,23.863548847733615,-7.0804567188296765,35.762745902526355,-2.447258248602141E12
16,41,1.1916465856192613,0.5165510556481504,-0.5943251710753767,28.134285745913996,-4.693348386936867,-7.074066345312666,-27.43444974378911,4.716518819829067,34.41117079103251,4.959596431137321E12
16,42,0.3219546449011824,1.084576624313154,-1.4353279648125765,-28.35665905021737,-4.778342352424231,-4.996358199789097,27.738708996685066,-10.23866512641148,56.46540240366035,-1.0051083400789154E13
16,43,1.2726437814081055,-0.34058148979009684,-0.6141810894231976,30.7954297757443,-4.7877411705823825,-5.4525842844215875,-28.77609202104179,5.102207561658298,55.070021264916285,2.0369455243402227E13
16,44,1.6909510880487595,-1.2613664705944236,2.0888372359870813,-31.69386554532711,-5.603274250560509,-12.484697459000289,30.236208072480093,-9.85121998917707,77.46955493602168,-4.128059537160229E13
16,45,0.39695358273445974,-0.4190876696272402,-0.47814026691503697,34.422556625271355,-6.060009817050693,-9.93667667038586,-32.26357273171902,5.410034942456983,79.62250191750947,8.365896553784202E13
16,46,1.6536923502613592,-0.12399479090960386,-0.4429708426448462,-35.51361439338049,-6.814650106608293,-10.83881304554923,34.408812514895175,-11.354529343905307,107.76157737283785,-1.6954267378816984E14
16,47,0.5394095539989513,0.005075970884670912,0.9365744264910749,40.245448571428454,-7.303447373462921,-13.351680013299918,-38.16633894614867,6.760494674218973,110.33798623545695,3.435939955799384E14
16,48,1.8253780301500269,0.7960366737166865,-1.4845274781847502,-40.69129625820506,-7.031102655183817,-9.341120728273065,37.000686810129906,-13.314750334586476,141.0584089895303,-6.963251856351392E14
16,49,0.5676998958667637,-0.8512767274348852,2.910676587228199,43.36106871950805,-8.213441006016033,-16.368292628125346,-40.678944160846136,7.152411191003688,144.2470825118121,1.411167745616058E15
17,0,-1.8602859132911969,-1.0294245944002025,1.3915157296354628,2.0652977828011925,2.344373154042629,-2.984187299432444,2.6329167722200735,-0.8865668154807591,2.7628024001449547,-2.620905323881791
17,1,2.293142519026955,-0.51930520870785,1.2798310988909618,-1.3948573835376494,1.0437569046741524,-1.4145074301382148,2.479591894603278,-2.457933403889606,4.625156678146111,7.341165909290265
17,2,1.538560017587291,0.23442526014395937,-0.16558486337913464,3.6491446437530914,1.9457289034570828,4.013873253687946,-3.9538755012768414,-0.31816414584596875,1.14477868899625,-19.61820086865008
17,3,0.6783787096689043,1.3292853376463787,-2.493576870002572,-2.7885071765302145,2.3024202911805722,5.956175224374514,2.7884568656578415,-2.719606842082265,0.7799070856559351,45.161328650361604
17,4,0.7882698829120592,0.03304513714046564,-0.5479312418069292,3.779802808744832,1.6437044943008985,3.10410175202111,-3.385106809384582,-1.9280684618089357,1.780772120810409,-95.95533579536006
17,5,3.177420192005227,1.2530755148690034,-2.471564526117307,-1.3173417678597854,1.1097089269429894,4.159457430744244,0.6199533479707259,-3.545752183770349,3.9256589678210316,194.78715720352383
17,6,0.22629060158840697,0.6962843951320418,-2.3006369996780895,1.6486142301741367,0.25755748647507404,3.1237079373074796,-3.260130979266399,-2.7496745201265105,6.631280336061121,-399.1924509769133
17,7,2.326046763309188,1.123946486413194,-1.361510697056554,-1.9260215583145162,-0.3032619311265694,0.3356685801585866,0.9000157704113637,-3.776437272638496,11.894582108289413,806.039783280686
17,8,2.395109798059215,-0.4841084740804309,0.23504993947280178,2.409963986838271,-1.3143054484328855,-1.8394135384989783,-1.9675267306761985,-2.1020556676863804,16.209172164061496,-1642.8413959280517
17,9,-0.3957882589928853,-0.8625045635946389,0.793098477301324,-0.5037519646148685,-2.853470947077267,-5.465411953446296,-0.20241399807487265,-2.6588307763732812,23.375280192869802,3319.8516446383433
17,10,3.284819756860264,-0.13865185928146917,0.9327805287771657,2.2969103035883505,-3.610520523582262,-6.495480461960334,-2.56199159134034,-2.0396659450176675,30.219347121706576,-6743.889626597147
17,11,-0.07331810797626892,1.2915275012369056,-2.7350595200894596,0.38610766742806335,-2.3683042036282074,-1.249359352343365,-1.0733253243205882,-1.8172762762415082,37.462910857050574,13650.930775350003
17,12,0.8489993249383863,1.045511280503919,-1.8952243319778204,0.7865404290051494,-2.8999474319597836,-0.23813414417250156,-1.9929721472730981,-0.761172014753395,43.7790283213517,-27684.92870571271
17,13,-0.25498654413525235,0.3464652474129829,0.2858329363768223,0.789329873378017,-2.9543501018862743,-4.095407200637963,-2.3263458821204197,-0.9547792473691094,50.38039574031199,56080.45077254243
17,14,2.418323505278802,1.5319045059513794,-2.3328442804589886,0.7671620667631649,-3.2178115086101715,-1.4776116440063618,-2.788155736618269,-1.8890823469423736,56.228610863372516,-113680.07161944183
17,15,0.308845510756399,1.9098176405291079,-3.3487420921363364,3.1586465354138276,-1.1675541401678706,2.0957331656236096,-6.297249560538733,-1.0919915995107567,60.27104631298412,230348.7926662969
17,16,1.4233149862417769,0.738112541349627,-1.900376788866664,-1.2939857323005444,-1.2006091624847004,0.6521637211299924,-0.5025672792634913,-0.3590345896112821,62.95500014548747,-466851.0107598155
17,17,0.6242636613999613,-1.2194843853701478,1.065335378406559,-0.3580212628025974,-2.582485135198258,-5.399383776138984,-0.2816393243591918,-0.6334966157065426,68.67891753705933,946084.7021850963
17,18,0.4224035066715621,-1.1192224113509286,3.2621509362942023,1.1302390687594543,-4.76231171524697,-11.708947269889347,-0.24256147860855082,-2.1651109533055126,77.96557210389928,-1917367.3402942517
17,19,1.143538547738368,0.2383540729823067,-0.9443704045716336,-0.17833959326960808,-4.733252286723032,-6.195103388489974,-0.268285064005218,-2.966004325356875,91.78340497337614,3885680.0659523257
17,20,0.9879053653184884,-1.1611826827270288,1.8406892582746934,0.9101949714189259,-5.184431957770764,-9.558703008565299,-1.4440663394891124,-2.0492353318700527,103.47690345754113,-7874744.043482307
17,21,1.321324363584466,0.2729788191794935,-0.17419066189784038,0.750778455715787,-4.809670074429703,-6.889979425074923,-0.5436461063146868,-0.8601480910098758,112.88268020898276,1.5958846265941424E7
17,22,-0.35792126541887936,0.47392293238861183,-1.2087338220053094,0.21066831027941313,-6.09393157322909,-8.766292751839735,0.4466377727841023,-2.763392633440891,127.80324774068418,-3.234214914883044E7
17,23,1.6907865699311684,2.557740269915584,-4.669660557756747,2.833633787734144,-4.35346430594917,-0.22970274576575456,-4.205347882486714,-3.604081550897482,142.0163727564026,6.5544298684251115E7
17,24,0.7284990186804879,1.8871126930013198,-3.1978398117352245,0.39109758151476093,-3.2719307280778094,-2.2190412614489827,-2.742918090486665,-1.351317273240246,153.6584880674551,-1.3283169642257118E8
17,25,1.6437120801578677,1.8235417675073315,-3.2643543021254073,1.5361640415419366,-2.546874758163516,1.6641306929861268,-2.28749883846628,-2.8369550056108186,165.84020347525143,2.6919570122205627E8
17,26,0.292830914282733,0.5306016059272153,-1.919985063849169,0.12908729393326318,-2.410467370067493,-1.6159490824200318,-0.896397424821258,-1.2342537977373118,175.2707400673775,-5.455502137531154E8
17,27,2.261055542837469,1.7971901365413747,-3.4014696078083224,2.1241568113826497,-1.5272408856752593,2.824862417492313,-2.0782729980082815,-0.6352164060103258,182.98373690330433,1.1056081471728323E9
17,28,-0.14655398687181864,1.3546044099446057,-2.6454120171002216,-0.47309887253170035,-0.3437010012950652,1.0670810904663306,-0.3039715938563408,-3.0202879305165027,193.82038108432988,-2.240617829958862E9
17,29,1.8811299023656254,0.6028589326902194,-0.7548496770108744,2.4553698468547056,-0.19201122251076222,0.682035364878059,-3.227832203604493,-1.4920172910996472,201.64838174604554,4.540820297933179E9
17,30,0.2662629921346913,0.9135607920040252,-1.7977190367728415,-0.9649734384240908,-1.0773091086910784,0.2553409538517558,0.8199759498327176,-2.5151659558672366,212.87014771819486,-9.202394730781563E9
17,31,0.5785447977949951,0.07375662482348921,-0.61941360202357,2.3500622048303845,-1.9041438270252167,-3.9668792888721773,-2.8258709416091077,-0.5658997821436261,223.0510680082918,1.864950860985168E10
17,32,1.1881875992451478,0.3200797890531597,0.5104623666075484,-0.43531335753447553,-0.7962880148343507,0.6346831800130233,0.027158016408653063,-1.7379285951878263,233.90801740779096,-3.779496368627402E10
17,33,-0.2698202487126159,0.6451700895267618,-1.7946466135311536,1.3287124477261316,-0.4334166358008226,0.7051914314387461,-1.9860621565311511,-1.589241045743571,244.33405074419613,7.659500864285591E10
17,34,1.2549409571796253,-0.34432572217959745,0.4451117175126515,0.47612290302545324,-1.0997497731501336,-2.3583411879093505,-1.3129816804964225,-2.400009620974746,256.13539220642406,-1.55226908337668E11
17,35,1.242212819156202,-1.0094300447002458,1.6332534829982925,0.44299233966141355,-2.076250655774769,-4.697673910546659,-0.32758556062691413,-1.6472004905608044,269.47548656522383,3.145817654146871E11
17,36,2.5022493460226376,-0.08646013002248773,1.2670140515352992,0.3816032883648461,-1.9520768827312787,-5.429940616337635,0.7231362907809384,-2.175572514857033,281.8925828105995,-6.375292032708616E11
17,37,-0.6531462345609549,-0.06536620328463599,1.076658872311793,-1.4511049255594257,-2.9302920685802203,-6.692408023636472,4.097531657115448,-4.139152287533549,300.4426050453552,1.2920122192883242E12
17,38,1.594765533146247,0.9817997366417495,-1.9481060291360481,4.140732005798869,-2.836309347543055,-3.3505512632752463,-4.207556585696674,-3.1153541703467473,315.8781467476723,-2.6183829172512295E12
17,39,0.6971427386104645,0.4769518810434915,-1.8326989060552417,-2.244672231463359,-2.5200627535119,-2.082963089504812,1.3943979050582778,-2.7287436511611802,332.33835055631664,5.306396486304463E12
17,40,1.0313865167363938,0.5271785793762163,-0.7440436055971895,4.722934910626003,-2.513489369621927,-3.85324324118275,-5.73936715681912,-0.8242604261456867,346.51423249771864,-1.0753905964527725E13
17,41,0.27037986924231516,-1.7554131773595842,2.4203327807444452,-3.615257356350769,-4.354179376681285,-9.893147185210667,0.635370682277026,-2.344206940679875,366.66016121153075,2.1793790529863684E13
17,42,2.317740986291767,-0.04541562433583202,-0.12265633061392982,3.8054047115395315,-4.027978367777918,-6.335133209024005,-4.944070784949756,-2.160813654770564,385.32779685498804,-4.4167143290312875E13
17,43,-1.4586374756030986,-0.8228788722227689,1.6468038541819598,-3.111864116081346,-4.169815619834436,-7.2813494340819975,2.6239264120481343,-2.840689362930997,406.3786415753669,8.950882333848417E13
17,44,2.064023485438073,0.008005075547507845,0.5684444674817976,4.0712669421000784,-4.56677293494657,-8.109341439969485,-4.623515577540552,-0.7128538393511501,425.72162107011144,-1.8139795464710944E14
17,45,1.0323080104818807,0.14301414031631127,0.7959415346125069,-2.0655366157321318,-4.213330166519127,-9.500438689857962,0.6610351821232494,-1.7509822185865507,445.17241515455885,3.676198247591735E14
17,46,0.25215431270198996,0.7556117062738463,-1.28798745405888,5.100887969514254,-3.212121614005285,-2.3161117382921885,-5.646945195743301,0.5177111455769365,462.3346057599125,-7.450157628238061E14
17,47,0.9139354757452491,2.3602609390147826,-4.892825716091622,-2.2473413980143886,-1.2583611370579535,3.2823312788081527,0.2010483770280077,-1.1439721773990223,479.60239128808195,1.5098437284204488E15
17,48,1.278591448854417,0.9048374997484364,-2.3911290862881867,4.4591216468571115,-0.8851558016043423,2.2325540775862134,-5.728639050411682,1.4833132753844664,494.2752616517698,-3.0598387282582335E15
17,49,0.5979223530751367,-0.6201969596958609,1.7282635991500066,-3.8012317376695544,-0.8104100877208176,-4.968968642165361,2.7681486103479047,-1.7716608117387866,513.4453273700558,6.201047742035281E15
18,0,4.193397597888587,4.189258474484572,-3.249591358167151,-8.418742586770115,-8.460722717602815,5.660291853206832,-15.380728899826092,3.2058475100002966,-11.734499441326887,9.513451791749656
18,1,-1.3718878285356624,3.1098859885999097,-6.3761809502786,12.439984117434324,-8.355512483369653,-8.841713042501866,-23.976987971166785,6.722425139876147,-11.495273169176471,-24.722224198786535
18,2,3.363271284885312,1.2531488278065663,-2.3256497885191214,-12.133242773421232,-7.499462588769628,-9.472481453275629,6.9700126935870514,-1.8343854348639992,-1.214079825778614,70.47157880466263
18,3,-0.7079660084173944,0.9913563895075375,-1.7358915664488717,15.139323109370965,-6.934478050199307,-8.862165772485293,-17.420576483654557,4.278056545527761,1.315700726526844,-157.89572404238604
18,4,2.3372653508649455,2.9556313281573168,-5.681432985883511,-11.403539766250692,-5.495516731575236,-0.9687787931253287,7.946625868907179,-3.8253049164914077,13.649142840845759,331.41747683313616
18,5,0.7757215236293871,2.4579804736138744,-4.523352781655683,16.105066628624602,-4.540773213572288,-1.520773011108247,-18.121563165242463,2.5539297925214863,15.303127929968344,-694.6928670108763
18,6,0.462419744407756,3.2471282807563755,-6.598052159686171,-14.927653631956534,-3.3373967589351996,3.3695748809101076,13.511017109516008,-6.252457970892803,28.882968280867235,1412.4603529951496
18,7,1.526845139868989,2.7291594795802956,-5.45562715298869,18.368511231626982,-1.5593352710940496,2.72851288945614,-18.339000044778594,0.8988448670489386,29.638677097680652,-2897.984479460425
18,8,0.5935193113423105,2.485995544613151,-6.239830812409821,-16.968149063318837,-0.7209035949217222,6.519059940039497,14.42755147526677,-5.264030595903577,39.49710267383286,5875.220109464827
18,9,1.5887197374468154,2.1948836130719753,-3.002866896077145,20.75866662880778,-0.402739117570981,5.38180880795036,-22.677664742425588,4.443749428461259,35.67779780906987,-11951.002550475343
18,10,1.6984679582698607,2.642096798791843,-4.81049967277452,-19.220944873285067,-0.620598315519622,4.70407878708019,16.53067513404219,-4.379680825661952,44.17947712922819,24222.321467400467
18,11,-0.5358011434157832,2.8620064945938903,-6.046919579461222,25.095553620739366,2.005104804005537,9.364276619148809,-25.906127235785497,6.482243498144747,32.650281044846665,-49134.130429531
18,12,3.319702287331347,2.4467616216030024,-5.11098761165451,-23.09036911755184,3.52104228607251,11.879366105376116,18.973092512462458,-5.738727586081465,36.383948420745035,99585.53597071397
18,13,-0.7447875498134153,1.7744743738428561,-3.2646936598767446,26.62271045918308,4.166568058639653,11.67415698360933,-27.111494492843793,4.948985223607236,23.932730653859856,-201864.13005986586
18,14,2.613450857055752,0.15737172120777454,-0.517464698506587,-26.30698498164883,5.101108245821782,8.144758280675738,23.76796301591988,-7.963977476728079,29.1432074988878,409113.7450467932
18,15,-1.2210669254926103,-1.5308841297403908,2.76783737117748,29.044867317053637,2.6082303769410955,2.000948890314944,-26.90695558834448,5.988436689228734,18.198368317663913,-829150.8727422144
18,16,0.7548670425392097,0.09548950013625757,-0.5955319168630603,-30.4074456685626,1.393905228664011,2.165795997567749,30.24557369337372,-9.425442381477547,31.54800613435082,1680374.2462916647
18,17,1.3592792320147042,0.8352944877049893,-2.859817025094462,34.702356513608166,0.6020612740420711,3.827576312524845,-32.90495217628237,6.2241262035618705,21.658521827847732,-3405487.1374226953
18,18,1.0174080879937606,-0.828988749532639,1.1776514045267297,-37.305426568205014,-0.39647401380767994,-1.8002986655893136,35.93539424943036,-10.123091835787534,36.037338688837046,6901564.1980190445
18,19,0.3677326881828028,-0.15110862198111397,2.0344157493102837,41.779799830171726,-0.4527591511297059,-3.7534984953081727,-41.277982179343375,9.432151973197072,22.94952839534282,-1.3986723356170395E7
18,20,1.7339620321079319,1.1633019023114588,-2.092063559366186,-42.52638485558813,-0.9836260945116959,-0.344617395905612,38.93558770566198,-11.562119778450327,41.558223577250786,2.8345426447890066E7
18,21,0.024644234176505575,1.2942633319862151,-2.8089535396755854,46.13066628090302,-0.7297005904542794,2.091729905217322,-44.5394101104118,9.818688931033877,29.082547972161276,-5.74447128266283E7
18,22,2.434369249099332,0.2746219848929702,-0.05398411678899029,-47.661850864009516,-0.46937543357897016,-1.9153608663294919,45.44874837744713,-13.586116989835928,50.37390677582401,1.1641708602578115E8
18,23,-0.6613581719456001,-0.9314739932537974,1.4852742643132515,50.7506227543885,-0.16312748122424914,-1.1440003594085288,-49.21562166145339,10.841488056295837,35.61239111606423,-2.359301304657894E8
18,24,3.5295092166853257,-0.14278640799373382,0.015420227961189081,-52.65445642105862,-0.3202996717132275,-2.671043688973392,50.42637868978389,-14.840179916166903,58.2660722681286,4.781343867113148E8
18,25,-2.251248181789342,-0.49203348829144145,1.4285782444345592,55.973646988092284,-0.9210865722155867,-3.1416357454638515,-52.794573343469274,10.203609593674402,45.991387762770515,-9.68983892097573E8
18,26,1.7907307429178496,0.40411982018737425,-0.9690332121676999,-59.26281813518251,-1.066308701096284,1.2783337567821067,56.7992786031926,-17.04076785378586,73.01738293119466,1.9637360069295416E9
18,27,-0.08957725875442324,-0.7578873403263564,1.0610167370649162,62.23526122083104,-2.2919763167115685,-5.14577124898477,-58.761470318688744,11.087306715449623,60.83691878540169,-3.9796937478419333E9
18,28,2.491307597705273,0.08394279415860928,-0.4811076216748136,-64.71461554981954,-2.1678618423984357,-3.006336411335199,61.77871456608226,-18.248273267989177,91.35982433740264,8.065219517236008E9
18,29,0.5642120208561608,1.4200687093899274,-2.5077270301566155,71.36742994134343,-1.4290969304295384,1.6413775408767197,-67.31687304732675,13.562847184615505,75.34489174891957,-1.6344917526381063E10
18,30,1.314615270487171,0.4954976496241398,-1.0756776943871038,-73.92038445185185,-1.5803384273956724,0.09277365207154253,70.47802871779965,-19.409710767640185,108.46503805563215,3.3124495452317703E10
18,31,0.8990339336842638,-0.19221491685396275,1.5930000965538373,79.29201617686641,-1.621798086630009,-3.9076239429089856,-75.13328847225729,17.60084433154376,86.81949294592332,-6.712987069000103E10
18,32,1.167422585722384,-0.5390837954416069,0.0895483687854306,-83.43306803987784,-2.0678921725148824,-1.4785819922822652,80.75812926562581,-23.305545432175556,125.2637631153872,1.3604492594409026E11
18,33,0.528516966614824,-0.2815921622071611,1.6983128675169792,89.93193662212003,-2.573391639420133,-6.567111527142281,-84.97516662275916,18.122687819407307,104.54505422744103,-2.757076945093614E11
18,34,2.4352277488691185,-1.1690989272909236,1.7104806717413747,-95.83164431865957,-2.9203712756910902,-5.405348959611126,91.4100209514672,-24.287525232381373,146.73848314404478,5.58747283262915E11
18,35,-0.48992458950567297,-1.4850704334016338,1.9336226070872318,102.13592396488576,-3.1612375161829505,-7.339300695029947,-96.58841625075087,23.050881283662456,121.39361383725347,-1.132353332161005E12
18,36,1.9872771479378541,-1.4503635324009192,2.1482934683138915,-108.46466705396209,-2.2456967424512193,-6.028123117055218,103.69014801904073,-26.946549732705606,167.82132474189467,2.294819334392933E12
18,37,0.9123450063795256,-0.33148938796357486,1.1466364819371608,117.1838235656645,-1.312962374280741,-2.58607513525851,-112.44406743949837,27.906098079534548,133.42954154248957,-4.650664795223603E12
18,38,0.6182135184754622,1.0927887507574172,-2.2687283744799593,-121.7768442483837,-0.9091381148219442,1.7016547372701516,115.16557955424021,-31.142842150988486,184.99078247706336,9.42500471061203E12
18,39,1.2099320031704461,1.6022402022229114,-3.638975345251689,130.94686044720314,0.6391778250080484,3.377402200642339,-125.61680430907165,29.40438740949772,144.72877993021848,-1.9100648553921223E13
18,40,0.49436105099773214,1.0076001209308623,-2.3003969920105503,-137.86551156020354,0.8895806142201281,5.112069490808959,130.8428197085753,-35.80679419136177,201.8522515243897,3.870924061881192E13
18,41,-0.36909769385310787,0.970526761124736,-1.7610293914795827,147.9872319739877,1.7501651237988125,4.413633275874237,-142.60798109686314,33.727473085987754,154.51611600020618,-7.844787600052386E13
18,42,1.7268714196074588,0.7312168263199064,-1.8588960545154816,-154.6416854246873,1.6899634323103918,3.8346124141908673,145.9421821211729,-37.931008695044206,213.11855531301148,1.589819162193834E14
18,43,-0.30450143860101075,-0.0734981356093789,0.18630260691909775,164.53014491066241,0.48682333643284204,-0.026679193257327483,-157.1297050606716,38.03986936079072,162.33677075667896,-3.221916382366843E14
18,44,-0.4490497412162293,0.1330746160434395,-0.1619575491250252,-171.5114673546458,0.08417696210682903,1.1087535212694872,162.73489064049303,-42.64988896497981,231.36779811576463,6.529513181003141E14
18,45,2.625460474071562,0.4445578465341151,-0.3996770533443341,183.8291082352923,0.7266395824079233,2.3839119689007644,-175.56008603040982,42.26720534257774,173.07133383277926,-1.323266569369452E15
18,46,0.5780871276109879,1.5880012519029123,-3.984805865302514,-193.76492066205023,1.5577862032768994,7.514902423054728,184.77811603247883,-49.340735436627405,249.27072117084714,2.681722764117973E15
18,47,-0.8461893491182262,-0.4308339530881039,0.6427380534766903,206.8515925162458,1.0952740312003293,1.3247474827143217,-196.6400126727131,47.16498452641432,185.98177958130898,-5.434760576635434E15
18,48,1.3319559556503238,-2.3145423101222264,3.50721355652993,-220.43775997594983,-1.9585268818111954,-9.291619786678291,211.25907510768945,-54.10038764868524,274.48576712757887,1.1014047731016612E16
18,49,0.8651675459100698,-1.6446987475882788,2.6532523949827636,233.7816538281808,-2.830667686490198,-9.290006017935042,-220.65766179338158,53.93525958985936,204.3462817319898,-2.2320992012533756E16
19,0,-2.3406948391684934,-2.763779901542171,0.5593247249909745,2.1395776655728884,1.3943398925444068,-2.4918209233915807,2.1706670697426995,0.536034263029714,0.4743557301235153,-3.5922889005257743
19,1,2.8590931352431883,-0.39200736817790005,-1.1554050536571814,-1.0311485888608625,0.4062404524051808,1.414856271283906,3.6506899053238406,-1.7500353786718337,0.5556455553703135,9.97482220365246
19,2,0.8161497517526914,-1.2169313572256921,3.1131069152628994,1.9393431353788424,-2.3241104375445545,-7.617246160500389,-0.03559405854038489,-2.8777536138972146,5.573377071100782,-23.51315355412663
19,3,0.7234176584036319,-1.2224300867380742,2.7900258132855367,-3.005628635991214,-2.7541045604013785,-8.087235036691146,3.4733730496665522,-4.470752521832148,15.474740194012492,46.18676137413893
19,4,1.7274218419725638,-0.21870382835648944,-0.22839416542511137,3.738534630151501,-4.133654915101141,-7.475396357775985,-3.7696742598102624,0.6070847754578006,19.3487489987637,-105.74394669398386
19,5,-0.09935249550269021,1.4536960146287448,-2.9690327530915375,-2.0183708157763847,-3.2366098119504083,-2.556055065972741,0.5380460683086031,-0.9612518628282878,24.343228411636737,206.34429383422625
19,6,1.6964956667181084,1.7759546769932144,-2.474645886896338,5.114159309701673,-3.4554441628651134,-4.009256085756462,-4.579823261150285,-0.5239113297136164,31.88122714733416,-436.7642047672397
19,7,0.8214038326994667,1.4009753801547353,-4.4639604217634075,-3.624482911425653,-3.891966541984652,-2.3190714141927424,3.9241954992735955,-3.568267726626783,43.8625084164225,868.1727002642047
19,8,1.1430880131545758,1.4370553631591816,-2.233076988600927,6.463535632159669,-1.8374560537152345,-0.783111845656292,-6.748631587723422,0.5081793844088667,45.301291575324825,-1788.200928747319
19,9,1.4250796550883764,1.7160308392715753,-3.731666621554445,-4.834474382999142,0.623633681367423,3.918688285332522,4.175168388163723,-3.796329330453961,52.22367547788966,3605.083197983596
19,10,0.12270983195598495,2.0661458640165273,-4.56718979313439,9.206376609609705,1.7142172137242577,8.764620910887102,-12.072255870396434,1.0777402826898064,48.89164601421398,-7342.161353223843
19,11,0.5872098646735394,0.12673135596395735,-1.3557796864400848,-8.214185976168856,0.4443675512769303,2.095202923887082,6.223960002075495,-1.914135315045237,52.34077897656098,14863.478298422875
19,12,1.5076059950416802,-2.1593829330978345,4.095168170738565,7.749185615988763,-2.4971762937385376,-8.455809357444078,-6.4023735134838216,-0.9866484199837341,56.92594106595337,-30159.472230450814
19,13,1.4108245298669724,-1.2913956903871477,2.4699704594240126,-8.519323353023943,-3.2624106558830483,-7.245901723493634,8.395181635203723,-5.268958932234911,69.7120707364997,61098.67155701764
19,14,-1.3382248774549779,-1.7858123554914207,3.000040456876674,9.975920649894212,-5.352979996150507,-11.945695780697942,-8.9180314609422,0.394975950962307,77.87246972482764,-123872.7996602732
19,15,2.470356291382305,-0.2964571417452687,0.6049206958096439,-9.791854979260874,-5.342756826752405,-9.735443698545549,9.691284201917709,-4.078653561165222,91.01253692978945,251007.92467953675
19,16,0.17216834385353663,-0.574464823297977,1.020575253881426,11.039748065405183,-5.7050207570231874,-8.50330041490189,-10.430295496679237,0.4461351405320181,100.40164276014755,-508753.37724514195
19,17,2.5372328518245713,0.7753445881826797,-0.9320787501331379,-9.933655250415374,-6.85807795426097,-9.531412006625674,9.237686817364004,-5.435172562699785,119.49082754212743,1030989.7265540265
19,18,1.6344862355970782,-1.7444103735391776,2.9271217192098162,9.163565706891987,-8.26853326900187,-16.83519144183443,-7.684155948326893,-1.574101636114183,136.17513761347473,-2089473.9355756056
19,19,0.050033582464092174,-1.8067629318410334,3.357614833727025,-8.501544487640652,-9.904750601311244,-19.538020772619664,9.371888773489868,-4.711957875981241,161.3534247579576,4234446.538279186
19,20,0.7157485540654952,-2.664742971511332,5.7719337576731,6.607328710481734,-10.661419459645643,-22.88961156498078,-3.9599183446903705,-1.3363569249269602,181.43322707732298,-8581595.71434668
19,21,1.529863588404615,-2.038747060078867,4.370774438722986,-5.71393803787703,-11.58610873175362,-23.33635729571248,5.661867726661489,-3.251872956831377,207.2283816841833,1.739130732606682E7
19,22,0.2040671502075047,-2.1686620372115986,4.748947637482096,5.061026836599285,-12.458428981094487,-23.729793926118344,-2.6919159701154474,-1.493099917809381,231.6000091791939,-3.52452221376532E7
19,23,1.6138296181097762,-1.5822106672152316,3.4347202470753775,-4.769415943299327,-13.774220849349913,-24.815668716798434,4.362464174691064,-3.7541144291002078,262.0684638033573,7.142759808954518E7
19,24,0.15724515251155197,-1.186435538115461,1.1300081683938192,4.170704688767202,-13.375230203595956,-23.203512363926155,-5.102975601967298,-1.2150880660310988,289.64193243755665,-1.4475482180313686E8
19,25,1.213026649542863,-0.5976865296646054,0.4782928306647497,-4.1520466748131,-12.46936402991874,-19.334089087485435,3.193748358373234,-3.0432002055840184,319.4552062055275,2.933589497351363E8
19,26,0.3036214461242679,-1.0178551027048168,3.2890717235973463,3.936692623954592,-12.54753193350644,-22.80595337928558,-3.388564160393832,-1.4596648749893308,347.53407950850135,-5.945193731510793E8
19,27,1.4745164554364845,-1.0179654907860007,1.4978588473657057,-1.791200226195993,-12.565853355031859,-21.60692767614282,1.8184483430154956,-3.8184117158690065,380.7856839029102,1.2048486084133124E9
19,28,0.9223271412243289,-0.9882373501681789,1.636915950899149,2.9036567695111657,-13.722133087019788,-22.517739059464873,-3.3912069972275463,-1.4481997853229986,413.7286636319157,-2.441737966775173E9
19,29,1.1844697001075393,0.47546209261144534,-0.6279862516841856,-1.9201316237708606,-12.121910643246105,-17.01846520343333,1.759538830922776,-2.155761177880139,445.68769943576444,4.948408841680647E9
19,30,1.5482076579505137,-0.38166987999644847,-0.6761140805324142,2.8925035375016774,-12.565576843289675,-20.085938369900646,-1.9584147345706102,-2.180121359965003,478.3454390998722,-1.002841095891982E10
19,31,0.1792131819535298,-0.9055553931714297,1.8751753466636771,-2.80638535564411,-14.0080675461728,-25.54369872438978,4.06564796695791,-4.52409837049521,519.1516494519512,2.032350717114092E10
19,32,2.9746859181026712,-1.0336736827741497,1.6466814028439871,4.154161104132963,-13.522025529033796,-21.188763201031797,-3.958699590810605,-2.6774553304402335,556.6501007577002,-4.118747762020936E10
19,33,-0.1027436962607064,-0.7112679877181243,1.3722317550803476,-4.21746991503358,-14.479792683223996,-23.830328791275463,3.928210416184803,-5.073041055282598,600.7861053312687,8.347025344993086E10
19,34,1.8957955471809735,2.771611934806407,-5.341464531881036,8.029420322319067,-11.369424849552962,-11.250227235413204,-9.361792633776842,0.1039874346697307,633.483252453325,-1.6916023152803018E11
19,35,-1.3286098804768416,1.474391703931117,-3.4017603569152475,-5.819769363236106,-10.650038468281036,-13.991947374220626,3.423376576192695,-2.398850858051523,671.9735014891044,3.428189404338063E11
19,36,2.7099853063474435,1.951593047395499,-3.34773875395406,8.023341260862058,-8.42255994218607,-11.215678387826108,-9.406707846908265,1.0561689834200025,700.9628479909201,-6.947544646774731E11
19,37,0.3862457592822433,-0.790295165609094,0.3566949830484982,-7.500315134870292,-9.516632012975911,-14.977481021065278,6.8212893650271615,-3.309763590342854,741.9635789766243,1.4079845331457708E12
19,38,1.8908569519980007,-0.7562252754266707,0.6360048860067343,8.357792445740033,-10.270381500033851,-17.680163544196734,-6.7938393138885536,-0.38540709689551433,779.7729545525959,-2.853411596734679E12
19,39,1.591028374763601,-0.38341832539971754,0.7074017829487504,-6.8842591989546165,-9.793224999313974,-16.4280405149925,7.744754625631649,-4.788721079132216,824.255307765659,5.782703962250801E12
19,40,1.0827531704677,1.4428160547651698,-3.6190388191859344,10.94331761977445,-8.481439660285158,-8.705965399916918,-10.260922054575527,0.35352943790814073,859.5590209107055,-1.1719187360504605E13
19,41,0.3276010634641817,-0.9776254210306805,2.3481266759772645,-11.5822690797807,-8.878613911280453,-14.846726153158976,10.17401620432675,-5.3970089688302485,906.5882494956671,2.3750023047885438E13
19,42,3.1853308174446138,-1.2760996850347854,2.269802719093356,12.390495115479881,-8.927255832019934,-15.719495426537827,-10.864595221643533,0.2401161966149921,944.1526315636949,-4.813163041431467E13
19,43,1.0373777447015913,-3.4573047074566983,7.029737362446416,-15.226444419735294,-10.469436696820734,-25.378083940315616,14.867973247834556,-7.408348698121562,998.5128652802728,9.754322518479125E13
19,44,0.6254409257977441,-2.5136907595026208,4.673276424362974,16.129397925627504,-11.707862278336634,-22.96813901931544,-15.196911202931128,0.6250595405489744,1043.4958522204772,-1.9768041717317916E14
19,45,0.42876925168499447,-0.7119648998449849,1.9811590756865742,-16.473618727026448,-11.91306771894224,-20.751936483231663,15.488936136250691,-5.579745814621294,1099.7935510115437,4.0061774930617925E14
19,46,0.9835492817490386,-0.707873580270987,1.9290999909083504,18.19764940816929,-12.897248255392824,-22.35683095152561,-17.217545213761667,3.4643016659244346,1146.5207391401616,-8.118891256633198E14
19,47,1.490089149824165,-0.49876188763299667,1.8487834126951674,-18.939654421891046,-14.334557477193531,-23.251506889131313,18.22939714718063,-6.53192609568317,1212.5989880642674,1.6453688173107512E15
19,48,-0.5848932678987528,-0.8657200378837708,2.406290359776496,20.028814346225687,-15.526552343043672,-26.179636819210906,-17.065748293403605,0.7940484062036216,1270.3761026671928,-3.3344929244720485E15
19,49,1.3880038056732662,-1.5081961162052462,2.587278481275114,-21.281611195698357,-15.733129605597268,-27.690837627326356,21.088977691184624,-8.873986750104715,1345.6473909920205,6.757660012983459E15
0,0,-1.2960042241242007,0.8531292336943976,0.987270840530002,-0.7306374369341775,-1.474898071669144,1.4779500593438009,-2.3405504543622944,0.7707632202957665,-2.5755931597792188,1.7458661216256055
0,1,2.427921724382136,0.21849592696516795,0.8377943663883918,1.9550289757968429,-0.6358839062277026,-1.2510437772469527,-3.312196164116819,-0.703263158638401,-1.9155484221655266,-2.510436618203932
0,2,-1.9527932793894105,-1.0059953190148818,1.5354653283196174,-1.7729719871503384,-0.8873632156434582,-1.641661178087242,1.1539023909860886,-1.907615399073848,1.7502739449533389,8.189492953856636
0,3,2.629388505448171,-2.0315235074871367,2.3783059878991386,1.322114053837708,-2.4781517727499747,-5.970646036851413,-0.04072984861775897,-0.7368174776429842,3.9377263299082967,-17.66985240041242
0,4,1.2283289015602346,-1.327312652882612,2.3809030189628806,-1.3895189111308202,-2.4377791848972654,-3.6428422366963966,2.690105309574414,-2.4380622960446314,11.010954855236436,32.57262754566182
0,5,-1.1949671984139933,-0.5486034051058434,1.0812989225327132,3.671784391138597,-3.416013010862727,-5.047165942233695,-3.7977396494332245,-1.647757255006493,18.596927916119963,-79.63400782562827
0,6,2.191396930123852,3.187379373517702,-5.015081472062051,0.019609160752198984,-2.915667383019514,2.120368366012113,-1.2485878386798723,-2.9303609293638053,25.48386870206437,153.5381328245745
0,7,0.23044329868737304,0.2916516238237492,-1.0488287911740695,1.9297223141186859,-3.7536839671893265,-7.438760778656857,-1.8987304239989586,-1.9279022100106726,34.692602777847156,-328.37654367762167
0,8,0.34601509945771736,-0.16281715860312654,-0.636688094563409,-0.23416456155594223,-5.208222836025691,-4.940598755522748,-1.536056272068779,-1.722970043536328,44.303032260670875,646.8953788725636
0,9,0.2441486332146905,-0.4312977992757719,-0.22359492785023172,1.4958688166432803,-4.749393687779356,-7.585599285689652,-2.1521057084758475,-0.637520018040851,53.29034093619954,-1337.0421720074821
0,10,2.6752779929719193,1.0375693997148552,-2.24237925885994,0.2097711629155954,-4.067711996851776,-5.156846757548397,-1.6469419379136438,-2.4025389389049434,63.164682246392395,2678.7468429578557
0,11,0.6158923779019387,1.7178100725891974,-3.753337740643638,3.2209755953636217,-3.6415006177977745,-1.677944321577241,-4.126418103923123,-2.7757551185088927,72.53476890527614,-5468.510611803239
0,12,0.14202420876062982,0.45049680129578495,-0.6491377434928512,-1.584569609103101,-3.3921532903521108,-5.311481096993681,-0.7536390627875018,-2.4948568121522587,82.42575948280452,11045.120593210488
0,13,1.8738057894402833,2.0917608218560892,-4.055318915568487,4.550787380254148,-2.9438075508660875,-1.080753838388182,-6.640728426683612,-0.6999512978179944,89.13236525507996,-22433.939882004743
0,14,1.7192566353490464,-0.3269048932471732,0.6378228593190787,-4.177435674555711,-4.336104671730249,-7.391275293851625,3.1058201360065536,-2.335105674359892,101.97795830018497,45420.24377887172
0,15,-0.3890677948118785,-0.7831227507832377,1.7003631596269586,5.856046106364339,-3.4939847526316226,-7.18657261413493,-7.270314421313625,0.9841494900253352,107.47304763693721,-92108.3649475972
0,16,0.5141437748735389,-1.5850407217362168,1.8812314600808047,-6.577141712698112,-4.95878913455223,-10.415641881316917,7.156112625612524,-3.217891161465163,121.85435003930621,186613.60814181028
0,17,-0.026561138532206208,-1.582091067924454,3.1773220286053947,5.942304526720745,-6.356969399784924,-13.713605873553993,-2.9927621063528163,-1.6745733963587277,134.7247308058856,-378263.255168705
0,18,1.9974486557895859,-1.0550379938479557,2.4218338031054825,-5.450051344412639,-7.127910052159317,-14.712217288372399,7.107770364262434,-4.205305940149138,153.39478490223388,766516.8811014683
0,19,0.7427038122120078,-0.22445752648449246,0.8107182360637271,7.506751583456897,-6.002343322438028,-10.507299422236443,-6.602639319269776,-2.878057867937521,171.67234948619398,-1553513.1350933656
0,20,1.769444221120286,-1.3447602027424943,2.11616640060925,-7.772290042660067,-7.518858623813017,-13.824307142199485,8.872989591463266,-5.672423200654669,195.52373586330526,3148250.2628405467
0,21,0.39448557811701435,-0.5795075368399147,1.6477158096826958,9.597749207311857,-8.284852154126778,-14.204906849793376,-8.627599090576894,-0.3530051012547101,212.0175022167985,-6380339.431641965
0,22,1.713630181426924,-1.3566914363120472,3.336548403348398,-9.79035511903187,-10.516349274398406,-21.770780596482467,10.3904405604573,-4.033996335580774,238.71119506783256,1.2930243868799856E7
0,23,0.682691058228425,-1.1018839680322423,2.9267750913404456,10.16337272883821,-11.198965318398512,-22.06603069372437,-8.775482247308052,-1.7476177527615577,261.52967883792235,-2.620448506226809E7
0,24,-0.09156215165487991,0.39437381212324807,-0.5430262557088619,-8.839976824992934,-9.921068104744503,-14.83087983517646,8.219586818003043,-5.728628352759383,291.5435536566017,5.310568960486102E7
0,25,0.21664277406595644,0.4347978303405262,0.41612475630245105,9.785214281141313,-9.745299898335938,-17.31424439588532,-9.431789004900635,-2.6940044607405595,317.9232985713958,-1.0762379184179966E8
0,26,2.3959721285067475,1.6576729973141082,-2.8047531466849707,-7.200785937295973,-9.431222375648963,-10.85911144715214,6.441433331146289,-5.5833383013128115,347.08058366245956,2.1810945454961908E8
0,27,0.4115374506358457,2.1784040974704224,-3.295093437889851,10.242713091818615,-7.534662797995011,-7.161567382188345,-10.004712127633958,-2.042080475443548,369.9319677444957,-4.420192958081027E8
0,28,0.6664797344128176,0.23643464252933954,-0.6082907143022727,-8.572139908903296,-6.978397827772211,-10.396545151213962,6.808976120483862,-5.255789862613095,398.5559824758303,8.957930155333979E8
0,29,1.9257584552106803,-0.004013249014172937,-0.9275069063267987,10.115824549138862,-6.739586706448416,-10.967700012977799,-9.858341529381658,1.1242013061905343,417.9142178457894,-1.8154080808408766E9
0,30,0.6170539373977102,0.4420541796904388,-1.2758767617409745,-9.353357132174056,-6.677625681677204,-8.13441741075102,9.193487731707647,-3.9348210950179965,446.91766594320507,3.6790930853579154E9
0,31,1.9539852915700298,0.03852813582704129,0.35750151159109445,9.550786622451819,-6.62391252105422,-10.967780334685008,-8.929950036686,0.6926770405036226,467.09693224456765,-7.456024540684634E9
0,32,-0.9260793695076037,-0.9936079369738867,2.29694064234169,-10.10882630383073,-7.972133166447031,-13.773965072905204,9.744816733994755,-3.180604594072484,497.57524534753986,1.511032688263163E10
0,33,3.2777212181441806,0.14841694037724557,-1.235673057582055,12.325737570517946,-8.959794061425857,-12.40703209904568,-11.2184561885208,-0.5151122330898741,524.7090068765896,-3.0622482945092083E10
0,34,-1.5127866575920799,-1.3672630000050234,2.2731035547085345,-12.855353290711685,-9.059696066954546,-16.86244627716362,12.771627196666783,-5.587421977344747,562.7267906074774,6.2059309246566284E10
0,35,3.387464681824639,-1.2942198490484422,2.775322969418159,13.262338518832525,-9.365791801239347,-17.548330278651893,-11.087800919787417,0.6590461311777723,590.0299001779308,-1.2576896190724132E11
0,36,-1.024495872684637,-0.45987987574668165,1.7306949564162861,-14.573554657417091,-9.447870963702131,-15.843247636614754,15.10929858850975,-7.798569243777923,632.2336068298321,2.5488249727048767E11
0,37,1.1174080519758476,1.1936981913932398,-0.5141472322767078,18.510757541894492,-8.193571182891958,-12.78629729599673,-17.06334620639957,-0.8056387505469218,664.249032332959,-5.16543084676844E11
0,38,2.4845425345319403,0.9597028537388351,-2.5528611526590996,-17.229509461417205,-7.897108757039264,-8.107977422379282,15.81733103270911,-7.378464373765913,706.575017626031,1.0468225982824463E12
0,39,-0.12360637977430977,-0.5505960225877103,1.3704444688707857,17.650683683227786,-8.783520709109146,-15.776034911756168,-16.08680970848972,1.0984059683560112,739.8775566705963,-2.1214833483489543E12
0,40,1.197666880635826,-1.5000023764993933,2.8290142132204883,-18.48475818349148,-11.341693989025398,-23.845795641934572,18.185450083949778,-7.589285499467225,789.7559674035863,4.2993832989841055E12
0,41,1.8771834534709737,-1.6508361656129575,3.9937116828383936,21.640728094881517,-13.47476720126463,-26.21731050491678,-19.827733853550544,2.43070281486571,828.0767065056386,-8.713100090370053E12
0,42,-0.5608697031495998,-0.7881508012189504,2.635248598499028,-22.21527025842473,-14.71615729448892,-27.558151192824283,21.313417869416387,-7.139166904620231,885.2523866613949,1.7657907634550234E13
0,43,1.8895951236382902,1.215828619236639,-3.0810230670414986,24.631729531486428,-13.448032408926897,-16.532849516857596,-23.551712833281208,3.834627720085197,924.4223554322265,-3.5785391973969516E13
0,44,0.9167291041232889,1.0289937554448056,-2.6055964148545607,-25.136909314813437,-13.15300865711545,-17.4387519468754,23.748434380925865,-10.136171194177905,987.2320413208159,7.252242480860522E13
0,45,0.6770434507663273,0.8074163847774254,-1.8025605433890481,29.092100924324626,-13.166062257647068,-19.01378980244047,-28.359068476222458,5.482452739618593,1026.6545363770963,-1.4697343832368722E14
0,46,0.9005739348000726,1.296940270142748,-3.200409382065687,-28.47996212415152,-12.244313840430488,-15.016770974558483,26.863846306815006,-8.669405784097595,1088.3817799260821,2.9785534101448106E14
0,47,-0.4326663128186532,0.9391317976504243,-3.4531522969022554,31.25999837187777,-10.216113795588894,-13.27143488002608,-30.221184678292346,4.026277974856125,1131.503352518698,-6.036315485503976E14
0,48,3.493767513778189,-1.2891974060198501,1.784158955768751,-33.11982944719384,-12.41060361574473,-22.177701950863156,31.06051539468815,-12.08738895649518,1201.5403515042033,1.223315469730263E15
0,49,1.0733891192239484,-1.1324839162239788,0.5877276204563411,36.07833475410423,-12.501258652123676,-18.8792185657573,-35.89269329847072,6.035659038183362,1247.2382420033064,-2.479162565436331E15
1,0,3.929276463486299,2.1045306411468596,1.3226809950957523,-1.614682764709034,-0.6687823796743271,-0.6525512688773186,-3.6189459415623,3.5580369544364348,-3.5699075389823456,2.040847749306168
1,1,-1.0752317220688974,1.7994760755853214,-3.066977941535593,2.496209849259717,0.39596862228273816,4.281894494133702,-4.4553399168047845,1.2595559455594565,-7.296457059972694,-2.9629363803556243
1,2,2.143319269230621,0.558893763119011,-0.8200613066528449,-1.4674011502030553,0.17193351471860496,1.333085560830208,0.5642342498234683,-1.3781158890955663,-7.470770263363373,13.203621516144095
1,3,1.2186853852673676,1.207600894850955,-2.6428043239661183,2.6147434700412058,0.04130320139693833,2.6045733027906492,-1.7596468410603123,-1.3071550746584195,-6.716645932319735,-24.914610031866165
1,4,-0.43998212188260477,1.1482137066072124,-0.7772528228806654,-1.4092203630332585,0.41851792053867654,2.499188381184628,0.47516856252610573,-2.713726568359303,-2.5156296147547708,55.80839539294307
1,5,2.1535782206164833,1.7173152277409605,-2.7865422658249637,2.8479072103086533,1.5764235987090336,7.6118709585549205,-3.974767157135539,-0.4107937890574672,-5.707874556636383,-111.93045416412367
1,6,0.5586028489732744,0.8333464166243967,-1.3022292748693742,-1.6023594810320354,1.7940536213209946,3.794028179411423,1.343863395562861,-1.0388236160534507,-7.988999694662541,233.1979678001551
1,7,2.4572443156887314,0.16835963124691322,-0.2371259990267402,1.6043743800046513,0.9101632079375523,0.4510033705067018,0.49052326699456605,-1.7991556957141992,-7.595401395640437,-468.53847008695107
1,8,-0.512492666398522,0.017929081278386466,-1.1448645968064706,-0.18160653543413008,1.0432805848399234,4.2420357776418145,-0.9769352893999881,-0.8404900908092848,-7.485319841560387,953.4453856220761
1,9,2.2591168655070724,0.9670324957981373,-2.7200918148055933,3.192679850953044,2.0142425292035084,6.788936801632459,-4.309804886941987,1.8849990534909815,-14.422093022693666,-1926.8961650063125
1,10,0.013730147540144705,1.1290629274973263,0.11955986953392017,-1.447334108334886,3.614742387644789,6.854258050991724,1.1764497306834394,0.26239915992636575,-19.815005413033298,3917.547572543745
1,11,1.2664132710462206,0.9686178697384469,-1.982384705084797,2.1327659193597617,4.673945966730486,10.330410895451944,-1.4061317496450139,-0.7803498062334899,-27.000040953434183,-7928.605017194425
1,12,2.40976447428027,1.3196980330767463,-1.719558242775887,0.26461607718210617,4.408171244313518,9.073214441493354,-0.34340740790421864,-1.0254861588952067,-33.879997117251875,16085.487702429786
1,13,-0.09794619576734895,-0.6830028069077523,1.1635179683144485,1.3337574805703385,4.0976647399613295,5.791998059895026,-2.0243810805261755,-0.9434995090645214,-40.644734936391295,-32576.87034085472
1,14,0.9271262427576348,-0.11290672357227324,-0.9648857886379901,-1.1870808626717988,3.4430509195942625,8.52690784107544,2.7428608656580913,-3.1388631262245945,-43.96099808769058,66043.88494714974
1,15,0.39857383027582927,0.8277018428236591,0.16089299863888984,2.51937341339286,4.577446817552532,7.953202622217637,-1.6847156241866814,-1.8120725838004392,-49.54234899377466,-133819.7182284008
1,16,1.7821916429631361,1.8649626516025575,-4.445951925167962,-1.2101044511637722,5.581927263228141,14.695362892157716,1.149877458332102,-3.5347810723977213,-53.04836488715299,271227.70345836045
1,17,0.7779984320403908,1.0605124862200823,-2.8199679781817863,4.038441115309203,4.586572388260524,10.103821884826017,-5.101010727185247,0.3116958925105511,-61.15800898422566,-549642.0662654082
1,18,0.3052490073031192,-0.8885345854469707,0.8406287405541184,-3.576348368019746,3.4695231239058124,6.107182977541381,3.34681959077196,-2.3308538659810223,-64.83888537318968,1113938.517459913
1,19,2.6615970279577303,-0.17990783564108018,0.24444400690458343,4.780299837146865,2.8333048118755184,3.138147942955689,-4.047717326306015,-1.7286745032185449,-69.97833729793366,-2257468.3819070715
1,20,-0.7427387119948861,-0.4072802653568751,0.43113990334197905,-3.485087057311432,2.0095442762855766,3.0455520230682382,2.501451555537718,-2.4643883485247913,-71.64806876721153,4575011.842671719
1,21,2.12206765349814,-1.3223938399852746,2.7596886160874714,3.8982206133905444,-0.03950790897717715,-3.0908420407674533,-4.4712946768536925,0.6235656470555296,-76.48744174674582,-9271650.695901595
1,22,2.504575027961252,-1.5758877545094745,4.373648893166805,-3.2176367215269552,-1.8210493974071125,-9.030033896607492,3.126491942920019,-0.051084590712047184,-75.70259032012227,1.8789908485306453E7
1,23,-0.8155187104392111,-2.105286593927632,4.140627509413261,3.2675462379220175,-3.1521993689140597,-11.016374543230416,-2.916546798195461,0.4826464967453965,-74.65119990486238,-3.8079458456096485E7
1,24,2.0125741381857476,-0.07456030756673271,0.10097989127740939,-3.1979700961759714,-3.3355151866391743,-3.9450042008285098,3.29110940753296,-0.9769192417484187,-72.37678580746751,7.717160914943355E7
1,25,-0.162257189726896,-1.1840043542589533,0.5941783677163761,2.9937707631143478,-4.596217364249248,-8.64206088830882,-2.7251437755697756,-0.6161254488766358,-67.97698918715237,-1.5639540679774967E8
1,26,0.7972799317662728,-1.6783892203246484,3.088531429312424,-2.3318397190478377,-6.255477821848637,-12.508818574822422,2.473062518391906,-2.328086112703045,-60.56646265323238,3.169498762323513E8
1,27,1.049183540724679,-2.141299597426677,4.840928472188765,2.410804714786645,-7.393495654537787,-17.990057085617345,-1.459352648629226,-0.39763543659886147,-52.55557322031866,-6.423283713616538E8
1,28,1.213020746453161,-0.8087293596856597,1.7247911512250587,-1.2627344164223318,-9.300851226165861,-15.696684596774238,2.6802775164027577,-2.037231888164189,-41.15824398091074,1.3017382094730003E9
1,29,0.052951833056765873,0.5034232664704908,-0.6561495630506073,2.3318412651462403,-9.04683256035902,-13.757777176147506,-1.7097239708902099,-2.3758022483049133,-26.74255730192846,-2.6380935238878856E9
1,30,0.018089824370079333,-0.35173945420171165,-0.3485663933324714,-2.2179794779967357,-8.407611813880525,-13.200367192102352,2.271892872414781,-3.204956996524612,-11.198359632396846,5.346341879518467E9
1,31,1.923444075108488,0.9029605799678126,-1.468130705918577,4.471211642785861,-7.786684053626344,-11.181223564290198,-5.128636660088962,-1.3119652994269986,-0.8656393909065647,-1.0834859018646772E10
1,32,-0.12608622680464499,-2.1833129170424255,3.621973868273928,-5.095574475428658,-9.850847485720557,-20.060757364423257,5.299879490631819,-2.4655467455095597,14.716350146528256,2.195784942824639E10
1,33,1.3287885416863647,-1.0342287753464576,1.7453242631368828,5.851900403539483,-11.117161671838344,-20.779406314479964,-3.9422105001074437,-0.9502882491021601,31.89003793472539,-4.4499623922173515E10
1,34,-0.2702913464654293,-0.8895247027350004,1.1216481940407461,-6.359652719406732,-11.808326069813136,-19.757914776044437,7.168954232864645,-2.4988734847733105,52.90986666528153,9.018262624519727E10
1,35,-0.6241290149574659,0.3395618948149335,-1.6567843023193403,8.28184594743617,-10.115257321237173,-12.533464957577296,-8.01720271695881,0.5849390104831192,65.80771749490859,-1.8276347893923447E11
1,36,2.443719717769864,-0.27083802021341263,0.5872828729131983,-7.769759062639216,-9.790151125459433,-15.574190072372136,8.075540698064149,-3.304104640526943,85.69810193607461,3.703871866983467E11
1,37,-0.8671944281905528,-0.6208721431951051,0.6647890290084039,9.381124584258737,-9.156448723300015,-16.448288035507215,-8.46192662936597,-0.032223330180751575,101.38706310877507,-7.506240792111492E11
1,38,2.5511839577171878,0.84699683356309,-0.9556057226271932,-6.985046679501634,-7.746244772766766,-10.441930658671215,4.656878377778538,-6.034030105192529,122.07612002654614,1.5212095030923965E12
1,39,-2.078841312180533,-0.1297211478918187,0.24950393790526532,9.051099301993231,-6.548027577685542,-9.930786714704851,-11.30049593493113,-0.19894114587886846,136.41636653331332,-3.082872527703795E12
1,40,3.502655924376297,0.7638787123759024,-2.2561003272964224,-7.3278380503656395,-6.3889720612564975,-7.8317094801011375,4.745452272634989,-5.125726578373258,154.64382530577788,6.247727878643353E12
1,41,-0.9705697445481143,0.992454709932352,-1.4298226677533388,9.932975748991236,-4.693140490666259,-5.515235455613818,-11.895486917738179,0.6606004580216027,164.48410768884654,-1.2661601573053406E13
1,42,1.6667709292369537,1.4941116429382282,-3.278289291701039,-8.495155356264641,-3.249157464945613,-0.3048395469009555,5.796015940369967,-4.19075075041837,179.34600671764136,2.565991309273654E13
1,43,1.3174672130946399,1.6938102064209923,-3.6667040680240155,10.122917088501257,-1.9003071764355774,0.3891308886342518,-11.263668637956988,-0.483245986190477,187.73287366672264,-5.200220020597194E13
1,44,0.16931493741471992,0.8694436767017499,-0.8782780716603031,-8.133525117309151,-2.68532744104,-4.191465229360789,6.356809796076384,-3.349568468471694,200.9624879167764,1.0538729482367102E14
1,45,0.5245642243952232,-1.443433054024048,1.2794965556715678,8.461827778450424,-2.5190588562353353,-7.497065555105955,-7.572883494502334,0.3152924526157013,210.0268663383858,-2.1357715377957875E14
1,46,1.076498401168712,-1.7223371147868507,3.6846963737559033,-8.698827245503454,-2.878178874036159,-8.716467070169756,8.31513959991979,-4.248708895164801,225.92205962778505,4.328339644059643E14
1,47,1.5492096237500195,0.4269892988859727,-2.0270723943209927,12.23007571133554,-3.440094263599123,-3.825490596739,-13.434228034677716,0.9575150885740928,236.33134511187228,-8.771782816096844E14
1,48,0.1794547559311035,0.5965776531085756,-2.4335169577299918,-9.949450351400397,-3.3319411822567604,-2.6497075653506683,8.101228397063593,-4.831777985734434,255.09942708765712,1.7776833636046902E15
1,49,1.7404323339681795,1.0473812823641562,-1.160345522610223,12.537276013360263,-2.131784696629563,-0.43146246225802143,-13.294594834008604,-0.5815175677142723,265.88487138401587,-3.6026406575389825E15
2,0,-3.932462903450306,-2.741384813778992,0.6912567900329798,1.4075931162293027,0.8484088398923744,-4.2837159111956655,3.1134343687519013,-0.536340843534874,-0.5334069691968049,-2.595056956318385
2,1,4.232371012249299,-1.724545205764579,3.2216588255532708,-1.5532657028842713,-0.19574192630046527,-3.073681629433235,3.860840335800443,-0.5291841183055372,-0.8070189621147891,9.70847729220395
2,2,-0.509909464041591,-2.6621263208981087,5.592800557501066,1.4309541259766458,-2.246342563964693,-11.365187013072678,-0.6279359522048733,0.8909562749935238,0.45053868527753665,-19.160221302368136
2,3,1.3831671042394031,-0.7568954554898613,1.9548138254455953,-1.500416699127621,-2.3991624081248646,-3.9897654109743037,1.909136998714486,-0.7195365383899075,4.688894261757611,43.61237115143901
2,4,0.9398163099500464,1.0684937072038823,-1.6280739494663128,4.332052213688138,-2.4877101979853107,-1.3804722251342925,-5.154162495253168,-0.9432593387335563,8.409703442635044,-95.21482343913445
2,5,1.3148269981810152,-1.1260855423356424,2.1006405628346334,-4.023509085766568,-3.1321683836139242,-6.22903500358975,3.729895210427971,-2.1965550157909686,15.029202020017259,193.82725430347824
2,6,0.8797152253181791,0.8635299131399001,-2.097282673746014,6.2366233388590695,-1.8779849073017192,0.5333117728579267,-6.304219530988482,-0.5405214231145419,16.645775145846745,-407.3527875204842
2,7,1.2286843832570489,1.4815787783812477,-2.8549511702608745,-4.927349075982311,-0.8412858269800059,3.6759331164719953,4.509669026084034,-3.0592406760724504,21.42314866382466,821.4091492868106
2,8,1.0034931455426424,1.6025232966136964,-3.5410544320596262,7.426367610141904,-0.025686580326721414,2.734091202157531,-7.179441395391631,-0.3294858319150127,23.103597702793213,-1684.6346111941148
2,9,1.5846031746360048,1.6801890466083467,-4.062342206292565,-6.028213919114254,0.6255945464754769,6.50767200714991,5.298801788991886,-3.6925198080369435,27.847304316457294,3409.5723855695423
2,10,1.1849814820020192,1.2524454952820374,-3.9024686716282844,7.64080343130372,1.916669574903695,7.52624117408746,-7.285259150237673,-0.6736586154936421,24.706399934485795,-6931.479318718691
2,11,2.146865685886494,2.747686829017753,-5.167350353249437,-4.757914129518051,1.8392107478651412,8.964856456881353,3.2264712352566858,-2.4166101794967396,26.06888997570099,14039.923384366997
2,12,0.5504769004585732,3.0312126230771392,-6.0706051919610875,9.114764046294265,3.8222267071440785,11.860901523220587,-9.796387197426576,1.430038615093181,18.410419461459494,-28472.8888925442
2,13,0.7140020836704581,2.2677486350650264,-3.4352167564976677,-6.086343601435389,6.065816186224657,13.611593689322037,4.113343162197881,-2.4319557121924484,13.435336819002613,57702.3727213302
2,14,0.25008088884927016,0.9788061325802246,-2.6711901081531737,7.133858755966649,6.316849051936748,13.30956027964594,-6.787109288816169,0.19007753785800677,4.454395207874972,-116950.91352129716
2,15,2.4991512041155843,2.150715121135996,-3.74679166089804,-4.966847600905013,7.615971813618901,16.96516728780736,4.6373278398465905,-1.7812558567147518,-4.679926914927479,237018.19900253238
2,16,0.7114355528432821,2.3226087246016895,-7.107388907947575,8.862659844489043,8.816740072600862,22.844854860535552,-9.244882401660758,0.9490354638481823,-18.283517733905107,-480343.4594295823
2,17,-0.6000931672529468,1.6821503044933204,-3.9654576830954777,-7.3248917972601175,8.836179849064875,17.16697480621023,7.024810203445035,-3.295771977576488,-25.705506128015642,973482.5486553402
2,18,1.696027613615903,1.500501573262935,-2.427974081268595,11.584795154836748,10.046707463694712,16.97130935260468,-11.747305328657404,1.3119695721226239,-42.563300701374246,-1972846.7190615216
2,19,1.4895636764510596,0.2519732113170865,0.31482290196059315,-11.033371207351168,9.242478985980123,13.600203400276055,9.139746902490339,-4.45470424445707,-51.261351995794776,3998194.385348917
2,20,0.3309351585781371,2.1205541369031904,-3.2518515397721757,12.806406068103316,10.445072520047193,18.959241739899003,-12.675411394124833,1.222899702170286,-69.23648975271395,-8102693.085151076
2,21,2.2442394562568233,1.8053700681454903,-4.758532674291066,-10.312930515223412,11.124284649524244,22.45484495853232,9.556879499193315,-5.1874807128753435,-79.69301591368982,1.6420913474573122E7
2,22,0.4530414725583947,0.4962903559755897,-2.130384548874054,13.62980856184938,9.788872245632472,17.64008944075475,-13.971502643947254,1.8392235123324028,-98.122148350883,-3.3278474725944165E7
2,23,1.92121351041428,1.6018429818598736,-2.707994094246505,-12.180190004887564,10.890355334029945,18.572033152117328,10.445713747839577,-3.272357662805712,-113.28413223420584,6.74419948704413E7
2,24,-0.1412179471915661,0.6071471525506775,-1.4215560241634135,14.02345152686056,9.09571180262428,16.217399802840667,-13.579953330839103,2.642085948208847,-135.84832360366056,-1.3667742075098044E8
2,25,2.951558638242125,2.5150235893350126,-4.791960557601123,-10.011681476631749,11.135661849270681,23.998948759962566,6.76978929926497,-1.7298177515335151,-153.48955671278037,2.7698959181069404E8
2,26,-0.09194304268482673,1.2631015236542769,-2.3695115959857134,11.019256758921408,10.84023919717129,20.12122308079234,-11.804020430571853,2.480899961506854,-176.58554246456694,-5.613450903566756E8
2,27,2.3474183580702097,0.5426883209670431,-0.8065623698005505,-10.741543870581715,10.50997085667894,18.79132290196148,9.346269937208016,-0.8867017174175043,-195.6902219248244,1.1376181435086493E9
2,28,-0.2613306701142737,-1.1960695589636061,2.2166475401188914,11.692054266602492,8.626682078353683,10.77218915215289,-10.347397298490224,2.5286179560046893,-216.0615046504842,-2.3054888656238675E9
2,29,0.38172420619651803,-1.988487214411377,2.674056829479385,-13.112225593125956,7.580962206796189,9.224132463592007,13.307142041534988,-3.5065150129466907,-229.07117072945337,4.672287728329537E9
2,30,3.3557061606741847,0.8313059741092335,-2.4377555578935777,15.980501306302967,8.195454301465361,15.989672493812582,-14.336593369376061,1.9941678301845296,-251.35650248294291,-9.468825484455334E9
2,31,-1.3559068492047874,-1.6189359333992073,3.3869499865208557,-16.919619524785627,6.729365410837975,4.793409782237946,16.17475555017518,-4.748411647808383,-260.6486158734281,1.9189455584790276E10
2,32,2.9002089132082673,-1.2432814751534775,3.8498054587409554,18.56487779056019,6.228514265628174,5.471046047994058,-16.458413071978097,2.9263499157661133,-282.3315393377015,-3.888921620100262E10
2,33,0.2809667382287628,-0.8812947143430628,0.023360091504713187,-19.35098996247376,4.812419555261302,7.097945545198023,19.378750615744366,-6.6539952273560665,-287.62964496667473,7.881261342867546E10
2,34,1.5993294507891178,-0.23401255824875394,-0.37965442386723397,21.132636795095074,3.97724921898183,7.590516518142196,-19.270310842231652,1.278498713475307,-304.7584307573819,-1.597210904043299E11
2,35,1.8450543069432448,1.2169094849306943,-2.5730192084227324,-21.116841286219593,3.660782108538947,9.904005661745241,21.44706469146903,-8.233872036878706,-308.28763239713055,3.236896436530254E11
2,36,0.6224577539584091,0.16453280331914244,0.250300155974887,23.299175667900442,3.086136516950793,4.217016011523812,-21.729565587960895,3.053941928580775,-327.3795993328003,-6.559871652438927E11
2,37,0.487005610455732,-0.5429962269036622,0.6625874571000354,-25.627567405903157,2.8738143000519605,4.255959660518555,24.404652773714137,-7.648606184840242,-330.72233830252134,1.3294189961411553E12
2,38,0.8065101115955845,-0.4122440539870599,0.38570643147698985,27.99357962260705,2.3310702085915627,1.5001441876370551,-27.25505244710105,4.599937775219749,-352.07884170350286,-2.6941912289811104E12
2,39,1.0319539999631897,-1.1231710355594462,2.203703053992968,-29.567221451745553,1.1558398162929338,-0.05317491227911747,28.24589084659587,-9.122143289005747,-351.427304853271,5.460029080447601E12
2,40,0.8039003723441502,-1.3172375562591594,4.014014004482933,31.963826493972835,0.45336151654337686,-4.2411360969134275,-30.97975956410797,7.3473138833214735,-376.08978706230016,-1.1065256703753229E13
2,41,0.9497345582894737,-1.3092932049262371,2.3346843998846283,-31.715044351032326,-0.8205537279259003,-3.476944608820508,29.91529264051465,-8.872685044247545,-374.94873524633874,2.2424771758362273E13
2,42,0.5275187120686624,-1.597652150443082,4.624679986199571,33.72181145965411,-2.5046553869436385,-7.948184524247616,-32.32149679169675,7.495545666529788,-396.8937434770444,-4.544588542955407E13
2,43,0.18634519412054384,0.7639490517083856,-2.2073985544443993,-33.7884128606663,-0.743611542767179,0.5910739179000781,30.715524516399917,-7.413939044721085,-399.0492518524325,9.210031320472142E13
2,44,2.401871998206523,0.3362858330313722,-1.1017845986665518,39.55045846020853,-2.2723004215021643,-2.660365992474622,-39.61830110553551,8.754034842610178,-423.99351363244233,-1.866498498642978E14
2,45,0.3700846442049682,0.2787494221124485,-0.20939384720667964,-40.315249359975674,-2.9273708628371766,-3.613177502858031,37.858574263170134,-10.436497726828145,-419.8695154072812,3.782632788336411E14
2,46,2.590001385528918,2.1632218860224603,-4.59402037376155,44.23932037329068,-1.6574980526517893,3.194260340511194,-42.88589596627991,8.162038603075613,-444.77713161735005,-7.665857123264028E14
2,47,-0.03541126996806012,2.6694530978970095,-5.920858608306236,-42.64006699484872,-0.8623518966803113,5.801852168727304,38.51342799488695,-13.35067481279958,-438.5921264724158,1.553557237052542E15
2,48,1.090363501336013,1.2909275871646566,-4.320613503042557,45.98057729723593,-0.5004117089548251,4.623600678340689,-44.2524855631691,6.912388542783885,-463.32129282544844,-3.148428218774422E15
2,49,-0.5796021646942617,1.433356768332804,-3.0587668283042495,-44.66326377773152,0.4907330157267216,4.413435739820498,41.3021853103408,-14.036106797836453,-459.10631764504114,6.38058258322213E15
3,0,2.1449284493689182,2.4433557251991833,-1.7456797446688668,-3.795863999019129,-3.3080901035443646,-1.6660375760106336,-8.441981165642346,4.201267103978822,-8.268465689040246,4.385271138416703
3,1,-0.22641056606423432,2.3252503213046696,-4.361963011550867,6.6853439442800155,-2.7853455818433215,1.0838573275406787,-12.487105832252169,6.017504547124789,-14.192650897230836,-5.826097879789442
3,2,0.3997247808478246,1.2579021435040016,-1.934311794984414,-7.2381345250079665,-2.46906573939709,-0.6252019696650934,2.914105039316145,0.9748196347694831,-13.803567356691405,30.41895685877258
3,3,1.1365809114783878,1.340984850259673,-2.7718052494304737,10.593128755140848,-1.4360140964877688,-0.18179525483437842,-12.691055921843793,3.620241906557328,-18.09711756787026,-62.24078229076565
3,4,1.1193440574104807,0.9641695107000968,-2.45443540992731,-8.627601915269567,-2.3168758042067887,1.1022402712202501,5.447104516346442,-1.686168755822597,-14.735734696420845,146.70797628734272
3,5,-0.3933369802375941,-0.09239955616364293,-0.3417653495811398,10.14259701295209,-2.649941496535271,-3.1930555603947446,-10.76577486358819,1.6746112380223135,-14.206942023783856,-300.53518545336044
3,6,1.1155532255435145,-1.0379197151224004,1.781843232745579,-9.917615189514812,-3.4108002084089963,-7.51274908653216,8.379611061741324,-4.9633366068777365,-1.9965185119141335,625.4614541992172
3,7,0.45854376044091827,-0.7378954021729531,1.6003785271411015,11.456760554149312,-3.607380269886274,-6.7131738140108395,-11.772716593453353,2.083831549477977,0.12071194899695592,-1279.888295271318
3,8,1.081780584945637,-0.5279210808807083,-0.22298126453099798,-12.534153791209468,-4.450328149252952,-6.879818522414476,12.967904425294968,-4.908867138327529,13.494341995713217,2608.0047363945537
3,9,1.2556158599408964,-0.019978242828228965,-0.6018158419151673,13.415506255281539,-5.021655961694093,-7.781575567176502,-11.742801969761976,1.7048513610703897,16.345025017497143,-5307.0447175480285
3,10,-0.7809538199542484,-0.12608351749834212,-1.7058030024947444,-12.94449726616285,-5.199394663603487,-4.943747076445417,12.195181263832309,-2.94393854800907,29.396829439577125,10760.224385748475
3,11,1.279958749282265,-0.742765489475776,0.22533084133580028,13.663307507143449,-5.816947080685912,-8.893084845550188,-12.972372628464274,2.7408688236620673,32.39870888466272,-21837.18530291894
3,12,1.2175366665440155,-0.10323949538733188,-0.3704605820486286,-13.464819847223282,-5.922898959557781,-8.75694615249373,12.173468904751799,-4.739664219019546,47.91667951815397,44250.59741877535
3,13,-0.8501342945996891,-0.26675364685844444,0.4491401702921102,15.66380092836721,-7.405973503566878,-11.126503137810722,-15.711166267870631,3.082805880515764,53.2263926139434,-89720.04676325094
3,14,2.7970426382217695,-0.4909868404634956,1.778509318544724,-15.714471826258567,-7.255714451834607,-15.56375466228812,15.234378013790542,-6.057089819420492,71.94430929629537,181813.3587506227
3,15,-1.943139188519646,0.9513684233115522,-1.4847333221209453,17.40075084100202,-6.77463012516616,-9.779585785418917,-17.710148722979035,1.9824835538757002,81.24181332959509,-368520.85690139764
3,16,2.9663154309677475,0.6356346685896894,-2.243390037428005,-15.496484313657362,-6.607944692801412,-7.712993775510401,15.107236822034618,-9.159964811805395,105.43507510475806,746807.9228114383
3,17,0.2785241670901317,0.39775364420713516,-1.1203389880109345,17.47743311892079,-4.773622433882884,-4.832132687885743,-15.279445671763877,-0.22946215878196174,113.78576429624312,-1513552.8756988584
3,18,-0.6327619406278324,0.41693432657051,-0.16643358477665793,-18.08429271259588,-3.7799376592407636,-4.608724634393576,17.09534279811202,-8.268065825103147,133.5179709422667,3067311.595597982
3,19,1.2411018375220597,0.08969541305343331,-0.8230587464205106,19.942660227647075,-2.5600362771450835,-0.45854981832153063,-19.80696120909697,2.604303268630312,135.49800030346495,-6216286.331187616
3,20,-0.4358524728550158,-1.655215507084318,1.1537074468307396,-21.79651734281671,-2.7869960557029794,-6.093231436871284,20.86053723491921,-5.217696398105079,151.0130727643162,1.259783141696892E7
3,21,1.569369633194548,-2.3250437351121174,4.5945734108416225,23.14911192707732,-5.595008230875902,-13.594343943606868,-22.582960163322234,3.706583645750068,156.74427514792285,-2.5530785122790452E7
3,22,1.445609226333957,-0.9308974235442051,1.7108947938256813,-24.95065994975448,-7.155908697526032,-12.072423030779536,24.372922575260215,-8.709369418652402,183.6914345187323,5.174045048923401E7
3,23,-0.23998233640122268,-1.0365954258692587,1.584540229965308,28.74930463797197,-8.172402810659495,-15.888120410453372,-26.870942330110324,3.295778659186922,195.35700192301252,-1.0485696695322965E8
3,24,0.8089768044965248,-1.753395156834014,2.5558236826682292,-30.824334405940903,-9.415133199218737,-17.313017880899622,29.662954440035342,-11.129695135935963,229.72072431912213,2.125023170195024E8
3,25,1.536254638927583,-2.0596553095751196,4.21643279121606,32.18788714570906,-10.36632493792455,-21.24676641540295,-30.266161345005756,4.044374156252988,244.0562707526667,-4.306558702916328E8
3,26,1.4914703601347572,-0.06864990748941158,-1.6119273066493562,-32.918549998626155,-10.27247975315953,-12.339639185154148,30.558433925563307,-11.36643734598196,280.4803945191748,8.727640709412203E8
3,27,-0.7817796298595141,-0.06527905675650073,-0.2562331254152612,33.72574477966381,-9.983381479582494,-15.977737334069943,-32.54159261415404,4.275462175751242,296.8264472786054,-1.768737745800492E9
3,28,1.6879560403943985,0.9963066100125233,-0.7343907627237247,-32.71494609859924,-8.684103793724328,-8.907377632374303,30.738976146594567,-11.209150299888252,334.31477018630585,3.584511400896191E9
3,29,-0.6644429601460662,2.6654538277247766,-5.809358061218012,37.605906975724245,-6.120004336840881,-3.5337243630102053,-36.4918884087188,4.895081944846671,344.88331359809234,-7.264345930418769E9
3,30,0.42054054748539227,0.7523532398537083,-1.7297018236019324,-38.68286972335107,-5.130778360920663,-4.846946366913391,36.11981430785453,-11.339086230061683,378.542776030103,1.4721872449529306E10
3,31,0.3652230733609928,2.1798139614248195,-4.199732018404894,43.97459834154688,-3.7708479604205993,-3.4857112834981017,-43.706664210087666,8.423986613354426,382.88620401444246,-2.9835243877404156E10
3,32,1.3901152579394178,1.5722393588506405,-2.563476907652043,-45.461449982391294,-2.2164584791610045,0.19554219158828057,42.61912353531736,-13.601112105081297,416.3439597449037,6.0463896178189835E10
3,33,0.9183275728500432,1.2637269615795228,-3.291313342939028,51.435134168063286,-1.233010591812232,0.7642732844452611,-49.90173345293579,8.9012966076365,418.91904546049955,-1.225357089172533E11
3,34,0.602853478370825,-0.14652782225000027,-1.5646099391768145,-53.52633845813134,-0.8012064614936782,-0.20018818164169727,51.68806514249044,-14.085090525622322,454.5604596356868,2.4833000953955286E11
3,35,1.689877492198782,-0.1644899459762655,-1.0213105198787595,56.36901722126669,-0.7533984137438142,1.1313282940574279,-53.35526515244145,11.38400228634702,452.53870215980896,-5.032638588598812E11
3,36,-1.1232709684924058,0.13569630857306592,1.168567723962823,-58.529980138817265,-2.7109168701798456,-5.744529488426765,54.68147369184325,-15.537830075237054,494.55581602341636,1.0199110123806066E12
3,37,1.5564098288555566,2.4601733826304155,-3.514663691079053,65.34114278857169,-1.4529178639564087,2.6566907083131137,-63.4195881176086,13.570649073991692,491.3284871588901,-2.06694451672336E12
3,38,1.2557740531785733,1.310120236802021,-4.251020633796083,-69.00066693376635,-1.9020024739127375,1.5264095235916755,66.00524572059133,-19.97940435784119,537.5992315698066,4.188855284877913E12
3,39,0.37479680694324125,2.690719019893796,-6.321056398983303,75.97590045753549,-0.7354612106890992,8.49761213343172,-73.04452412438306,16.18942864945048,531.1729238038286,-8.489104790803236E12
3,40,2.2460960973190973,1.825142486051487,-4.197932144315951,-77.10119171233767,0.23683646367667419,4.474386669660804,71.22142669433927,-18.757369212927255,574.7888034860293,1.7203960329062582E13
3,41,1.1116950148515454,0.5470149897889276,-1.2285496949347199,82.41404031386503,1.0652704733441414,4.173891662399473,-79.6857595929739,20.44266317020378,562.3561369441327,-3.4865425543046566E13
3,42,1.1436684941693667,0.5598263289119155,-1.3441806123479083,-87.16201343494517,1.0024341986965757,2.83998537825631,83.14574028415625,-21.839777616107998,610.2858063570558,7.065802728147022E13
3,43,0.6406131506321882,0.8423395367005608,-3.228293504308966,93.35971708685766,0.19633818917886336,5.391990850827552,-88.59404170845721,20.955462418417024,598.0056967057769,-1.4319506334935756E14
3,44,0.589579635545632,-0.21526316504939702,-0.49588003578719486,-98.03637179182563,-0.8188367806241368,0.8952059640211899,93.34049121593183,-24.38463245992049,655.5876451858198,2.901981127475789E14
3,45,1.2029184726660722,-0.06195913688509796,-0.03352386902939723,105.1695669315544,-0.6557079480335065,0.0188991252339058,-99.94175249628293,24.450587849731733,640.6575068715898,-5.88113463359597E14
3,46,1.199726399136897,-0.23417854732969318,1.497316382304163,-110.05569061508614,-1.4812126464824682,-4.434815262448221,104.49904642799932,-28.9002739656526,705.089842381296,1.191866626938855E15
3,47,1.3793730079945208,-2.0041746916163024,4.1448424632567695,115.90098449295739,-2.619166197008103,-7.467946234753664,-110.15162054183784,25.462598634554357,692.3274156651855,-2.415428560836395E15
3,48,1.2209516138320204,-1.5956220150715583,4.146563772005727,-122.84824230350833,-3.7248179210146253,-10.15953315081735,118.66713503409024,-31.719746639737597,766.2885987959221,4.895090608826967E15
3,49,0.2491751410027082,-1.4711692824469536,2.3597929605241603,130.28311487965658,-5.536074910456811,-10.156188757083193,-122.3235498502043,29.46693104057649,753.3991626766285,-9.920356352965866E15
4,0,0.7480814561420928,1.91009210308725,-1.2422164277246184,-3.6840836944112,-3.583116323798548,2.2761285270314153,-5.999325375536534,1.08762195694199,-5.396809510777331,3.7792452014740268
4,1,1.5960176568536415,2.589072942337626,-5.38084919504594,7.51881148647831,-3.034129788904833,0.9377512662961269,-11.950193096290754,2.4538153447495326,-6.429693488793018,-12.118110745299987
4,2,-1.2711723348136847,1.1700625027988714,-1.9539306070125013,-5.425690562007463,-2.9187788813214532,-3.2061874136633706,1.391303555100925,0.03324433058308296,-3.797633988191389,35.051105530341616
4,3,1.4576265405987474,1.8150852684959644,-3.4910929449414367,8.414504732868732,-1.310583123002028,2.629604681276359,-10.77149245349317,0.7363579684730155,-5.496296495182922,-76.98451219100471
4,4,0.8221186780036106,1.9436740182742631,-3.7612275925309655,-6.61490125740689,0.44271393242384827,5.415482885447775,3.8455914858107336,-1.383029526209978,-5.835959424724911,167.99713027815875
4,5,1.6834951716054052,1.3316207122526609,-3.100101476705677,9.659939830962632,0.11593054871524355,2.945029104089767,-11.5512348733989,1.346008928862453,-9.024109340789048,-345.1714862873288
4,6,1.2358141940764873,1.869000900830665,-3.1180480838581293,-6.982208197430641,0.2724631964146089,4.57950185102848,4.571506612456556,-3.7445549389972674,-4.16900035923839,711.3461362345536
4,7,-0.6046873792388244,1.8443722578280843,-3.597438948550288,10.029868257645118,2.5541987278523726,7.548148954331113,-11.639070730815725,1.1137541243784193,-9.04409748265235,-1449.3776826383203
4,8,1.8590065644378495,1.3480640361008815,-3.870242047412596,-7.561221850550697,3.7215185364755428,12.367041411568177,5.059988136609897,-2.1946265474942477,-13.289164340703303,2955.3913406071724
4,9,-0.6062340090808735,0.45445814415577984,-0.7807600310450005,10.95448643235739,2.873873419314872,6.834285290147995,-11.64596466253596,2.490393862566819,-20.790753374622458,-5991.6882036603565
4,10,-0.4217468206755792,0.942189729714632,-2.570895898335491,-11.033822324771403,1.9226650647301753,6.294084464767492,10.155873625291553,-4.394322606970676,-19.372771075949824,12166.564534049594
4,11,2.9737373875474438,2.304501666806382,-4.165565652495442,14.617112056545484,2.890317230061138,9.02557662871735,-14.559231189529374,0.40683806768076014,-26.930790778587,-24659.76289939994
4,12,0.7513093255836181,2.6424941172413186,-5.034070648960637,-11.784603775628186,2.9383173865698717,10.475125766308153,10.306129603819237,-5.191888713577694,-26.15653343863462,50003.849080387394
4,13,1.8362902587339942,2.7683404221757555,-5.000177698438482,16.05367234208404,4.0399378711610625,10.713265739133734,-17.063639622607045,1.1207919254591063,-34.60833204946177,-101338.09304567584
4,14,0.7410933986674557,1.1458389697747309,-2.7115496987434926,-15.12877663595621,2.8277047914166458,6.762829311024435,12.825594218473476,-5.447684541662575,-31.272541496479324,205405.69173159095
4,15,1.823678950112264,2.3776643746172192,-4.55010521502909,18.955979186418173,3.014186112069386,10.584041257894995,-19.878813412222712,2.7878315890789973,-41.52934253602147,-416274.4387282459
4,16,1.0882449668057683,0.7529978371739783,-2.2715462710920526,-19.367578865797725,2.456216199301115,5.294406787782591,17.675033484663,-6.42782166254018,-37.29472548984688,843661.9452770806
4,17,0.5149755895506716,-0.6592859240964037,0.5446132819092928,21.12320793823384,1.5068402647852064,4.218770243710524,-19.889550974208,4.452821243831721,-48.53675744885503,-1709759.6004635508
4,18,2.156607525497981,-0.9591245613089565,2.4051186438667242,-21.3714496631301,0.4099356701181131,-2.1200119464320952,20.33571925111589,-7.19268009345329,-41.86473016884689,3465036.0460493825
4,19,1.791331501779753,-0.11701548703995585,1.6522789061055685,23.654131489981236,0.15362219612275582,-1.6978628768907444,-22.605405743576643,3.6319290285975425,-50.586849981611735,-7022220.766644062
4,20,0.5883877707770103,-0.6555351460961774,-0.09498518778434084,-24.794324553191252,-1.4762914645368577,-1.7643359254343434,23.914322368425964,-8.051194442217966,-39.35931343165478,1.4231237695292607E7
4,21,2.467490625298648,0.27297918611194666,-1.4815674639677312,28.057775995777064,-1.7738902260577896,-1.388331649102944,-26.22071931941353,4.213722670981776,-45.22394006054,-2.884093488754195E7
4,22,-0.7294672141594745,-0.6906575605864331,0.8097390843994395,-27.981284873856584,-1.9542353787279068,-2.7674554937854356,25.129041715518177,-9.278074210288233,-30.505564142309012,5.844888862992607E7
4,23,1.904035307663525,0.7803324420086879,-2.080353753120437,31.46641537574404,-2.9808698438353822,-3.8187993796232753,-31.107837620919156,5.516387520007177,-38.089339676069244,-1.1845212529841202E8
4,24,0.6285510934387754,1.341308612607897,-2.37562338084189,-31.475353277703906,-1.291965847719791,0.04467522778460198,28.85226581636943,-9.765762746431866,-24.4332468635461,2.4005430254022744E8
4,25,1.411746663715056,0.2088052191300841,-1.8857779601791975,34.41005847770758,-2.445696849848653,-2.4215753427032833,-33.163875350741364,6.2010548837131365,-32.07855687165926,-4.864923910976286E8
4,26,-0.3060915046855881,0.3322390844663728,-0.6315011868568383,-34.71131760826106,-2.0273432276502534,-2.346267683803089,31.877084702306345,-9.13281621222377,-15.721096967767439,9.859221264560674E8
4,27,2.10534822462054,0.7013704657839399,-2.3861858835681184,38.27500443918834,-1.327722135559965,0.9678604969078857,-36.629537537975196,6.952452720098984,-26.049049398309208,-1.9980629085323129E9
4,28,-0.015037207342094183,-0.816428402057106,0.2707419566557213,-39.16093074651213,-2.3487551657541346,-3.478414366491516,36.4457297841059,-10.85739607984151,-8.401496915720442,4.049260355292106E9
4,29,1.679692078798574,0.38919151674846353,-0.8154645799259048,42.94757395999524,-2.1552856905720468,-2.775300575454285,-41.60016697645398,8.985215636993557,-20.501825121898804,-8.206202722077254E9
4,30,1.5899665070715854,-0.45414448380553873,1.5601726977151755,-45.55107982625646,-2.7645160430856914,-5.047448270894458,43.58929482582806,-11.90978354760485,-1.1216672125696556,1.6630633036465616E10
4,31,0.3924700621346797,-0.7853764103284986,1.1442239961230602,48.746807732370414,-3.5302664596572595,-5.60863130894426,-45.75952837440202,10.612807349141287,-12.551435404828718,-3.370352451616856E10
4,32,1.7901771145441,-0.9715271121270758,1.7856373397998886,-50.90196801734515,-5.5965044593152715,-10.978676754627296,48.52276593138235,-14.138417530809267,14.009331951855295,6.830332685595575E10
4,33,0.4117535457586322,-1.264846580290679,2.1610948809571875,53.36847999014105,-5.951969956371992,-11.695566543760611,-49.79018337353647,10.417962910001496,6.848962601499246,-1.384230440187286E11
4,34,0.5533908788353524,0.6624591466516568,-3.508963251247121,-54.48869886298677,-5.829382218720676,-4.946416649999657,51.892672328283204,-15.558184297246033,36.9127695819558,2.805271718364889E11
4,35,1.4337107547880499,0.45180869554102354,0.6838095823505781,59.074001220409656,-5.382647380050812,-9.903471437942551,-58.103794758088185,12.80710459114515,25.123046199494233,-5.685144023069219E11
4,36,1.293943796304736,0.019369245257184142,0.3227488668328081,-62.57450050425566,-5.749999178203166,-10.673397378356636,58.786297294262496,-16.362347697652314,57.04048369534129,1.1521473070912864E12
4,37,0.8587901467252147,0.14975918830043983,0.3972335497912954,68.05793351512202,-5.376300977319937,-8.01133706999596,-65.71013249603268,13.416652021473016,45.03931070291347,-2.3349336654487046E12
4,38,2.007573046161824,1.2970455948926987,-2.2466243128812,-70.56665033567005,-4.367438953370011,-5.013142966398932,65.19733400084132,-20.0301115670024,79.40891684551111,4.731960217498802E12
4,39,0.6710624378540717,1.3374295193875168,-2.0636091216414707,75.79039066126033,-4.248782267894998,-5.545036526401946,-73.58564524191387,15.066360140442523,65.44941920843333,-9.589757444244404E12
4,40,1.2203073315110096,2.159781731077434,-4.62203710954524,-77.19518330779208,-2.9917217376139087,0.8120451160461983,71.07657650418653,-18.891842023606394,98.27354471286722,1.9434535290129695E13
4,41,1.1372214356970327,1.4261745312523253,-1.5031010994377956,82.88953793504287,-1.8534492134036662,0.24324669134491628,-80.93219323010443,20.30485146887275,72.85299078991372,-3.938589314064702E13
4,42,0.38977211072578405,-0.2757630954946261,1.0504551971738505,-88.58600942961154,-0.8391488607947688,-1.682044553760767,83.8110914730035,-22.173961273107796,108.70314150667454,7.981917526321786E13
4,43,0.9637827753238117,0.8864718060879583,-1.6330407737055939,94.76466994255863,0.6293861614793292,2.2429633002200724,-89.69583219941022,20.593616271525438,80.33882107012704,-1.617609817035518E14
4,44,2.086490985110924,0.8095404333815366,-1.2948966106663948,-99.64040819882005,-0.5191304583537002,0.031199082108529508,95.9903599118805,-27.28189844464138,122.82678970699187,3.278236728879632E14
4,45,0.6001135479908537,-0.2007334764399401,-1.1403275310721204,105.5973513860551,-1.5197517087073757,-1.3399054094529834,-99.20476569096385,22.683319995767892,92.95607988165203,-6.643651600897986E14
4,46,0.8672954912076426,-0.4461655861605265,-0.30856411970446196,-111.70703241454521,-1.6056944789367866,-1.9637507541218908,107.31126366395623,-28.362152709917726,140.99960285604712,1.346397781626627E15
4,47,0.6285421460911345,0.8927070459265353,-2.29466763380314,119.24192491695462,-0.6253201040221459,2.525454064368611,-114.83231839195048,27.126114742915927,103.83145087534096,-2.728600316916265E15
4,48,0.9103798907868027,0.6284486015784954,-1.0529880973529566,-124.05719546663856,-0.7946733557968321,-0.3268141620806866,115.37397185237252,-28.76393803298894,149.9808451790389,5.529762296904735E15
4,49,1.8033940625024278,-0.6899316809660638,1.63420334210231,131.83431688143583,-2.3807784363184226,-4.999970219298495,-126.55286006417415,32.46214794179367,107.62137689722626,-1.1206577552122918E16
