10,1,1.3093897574167181,1.3765641020751533,-2.2120232176321677,4.753787146212489,-2.7297106523444157,-2.978783148649169,-8.593994763211674,0.5738259080727193,-2.5159508252768124,-6.326259494088753
10,2,1.9176093766616176,1.2407229047078587,-1.9847617455301492,-2.232947206301847,-2.5596991877910082,1.71160490168618,-1.0176107364049491,-0.06259318851699613,-2.024845449165179,19.717095425389363
10,3,0.07683898281712187,0.804720453783563,-2.644302282922165,4.635613604357726,-2.814618611059297,0.31725008421579215,-5.551926511987977,-0.709011552556122,3.0358536602504733,-45.48867454903964
10,4,3.105968112218234,-1.2878646802162614,1.8684921873246327,-3.9661851963155645,-3.3218189658813877,-7.099412487628934,2.876601130774401,-1.0626391002973319,7.087373700998579,97.17009638105972
10,5,-1.1162754364263057,-1.521505641552758,1.9611172071393561,4.749134415651292,-4.252732673641921,-10.783068528130013,-3.6033353772742753,-0.09150665245011647,14.223892300872508,-205.90895260958536
10,6,2.0270248492585528,-1.1177504734663999,0.8964257996705332,-4.866489557867861,-4.838052351081454,-7.161298877328015,6.773913445006187,-3.6410313323594723,23.850904116194606,415.03756873946645
10,7,-0.5326279962691466,-0.2879267625776598,1.429180793316089,7.9988612028029165,-5.716603219861441,-9.30988730070155,-7.487006834977669,-1.500723989068547,33.89201829712073,-863.3845645010226
10,8,2.3986803554393226,0.1647141568484851,-0.4927578522091948,-7.354410350538616,-5.889532756107333,-9.002529626129308,7.293956650143022,-3.814519200072449,47.00567466347653,1738.8893581951402
10,9,0.14681959292647254,-0.014715810442384514,-0.22445204838341323,8.538180670413269,-5.025374169519814,-6.743059582784057,-7.362466634637925,-0.350390901358123,55.080771654956635,-3559.5742347557457
10,10,0.20347241260958837,-1.608764475055241,2.5959154378468448,-8.483007962443576,-6.471704735519955,-15.074750059430436,8.77939628067443,-5.5123351399580125,74.5864478333542,7189.5569927089155
10,11,1.292189209124504,-1.2881928700760965,2.957456280289263,10.081760631417083,-7.3158685261065575,-12.954246533457626,-9.538899546010533,-0.7878556760703813,87.64386852079716,-14624.073230596061
10,12,0.2964273464525774,0.053728605949862396,-0.5270636446240149,-9.975017120777988,-7.480698927602432,-12.152637252322691,9.40382760638312,-5.882345929164737,107.64009703987007,29597.78558344297
10,13,2.1047362825220963,0.7121313965617729,-2.362529091717611,14.322336870527318,-6.214597198581986,-7.198522564335378,-15.250152980150919,0.2811917459832539,117.30808093594969,-60057.45511461698
10,14,0.7088555389115367,1.4283928127623509,-2.4187876590232413,-11.65531784328582,-4.567971742308587,-5.6863622211156155,10.516439912099806,-4.824598578151,133.04552619580213,121658.68372946151
10,15,0.2606383850846322,3.0892634012329605,-6.483305516193887,15.027778479356693,-3.1062509269612946,4.895123717660443,-15.3059155284477,1.7004487848529242,138.7445996518362,-246641.1782645786
10,16,1.4168269651341472,3.333092753977449,-7.683365732927547,-11.890874275689727,-1.73388915824385,4.982627812262752,8.937638847641042,-4.120523010287505,150.6627801403717,499778.9327485425
10,17,1.1819614473779037,0.922642743247295,-1.6153306674338719,15.540424899559733,-1.937470989508451,-4.2508695061819255,-16.469146872225444,1.6360388165863813,154.43824947831848,-1012946.2169626766
10,18,0.4144417555312955,0.7580650399385238,-1.5027776268730355,-14.166388994458485,-0.9728393145799028,1.731976458897531,12.268257414625305,-5.660651796387505,167.95945690002597,2052760.800687884
10,19,1.0289581311585028,1.2559099791238042,-3.1645858458740017,17.670391324432757,-0.3750110678588,2.6325445780250005,-18.108149229627216,2.0625554255557685,170.24527790104295,-4160221.3360792403
10,20,1.5035104685939462,-0.314583776883234,0.8201217236716033,-17.648885556119897,-0.346141467652629,-0.6333256362964945,15.2837570186867,-6.632852103349607,185.35868164277397,8431002.538069084
10,21,1.4846994524280122,-0.866940240080827,0.5350627183879809,18.83101746277605,-0.2168232426341854,-0.04701304096808512,-17.624720376986616,1.889629890510979,188.40732937049245,-1.7086330560097612E7
10,22,0.05959309072481722,-0.5421042720060865,1.0265108008275898,-18.279436785742156,-1.9484075196060262,-3.7971962497426777,17.016502689490608,-6.359021256546584,206.37516946358522,3.462695540069973E7
10,23,0.9687327057612987,-3.227983803597376,6.38680272795477,18.87673002076212,-3.51953961653836,-11.217782543708719,-18.980602170991393,3.7489007688740017,211.4242200040626,-7.017487853032342E7
10,24,1.12484895458569,-2.9674963551848315,5.0914927503098575,-20.653850054427117,-5.821807863993917,-15.82332299657676,19.83587190224483,-5.7365303483304135,233.10795709837203,1.4221582411437398E8
10,25,1.5063110250636411,-0.8847222616166381,1.4258208648228767,23.87118254145434,-6.311279814309143,-9.568832659748969,-22.826270479709518,4.546014248519919,240.34476445558565,-2.882137451052511E8
10,26,0.41440011351460393,-0.29780626878533806,0.4447816666993559,-23.418130633542603,-7.678030894360305,-12.514224232473993,21.954197040382056,-8.183400707667479,270.38469787588986,5.84091849167448E8
10,27,0.9199991132853134,0.16982982756584744,-0.9854869230609417,24.977696883476266,-7.431635155324083,-10.918593242267256,-22.37842141171175,2.583718033187189,283.79509621586243,-1.1837166275046775E9
10,28,2.4311617030355874,-1.434202309375682,3.4366991133035776,-26.24839446343759,-7.656210795916339,-16.903856920890664,25.552905572113573,-9.867862356243252,315.9609760367652,2.3989117003662515E9
10,29,0.006638368582310858,0.4992752075130439,-1.1823095775063877,30.25973229573724,-7.468042816256959,-10.294341625635242,-28.732136527124553,3.561273774909666,330.39506869413617,-4.861617861482911E9
10,30,2.6597388562916224,1.7239172177266537,-3.7539532714290944,-29.489048015638115,-7.738333110664449,-7.137019054360367,27.883945462095607,-10.701377902132522,366.787468067972,9.852520563406242E9
10,31,-0.6435588793541658,0.2259207626056141,-1.2742291541922883,31.977253801288857,-7.485019771180155,-9.99023133870228,-31.316198023487175,5.421347261463003,380.1378404131421,-1.9967049422260437E10
10,32,2.094783554564359,1.40773494113067,-2.4121200596544665,-33.15461743234517,-7.191798774393016,-6.956202940737056,31.591077770598282,-12.144655252573733,418.32872012147396,4.0465082377140274E10
10,33,-0.18114811181960483,1.6899275674606482,-4.026428131796245,38.4936840546984,-5.906464930227116,-4.081611231770856,-38.014961900003705,6.945067469503956,429.941396829052,-8.200625288275195E10
10,34,0.3273704322022142,2.5454494662837552,-5.144339815556756,-39.16228810802844,-2.9036275572108807,1.067197562018991,36.27819064083094,-12.359438230144242,466.04897553842534,1.661932977007858E11
10,35,0.6750690600980486,2.841810234567208,-6.0119567732963874,45.29010023815827,-2.362651978365909,5.10187571146467,-45.34989766887858,11.54710697861902,466.316622356248,-3.368061737533492E11
10,36,-0.12474899851763777,2.307980427104294,-5.162357937592656,-45.719709173636794,-0.6788638562715432,4.67480391944126,43.04539388523274,-12.574156868820554,500.06474490212065,6.825690332442238E11
10,37,1.4579337606500253,1.0412274906511907,-2.1957904432989257,48.990744105706824,-0.7562418600335163,0.3219743402199128,-47.054965277939,9.020816764520376,503.6315663874001,-1.3832896238240598E12
10,38,-0.6046230081008235,1.103744729201382,-2.882600536886177,-50.63701191780447,-0.6920731625628912,2.5860070336631606,49.41574587733979,-15.23871288107967,543.113990314299,2.8033650657786494E12
10,39,1.334542680162809,1.7840449487768872,-2.606256540905179,56.417421348504085,0.1278781916810279,3.138519920523819,-53.38985010390209,10.542548012317111,544.0780955119604,-5.681280013807887E12
10,40,0.19122116269025202,0.31978171508864905,-1.5206825292550687,-57.78916798706042,0.46910624624045216,3.1302946284754194,55.228690369598276,-16.35137668295817,585.9290531668436,1.1513642296051537E13
10,41,1.1374408689997444,0.49362459985252394,-2.0208097116655392,62.57005671228528,0.8610872589841594,4.62025340236327,-59.144075401866786,13.269225919691781,582.5603737197835,-2.3333466860311133E13
10,42,0.0963643204588811,0.07778649731377271,-0.8038853659553622,-64.80897928549146,-0.5568771942655153,-1.781352715461066,61.968579983349976,-15.89117691672925,625.6230327772747,4.7287440560503766E13
10,43,0.30582869426825954,-9.97258320517412E-4,-0.1723961821987237,69.60603033052968,-2.138708254242871,-2.3479540404978474,-66.31123077297646,15.94393456385626,624.3081062807512,-9.58323959388966E13
10,44,1.7425209309747292,1.2193671405166755,-3.4032446769828266,-72.4312501292372,-1.2504578459325348,2.489149929730365,68.06755518489204,-18.759586848427155,673.299976494553,1.942132626016608E14
10,45,0.5967276980313299,0.6537507902519962,-2.0541671210952273,77.85854081780558,-1.121269576305261,1.925075530017398,-75.18575310770224,16.303071954353744,671.2104369969521,-3.9359123812917375E14
10,46,0.27018862949908784,-0.04213986259431651,1.5298272836355722,-80.33292556182413,-0.7771259498074711,-0.7853925745104653,75.27304366407307,-20.224608084837147,724.0931389912046,7.976492473099546E14
10,47,2.6419388612135783,0.3991128628333633,-0.4678167017278888,86.43330301824862,-1.9973386579252632,-3.136513652325747,-82.69135349945218,20.89071404152916,716.6506291812183,-1.6165103795469648E15
10,48,-0.7523240034550235,-0.0957024390533435,-1.0390594170818606,-89.64782078633677,-1.5695721938704228,-0.303727537433947,85.28387385613513,-23.138025683132682,776.4709067872346,3.276008616562567E15
10,49,1.1204166814310916,0.2924582947779142,-2.0471889735371955,95.86929151304021,-2.0147123818009396,-0.8296691093830915,-91.19014641100293,21.406829789388713,770.7925044911375,-6.639136124075962E15
11,0,-0.6215180667192107,0.7754390337376521,-1.4601827337092543,-3.0353997516423132,-3.5256339524255593,2.0348505096723573,-9.08295610669554,1.6710016441442308,-5.246853277335885,3.2725417186292667
11,1,1.4493142518336615,0.9018213357452127,-2.5824665714287955,4.162947145000919,-3.4383616720775096,-3.320043733072903,-9.445198099524772,2.4271633010075253,-5.038817288079411,-4.55580866709704
11,2,0.039693824143153145,2.714931855559178,-5.430702803380618,-1.1071583266630611,-1.780602674567604,4.697190459167437,-1.9657917249653076,0.7257323386330098,-3.684534489138066,14.873774612227244
11,3,1.451483232713361,2.081758387771361,-4.86757687453578,3.8279937021789547,-1.4551814497199331,3.7971791861027224,-5.7290576986165656,0.9796331128445149,-3.0673547399527648,-31.447258147371233
11,4,0.41453797085351146,2.153293327963475,-5.393481410158508,-1.7137369778776093,-1.1250481129811245,4.926940658225127,0.33571247835477974,-0.6441421600133151,-0.4830677628203288,69.50048556757623
11,5,1.873627012145052,1.9084910825132297,-5.0357837663541964,4.3144524896582785,-4.401713912107752E-4,5.992495826232933,-5.795721125819743,0.41246037272506864,-3.713990418529962,-143.24780944004166
11,6,0.4388021195423379,1.0985452317121518,-2.653887621252296,-2.240741100013277,0.1255307329973552,2.8001170066837635,1.299228411628503,-1.3580807267110084,-3.716859822875867,296.13052117247577
11,7,1.0358547670732847,1.1514009241679997,-2.0639815575760383,4.033196982170526,0.10185371136027388,2.8355726866896793,-4.5240270856787195,1.7947442562658018,-7.713731656782964,-598.4739534915471
11,8,1.5549174739634966,1.6756081421978974,-4.245839266062638,-0.9600102103056527,1.1888577087786916,6.833295166753263,-0.8110539169032225,-0.6758817821051709,-9.875239806631866,1221.04437787604
11,9,0.5526070657525005,1.0421159286484372,-2.4728234759274614,3.1782712781329536,1.3555781426708966,5.86921639301438,-3.5999047249210303,0.2941593217148179,-12.81457397641449,-2469.8507016522144
11,10,0.6352349739381924,0.8561708974087113,-1.5951315176686442,-1.5408070895879913,2.091846537037596,5.949127618658858,1.294284650404443,-1.5936518299201965,-16.23345685819704,5015.605632441106
11,11,1.1550598096816087,0.4183844439469468,-2.159862751870239,4.335028207749934,1.8225462608625986,4.495212559042342,-4.633748238028082,-1.1768795733579869,-18.002126064977382,-10161.140631644648
11,12,1.2991866835990011,-0.4398571287245564,1.4027996749549096,-3.303612677166186,1.6253985800688646,-0.842949550388139,2.9502096288032824,-4.4646192350924006,-14.093918841092423,20606.253274752187
11,13,1.206524468827908,-1.0475397606108185,1.5553181967316128,4.209016771300725,-0.2758114110720239,-2.010252904777571,-4.033860672153513,-0.704530771462853,-14.035624344357569,-41756.10471716582
11,14,-0.10709180584657874,-0.04786284432745769,-0.056527451128066786,-3.8728618724000556,0.1955342638572719,1.2479762710782034,3.2317640524353934,-2.093956395321252,-12.924381573960165,84635.36732664754
11,15,2.226695058363195,1.8049026117905045,-3.9533864727867662,7.629185133282976,2.1340480564432545,6.617561958547087,-9.458708176516293,0.8453174326083369,-19.808595386184727,-171519.51525813094
11,16,0.12090242216584807,0.500009314769544,-1.253739564177444,-6.3815353019417085,1.0722537440380056,4.659250846420842,4.445131098758688,-2.603323656999049,-18.36585326930818,347620.551346511
11,17,0.6710862411266078,-0.3470428311194069,1.1225985112425203,8.45921209172059,0.647530071156362,-0.2480604413337183,-9.12757734687511,1.2253304439468244,-22.40124525672756,-704482.180414617
11,18,0.1617948068087517,0.15769417637920624,-0.6988388901475304,-7.539523978278028,0.6481100610232378,2.9238344028737027,6.70200254633835,-3.877300157115638,-18.143342990904383,1427717.3998216207
11,19,1.3610846538702521,2.3779451752235516,-3.9971048096730106,11.278555876671215,0.663968774457343,5.314832450893902,-11.955155242745818,0.7224566607374514,-21.26451469398332,-2893401.8111618534
11,20,1.3536565002620922,1.4274993057510736,-2.7965483745956585,-10.57055132978725,1.3334593726688084,4.637983103328176,8.892214484832035,-3.632744038853943,-19.47410011866033,5863773.205649007
11,21,2.0222754874512363,1.4178187817406818,-3.2386437968151514,13.636259127477746,1.7616439652732065,4.883484888476215,-13.789521083260318,2.0152080449083964,-26.565208369832554,-1.188348339551951E7
11,22,-0.3742319716174405,2.1661785850256328,-5.773833644914591,-10.765307774155579,3.7416729672792677,13.01936793169967,8.658078496734307,-3.5425011412234286,-28.042052883398146,2.4083011999753363E7
11,23,1.51611985469827,1.9787989738562715,-4.861898391255903,14.645431792619704,3.5565801198378137,9.836867886351188,-14.188961908389608,2.847868462289021,-39.501087218440006,-4.880646180782533E7
11,24,-0.16347228899779565,1.4949453342243202,-2.197802009907143,-11.376497782243836,3.4956902337265734,7.9881852169268655,11.386079078876437,-3.8919359333172263,-39.30305326191892,9.891086826571558E7
11,25,2.0477291904786856,2.9140060672079002,-4.659415934013799,15.580705107295632,4.413664828879351,10.596566832183871,-15.003295348043125,1.86832907521715,-50.49737519345115,-2.0045206570668066E8
11,26,-0.17001307464918602,0.13125809145152445,-0.8339233437742871,-14.610552089884992,2.730080822474015,3.8592913968287283,13.708712755075826,-5.470712920610275,-49.08824154301894,4.0623479766252756E8
11,27,1.8607060472698622,-1.0059617829283096,2.0983718360906014,17.041785849439755,2.4706489285326456,1.258847935899714,-16.269250890450817,2.2464326442178892,-59.07445513803025,-8.232725844730765E8
11,28,0.6987190158168735,-0.6949506585562957,1.246840280355847,-15.6096419327473,2.0037522399895806,3.6856371192453747,13.330830748836403,-5.851464901777518,-55.97116724691858,1.668438504751286E9
11,29,1.1189759476103065,0.12327051988494664,-0.33369911322075246,17.776947956532634,1.0427001592714165,2.3763991139638643,-17.570831270384243,1.770610454519782,-62.50079057901211,-3.3812457780521855E9
11,30,0.17655260310875365,0.08051170679439325,-1.0251932732585607,-18.036424101525007,0.19606980862156692,2.0063959111099345,17.31501774289124,-6.122744713639598,-56.14138676778985,6.852409071330508E9
11,31,0.47919247588840996,0.5894608604171879,-1.9332761458297179,21.53632937956233,-0.33416662693150445,2.273228177954315,-20.79027073460542,1.9928230590215137,-61.4643049196082,-1.388704423632011E10
11,32,0.6072951620146793,0.07662450276843463,-0.5286004953779198,-21.449242883039886,-1.346600768447022,-1.714145602474686,18.264106874328668,-7.409083495043934,-49.7679518131933,2.814338666783693E10
11,33,1.2719969017328228,-0.36113696247790483,-1.4654800540793387,24.623268046539046,-3.153978003342109,-3.2596687461781526,-24.699028281758917,3.8909099698792113,-54.15192117111499,-5.703519036217288E10
11,34,0.7207007968526626,0.6073150352425462,-1.7294546940385933,-24.0920643006357,-2.8526414678506846,-3.2042740282935767,22.909733288447896,-8.822010574345862,-39.5143974241015,1.155871174863492E11
11,35,0.6528026950107637,0.4248882510763769,-1.0752427803431834,26.551527952328758,-2.9954652262448414,-4.748569051835471,-25.76688312142418,3.774160306197549,-43.75272349078143,-2.3424804297627744E11
11,36,0.211306469377871,0.7155113560107478,-1.3702068937937915,-26.024828126689073,-2.928904194117669,-5.071739607940834,24.625559400794074,-9.511114122278903,-26.931229698348325,4.747254437668146E11
11,37,1.1915368273313636,0.3641175130363643,-0.34896897485017386,29.02082207111673,-2.4067822138766184,-1.6799560905712834,-27.08464123422348,3.708308398508154,-29.203970708900723,-9.620752603795002E11
11,38,1.033901758749261,1.0566957504701424,-1.4114042206426853,-29.55249410326611,-1.9422770565746643,-0.46812613921092716,29.45333294870241,-11.020609334364618,-12.996474867940535,1.94973498638599E12
11,39,0.2584996741709119,0.6187682867750295,-1.1612865034356343,33.72984789776775,-1.918962140928898,-0.8728982898932186,-31.224799709276702,5.5006989867357845,-19.488535820881214,-3.9513192716117124E12
11,40,3.7992654873966716,0.6774493933430643,-1.250822388213288,-35.65395716406803,-2.6644447181808397,-4.055732539863051,33.7861577348912,-11.925360726559978,0.08206850466035931,8.007715969195238E12
11,41,-0.4030074310229865,-0.5054699864041479,0.8085872053913034,38.6321926095471,-2.1822335682933343,-3.169838149655959,-36.19701944278586,5.724583549330314,-6.231808867909759,-1.622838111406961E13
11,42,1.1597726086230549,-1.084466001204663,2.562158437465446,-41.15638512619518,-3.278555674965754,-7.438597031263748,39.454651266889854,-15.181523709819865,19.209059686708496,3.2888323536486133E13
11,43,0.17459005544285766,-1.562439321656235,1.7168798988295684,44.56473320060119,-5.474072515620028,-10.47175692652237,-42.507708622687,8.311237837498803,15.03004917381759,-6.665124619869514E13
11,44,1.9693722517847458,-0.47549372762120456,0.30291737314476963,-46.24795023288973,-6.251481850682706,-11.04949053627772,44.21988278465339,-13.611072026851222,44.1949780750756,1.3507494886165334E14
11,45,-0.28445177609734107,-0.26402158125498665,0.2468006913076738,50.57697223666089,-6.7956036256857155,-11.537204788050719,-46.71695324172633,10.159031324952855,38.12901773293485,-2.7374194558324162E14
11,46,1.502586467827339,1.1181731742783123,-2.2647132456257837,-51.62745459812325,-5.2921833390356365,-5.450496853111277,48.45349091087543,-13.452398332295322,66.07258205739663,5.547635102081809E14
11,47,0.7752626294340502,1.2382108767433524,-2.0057354853505047,56.167153807892376,-3.152193247253873,-2.3316291337904724,-53.99338600597136,12.735283873185777,52.25096910838093,-1.1242798453952088E15
11,48,0.31377388033608866,1.9002244603695433,-4.117171815838624,-58.65230573153974,-3.00802798246723,0.5740758249122859,55.60290314496688,-16.807230517142884,81.42811342691951,2.278457662594745E15
11,49,2.269852264564042,0.7251453463379793,-2.384135849474567,63.782189249567196,-3.588862196428117,-1.315691883705366,-59.480219733775634,12.03179832478169,68.53052615669854,-4.617506345505891E15
12,0,-0.2525761523607616,-1.3025671697405656,1.4671343169352222,0.3102689428713832,0.26494275642671145,-1.0303214190888383,0.49212069461624786,1.6632057891888414,-1.6560060023338825,-1.4774167011876191
12,1,1.0134234410847764,-2.175792415915914,4.336918725092144,0.3443511771678811,-1.8128304398279815,-7.885191023527718,-0.5073897001566503,0.054566491654164245,0.08024886994619379,3.5100181066469665
12,2,-1.1258310895019672,-1.1693322336585972,3.1983108454780327,1.317728424053536,-1.9860813945527735,-6.375284791611362,-0.5240163268406948,0.07661063113092159,2.4692936709534195,-7.7849743531724815
12,3,1.224195065229077,-1.2795578163767498,3.194086670288673,-1.480277714579203,-2.831330817263609,-9.548711044330132,1.8317035008576337,-0.880255781114438,6.538316836287463,17.15615065226612
12,4,-0.07537536608293893,-1.5713912012415943,3.5152773494257854,1.4331836339092372,-3.339591508502688,-7.443847738117587,-1.6331232226673158,0.3390670063344834,9.637660923011968,-38.57880024817363
12,5,1.3499233410114477,-1.467084314520044,1.674272306894032,-1.6706944479678583,-3.821630808441173,-8.050179363975854,1.583610915264956,-0.345274154866539,14.646486790930194,76.05238130595335
12,6,1.3183777473325256,-1.2576544358395785,4.111680303970318,2.3574112970147283,-4.316891858473159,-11.928881637097083,-2.0427975639066296,-1.1547786921581653,22.208759372781245,-164.25362934192054
12,7,0.9055586991457352,-0.7292102004557653,1.1850545899074947,-0.45545585630722885,-3.6841005517540157,-7.400258790440327,-3.243634790799019E-4,-0.6789183156586136,28.10459187722357,321.12946267037717
12,8,1.1927357741238356,-0.10900352563216473,0.34937643151687614,3.4185431299592715,-5.085922440602161,-9.421583083639582,-4.917432294914,0.36757177435866223,34.90934047141456,-668.2624392525846
12,9,1.6695408701952688,-0.7514805649564633,0.5247864569513534,-2.612390411448021,-5.78689354398342,-9.76131041099986,1.5222323920740921,-1.6646985909485652,46.21967180148346,1339.0547164182726
12,10,0.9036990095172908,-0.12320382429824311,0.2070310806336258,2.9766965094510165,-5.618509444053467,-10.37226218936743,-3.256742240879834,-1.7777404755306834,56.9691449526997,-2744.847997326927
12,11,0.47789013236100286,0.5079389278287199,-1.0950080607593025,-3.0055302688950403,-6.9643055727078025,-8.79478303969114,2.471188660594162,-3.7367842866742293,71.70662394771324,5533.488732295596
12,12,1.549919850092796,-0.9820469277954832,1.446749410670553,4.2391693192341755,-7.282042699637907,-11.432342678756493,-4.246078680292456,-2.0049075816415485,85.87922678140086,-11260.040620105698
12,13,1.7405481444673105,0.9216371578613405,-2.955993871960855,-2.173376828720239,-7.056282134476943,-8.406893032433008,0.8572119000996522,-3.915173163722132,101.46875765110637,22773.069712405304
12,14,1.3856580367708704,0.21437004016112848,-0.9346189417532613,3.845818477938991,-7.000661870937468,-8.998593338373283,-3.5404211389763622,-1.1072705066185806,115.72523412535135,-46212.3805519289
12,15,0.05668334059592406,-1.3740331035969195,1.5444306501381915,-3.1923055412894197,-6.924474940229942,-12.446490535280317,2.643375197565722,-2.575457176796849,132.8679129244513,93592.41471669938
12,16,2.18252927458824,-1.170490837227467,2.5640541498703904,3.7232040003283955,-8.077083513326903,-17.029665258272274,-3.431170714875285,-0.6376873518740499,147.1996181567757,-189749.984571854
12,17,1.5022906256499178,-0.9335375113858846,1.6117208483566092,-3.9820578243666134,-8.53399754231103,-13.759988052032103,5.165589427612064,-2.00782197300295,164.86616273954652,384468.7533225388
12,18,1.6685445617088783,0.10142547625802151,0.24932969776721967,6.231745967373957,-9.156072596552757,-15.150106080059965,-5.413199391776866,-1.9688834976791147,184.9556454085416,-779262.3404581334
12,19,1.8800618773240103,-0.9754728838816509,1.1758515981192228,-6.240339383890558,-9.051110919860264,-15.54021802575186,6.1287313392228295,-5.603268907400162,210.69222638199668,1579148.171800069
12,20,0.9578939460411462,0.27875437678749626,-0.4838457658066263,7.508376536921139,-9.466163294737195,-14.763856476288534,-8.103885336607307,-2.263741392736724,232.67180348519847,-3200419.008248664
12,21,1.7015486542056695,0.3949924940657152,-1.3197796893970268,-6.047002679131625,-9.369654811473318,-14.566815118919527,5.684853897501591,-5.2696358485526895,259.488311391307,6485822.429443278
12,22,-0.28084042754992744,1.8767992263285616,-4.387247911206072,8.889396345503622,-7.1116308592699555,-6.665712170275418,-9.666749942652311,-0.8172625752843999,280.0170437196067,-1.3144276461703623E7
12,23,1.4703986331609626,0.43901543626785644,-2.0406011456135698,-7.5260791921045485,-7.83743324608912,-9.946516956095074,5.25887141633612,-3.597569730990557,304.57007035321357,2.6637952556743454E7
12,24,-0.03461646976051136,0.02858446736651285,0.4744560598419043,9.41412447779076,-7.917873507125454,-13.045094201950919,-9.812567603099927,-0.4634756782532745,327.1776900691757,-5.3984467246476434E7
12,25,2.229459091368921,0.05034305657263466,-0.7988301312319853,-7.9412567124698645,-7.191081073936963,-9.573371689096893,6.971760601427434,-5.34019258871721,353.95760588650114,1.0940437149244155E8
12,26,0.08161245663601369,-0.3760792705660652,0.019570621542032485,10.138204250869908,-7.019095764273056,-12.270900075728601,-12.177643884347457,-1.0959764204105427,374.4931722883667,-2.2171833725447816E8
12,27,1.281619600859132,1.354082147679676,-1.564682541672836,-8.407646556320824,-4.912078729966668,-5.451917125063059,6.109163145387048,-2.8100430542884443,397.25452997126814,4.493326341396395E8
12,28,1.5671597676369369,-0.26120078669240376,-0.5022314472818257,9.943843646991924,-4.608907694534775,-4.481645988915741,-11.957526841094662,2.1057715121563847,411.2796595106554,-9.106145945374558E8
12,29,-0.055396477077530704,0.10492838598418014,0.0789451045501956,-10.056765652874178,-4.148747896890458,-6.094044863337925,9.016039521528503,-4.687743297627608,436.1487908130545,1.8454449451643486E9
12,30,1.6581027265875536,0.615876748390358,-0.8481065378460999,13.00661838058152,-4.161818057256292,-6.158230823878707,-12.256738040867376,-0.2963665480536827,456.17337546469207,-3.739966057067433E9
12,31,1.8424816875638301,0.4774284679818731,-1.3562004818591853,-12.692528362566291,-4.3761362933838,-5.7379169147871885,10.867784908555771,-5.00810846514006,482.16127134412,7.579388789101876E9
12,32,-1.0354232411868254,-0.8587793166016028,-0.6102621347598942,14.497448985171657,-5.072278127919192,-6.035978995358394,-15.32858782491252,2.970905730258741,500.22432875361017,-1.5360336527592386E10
12,33,0.6624212909464922,0.5099715179754443,-1.496317557369332,-14.269767617514782,-4.962682207769991,-7.2230262767202875,11.990282534418169,-4.131788740608208,527.3120722655406,3.1129150198567303E10
12,34,0.4978155038650155,-0.2215723412192856,-0.3379176866014873,16.990849294666532,-4.388976258737645,-6.085950772940995,-16.927051819716247,2.4244979064799628,544.4767963763585,-6.308611813474176E10
12,35,1.6828341814599994,-0.03612568565219179,-0.17749669417871033,-18.076071694246842,-4.577439989466101,-7.011928288007414,16.281729127224537,-5.211811592169342,574.5697786640795,1.2784988501442918E11
12,36,1.0209415557656591,1.0943529455299326,-2.442104555688492,19.689453253041066,-3.9343671885351577,-2.7687675039778648,-18.153863175355998,2.6157911793380197,595.503708734157,-2.5909968211351013E11
12,37,0.801558218432649,0.6215630877376935,-1.15430952150155,-19.27731978554673,-3.1164031219908273,-3.351050608027723,18.62096781504457,-7.647236445839996,628.5742769750569,5.250896012802037E11
12,38,1.3635066454272375,1.8817474729887285,-5.20684795136728,23.418333442391873,-2.5610694343311877,3.014387488179932,-22.737360785051234,2.713693281285599,647.6356183983831,-1.0641429097033995E12
12,39,0.059741564933673996,0.8087509894259068,-1.3960443109017608,-23.279913567681657,-2.9414529380707637,-6.148184292063693,20.517115277595746,-7.1908182258988935,682.7655061794256,2.15658456946566E12
12,40,1.5336069124546223,0.9092766371841743,-2.143469237470753,26.384575678517006,-2.351824752213548,-1.3662750223631548,-26.870362950922136,4.4508726062373185,700.8534977578732,-4.370519188713269E12
12,41,0.3747038936583073,0.11200679573375899,-0.4559230068133748,-26.523048596915352,-0.6617200833978032,0.4335190230122461,25.28198485244659,-8.014043951489835,736.2358655104699,8.857263585601117E12
12,42,2.0084571585295787,0.5365162780249525,-2.4838751616007313,29.939384844490537,-0.3971248678492256,1.7824982581370334,-30.29459161692001,5.500143039455723,752.0455979327462,-1.7950068365429965E13
12,43,0.8861197655212496,-0.8602358584225105,2.4237453677280816,-31.576479696299064,-2.148542708787322,-6.505976574489151,31.474489835763876,-9.252320481432697,792.9513228745338,3.637748286460706E13
12,44,1.090270313606173,-0.6936868703861547,0.2983662556722473,33.30885336208121,-3.061858162041497,-5.477586541190828,-30.397984435516936,5.848201563523279,812.9998352026553,-7.372235206276473E13
12,45,1.3531946352184878,0.028429052987210324,1.2364249255540787,-35.53034479843475,-3.9469727450481096,-7.46464661030587,35.326250002080634,-11.24978511997101,861.3135124070661,1.4940520249423178E14
12,46,0.5312463084206347,-1.0871690359573278,2.214036191135231,38.34160229916357,-5.413368998757928,-10.252901195079495,-36.300230738655195,5.697342888846129,886.91928643486,-3.027835372566058E14
12,47,1.3195380360320788,-0.3941382507895805,0.4306587107759747,-40.13689667441233,-5.15162533419848,-8.47725169123105,39.42407978418755,-12.496179573671766,940.2219809311935,6.136189965469326E14
12,48,1.405975853559851,0.16872250443759473,-0.12069918125825552,44.39703367416407,-5.134170500902745,-7.891691449526709,-40.68363783974341,7.8782692368795635,964.7870662962167,-1.243555961910179E15
12,49,1.2913734416314735,0.3017988742517747,-0.9784895722325733,-44.917716831826105,-5.134333114278881,-7.553181344463475,43.07766625245168,-13.058468873745582,1021.3941299009939,2.520181805165288E15
13,0,5.318204918212927,3.7641920001062705,-4.756262991215406,-8.261108271674868,-9.228533092104808,6.815033813807667,-15.071620489065307,3.5068263556366928,-11.049525314654087,7.838547286722657
13,1,-2.020584947446241,2.1194221624000256,-4.856178087968368,12.123974346399455,-6.935659292691126,-6.02886823061612,-24.103590929634336,7.626292983679522,-12.511961336330355,-19.84438152687934
13,2,4.360023722137402,0.8219880536010482,-2.8158391356593486,-11.11197881750292,-6.224806096375822,-7.13724586692049,6.358361938708205,-2.142002514188394,-3.6672725381912623,60.64485470949179
13,3,0.6025296101018491,1.7173351719315484,-2.6518870093505686,14.084973123058983,-4.908935916904668,-5.1386753150597775,-16.35408482929134,2.721153471767532,-3.2288878844257902,-134.26152623150932
13,4,1.6295104795257649,0.8163752605256398,-1.548641711236201,-12.460654144991443,-4.322690242888611,-4.999162565506074,9.78479084693026,-5.608564923314893,9.833055833409166,285.63535509408206
13,5,-0.012526906299098362,0.9043772985938174,-2.0266755256810867,14.445222074725052,-3.8309191264895888,-3.854584307940592,-14.455599319198141,-0.09106343733935796,14.50062950795088,-599.8646263841862
13,6,1.491781413144425,0.36771139987648943,-1.141316515643095,-14.582095235287895,-3.60454299801783,-4.763691005958727,13.92256179128038,-6.677542875139565,28.703945444247726,1221.8476627022878
13,7,2.2923212799201025,0.1941574064527416,-0.5629319608120812,15.124987278452133,-4.251236637078187,-6.775553053933093,-13.84067368776457,1.9114535726377657,32.223566099930856,-2508.45294826199
13,8,0.48215434293923454,-0.5954186250438833,-0.27873746862950344,-15.965224144894504,-4.093636612536671,-6.550264454425261,15.557896044122472,-5.3132173537411385,45.01059470027691,5081.525241666173
13,9,0.6697626350704822,0.8032048535443842,-1.860817443963009,18.72025099703249,-4.11024844601663,-4.93084849911392,-19.428293517642757,4.292251259531017,44.930813639943075,-10342.735198707069
13,10,-0.5122969563279702,-0.8522788627678627,0.8447101656263686,-17.430958858813728,-4.700560073739814,-9.635841279256505,14.554070428319065,-4.05906000980627,59.03027447572744,20955.576360490235
13,11,1.8954709159159238,-0.7709092338576026,0.6011849799766548,19.304332663089927,-5.804596589888751,-10.435926880781487,-18.71780558150471,2.8945800904720076,62.130023394087914,-42520.90912654127
13,12,0.2928829891268906,-0.21946527593891874,1.3664603592477076,-19.390168247524013,-4.959868359105489,-8.622969682929241,18.48264849253478,-6.9177755282191065,80.53859002713052,86158.45544771923
13,13,1.8095944364742147,0.05920129549436594,-0.5258432267082599,21.159053913079077,-5.220115680203,-8.019509476133162,-20.53130783275813,1.8340803499199012,85.63295080130153,-174676.0750723645
13,14,0.06410304546058593,1.449868458880955,-2.0583402332815623,-21.17034869827659,-4.219233937688666,-3.0499512705991756,20.221284828172422,-8.864449866153313,106.79668914525118,353971.1596378404
13,15,2.2224052525905886,1.7305141499035759,-3.5782588110172053,25.553004798879357,-4.620457163008114,-1.8254815548459582,-24.97624107498483,4.729496609340028,107.48944372194481,-717440.1571572352
13,16,0.2606038217807271,2.0550246112920876,-5.141099713240796,-24.6988339405353,-1.8483470837561817,2.0868220746294144,22.137396945422548,-7.771567515877266,125.44893985585293,1453924.690527886
13,17,2.4193587884895353,-0.3338286604917515,-0.41060123603322085,26.853357725351046,-2.7587704100375157,-4.689594531916233,-25.50453480770683,5.061269750933427,124.3374386165943,-2946608.3757627592
13,18,-0.28843798933824605,0.6437503615633775,-0.8123282695284618,-26.407751540989782,-3.147557265541205,-2.2158797335200733,25.076170514929505,-8.534861686902513,145.42663612395802,5971534.862331427
13,19,1.1057792491191338,2.550600313493785,-4.587013628480036,30.74683585746586,-2.571505723392369,0.22782283053695185,-29.311643588275448,4.006350620710077,147.03637510182563,-1.2101983141832056E7
13,20,0.7844207202947497,2.9965366393944035,-6.780697414311461,-28.923389200550552,-0.24648550379392886,8.43312232061651,25.6020258722941,-8.381596036977957,163.93379969955546,2.4525746928611856E7
13,21,2.399328829860905,1.8682173555979438,-3.8529567555545707,32.47291914895805,1.6393525572754832,5.299689773500168,-33.41356256346572,5.337516037951652,157.30542328913424,-4.9703828217730686E7
13,22,-0.8324906889453698,0.5215683045698675,-2.510760158016742,-33.24555618109581,0.9205107761797812,3.102409946244821,29.523640703142053,-9.02514804045273,175.3612159378521,1.0072938166292828E8
13,23,0.3219351078748518,-0.45670392465605336,-0.406587279204237,37.29961414010374,-0.1692958900208119,-0.496663732471027,-36.9953613909327,8.090617662487208,169.0150714749903,-2.0413759387076506E8
13,24,1.504226725022834,-0.28295650496712577,-0.45438665490083346,-38.08117103916396,-0.88257157637693,-1.384434376000987,35.1740840684333,-8.787505498421668,187.24870769464394,4.1370376823101085E8
13,25,1.5677138765064615,-1.239391393154837,1.8739879645023834,40.435197668398736,-1.3407774378043196,-5.010960937276044,-38.601393973216716,9.932102429806031,180.3153689700485,-8.38409302368194E8
13,26,-0.14481930011260857,-2.061289312896831,3.722774825834792,-42.46463834203809,-3.335408370194462,-9.05965826523456,39.174899585325704,-8.875044584972104,204.68119329153504,1.6991143677095344E9
13,27,1.3871305680689847,-1.6566064615171037,3.152463095839569,45.20566257849656,-4.111032670413561,-10.557304856901563,-42.91194570556776,11.495378716678593,199.9482493439639,-3.4434134398895917E9
13,28,2.0161126276560375,-1.8689617211584213,4.037719814808683,-46.39865339092638,-5.510032139333814,-12.258082406068564,43.87899087648979,-12.348068038452922,230.41573151908432,6.978397506430462E9
13,29,-0.09270443149988261,-2.014990510356226,3.206816814750912,48.05183989838434,-6.676198812919525,-14.113139696019221,-44.497430186648714,10.821813353103316,231.20305981674943,-1.4142371702175154E10
13,30,0.7064654197706346,-1.8131108910925882,3.944531247767511,-50.48650307434248,-8.693000606542581,-18.857026195189338,48.6623763148701,-13.993411535989859,269.13356505619777,2.8660831395626976E10
13,31,1.5492949204391142,-2.421083408349812,4.234806374981505,53.72881758374582,-9.056887767137088,-19.557153472717964,-50.48817479686548,10.623316556957672,272.28392868143663,-5.808384043222202E10
13,32,1.1527075376327405,-1.0990226888770498,1.3116902419418173,-56.6457014234233,-9.919337478873217,-18.132799650983717,55.106229566588205,-17.01585655312236,318.98144509130555,1.1771230422914026E11
13,33,1.6802242035294748,1.0893537427891125,-2.911227528966835,61.91084980144936,-9.58399223438715,-11.739899462864173,-58.963920240571866,11.685934827534693,323.48169846944904,-2.3855493178339566E11
13,34,0.19673908914625815,1.416743291942499,-3.002881810021621,-64.40737389627401,-7.9799199308888635,-10.146672554583606,61.14146891274826,-16.91655303327361,369.34476520182665,4.834537543067718E11
13,35,1.2005590691489934,2.078471976032789,-3.910926152171985,70.0918481786452,-7.303355709136922,-5.8080324573691335,-66.67587657085298,15.083218419439712,367.9508799566115,-9.797639936642471E11
13,36,0.34161226817568474,2.421980930091915,-4.132068670200662,-71.15064269577393,-5.538324008086521,-4.577110674905987,68.11264126933013,-19.87576138118927,416.8438483718756,1.985582849233982E12
13,37,3.427517432651137,1.2656474211856708,-2.0055268046028227,77.62465741175721,-4.769046869564458,-5.692518703948327,-73.49840855928402,15.205294390911043,412.51915309105897,-4.023968299736064E12
13,38,1.0974083410531137,-0.8415482976776123,0.8273147453475423,-81.25854682342063,-4.080175291023641,-7.865360947163378,77.32109704091599,-22.35387645326746,464.4497117687382,8.154945980722059E12
13,39,1.5275962272085126,-0.7793438381228243,1.8582104625538016,86.3484316526174,-4.1829467304185615,-9.21596570293571,-81.06178072558643,16.977223466877028,458.9463862519419,-1.6526756424846098E13
13,40,1.1267800760968232,-0.49629108602913996,1.7091654085737737,-90.59273022952883,-4.945140409000476,-10.35050103970363,86.76274345400157,-25.58844776805591,517.7052569954038,3.349300885191365E13
13,41,-0.21691205872196473,-0.9424435842791263,0.08364805683413201,96.49262121193892,-4.847244611829502,-9.791330323393549,-91.41497647708255,20.93531144428886,509.3946693787187,-6.787669722532435E13
13,42,0.7297784300283133,-1.727035013650831,3.084985234129109,-101.79631232576003,-6.250899621740389,-14.432656599577093,95.74063249527106,-25.518905403599724,570.388204214446,1.3755843933154033E14
13,43,0.9343239887776199,-0.8155182981633096,1.058221693778321,109.28755276113993,-6.743333243022962,-11.48689820641691,-105.16476548519316,25.489325978844604,558.8973093233549,-2.787749699807372E14
13,44,2.3413132826857552,0.41557517858374887,-1.3770329334947438,-114.7409001294697,-5.843064165788486,-7.466858533572932,109.57516708598104,-30.72677288264416,629.8439428744097,5.649634022112491E14
13,45,1.036850537217647,0.7910163068673906,-2.882580534721306,123.999963828259,-5.6052473119195145,-5.3866274097513855,-119.94134163184043,27.939962928805738,614.719428601417,-1.1449508751104902E15
13,46,0.21582054110069582,-0.056546773560281205,0.6387147423549752,-130.50056687457914,-4.464398868777449,-8.670099667300015,124.04332445642065,-32.517141480883346,688.9574365229095,2.3203494266792385E15
13,47,2.363286034042302,-0.7105522745888398,2.5451452688270475,138.60724044432487,-4.809629112630198,-12.32689211926162,-131.4745149336435,31.966943045616567,669.1508853244392,-4.702403901278432E15
13,48,-0.46224643110558683,1.0845309624034005,-0.3103392217394856,-143.66759194762224,-5.747264658889834,-7.42085851764135,136.9906604934141,-37.14500996746182,753.2454792713012,9.529858820618264E15
13,49,1.3664027551680868,0.809733124014221,-2.806960949862169,154.8781780749403,-6.052619381043755,-4.037790432878344,-147.53135326011292,35.80163684117728,732.7287678055171,-1.9313145158847356E16
14,0,-0.27404713837710604,-1.0076163974773935,-0.8683251338749812,-0.8703661182964129,-1.1957914026916008,-1.6237636903702115,-1.458378180164111,2.433740966750271,-4.181677004025096,-0.9720344324202899
14,1,2.2021330483608557,-1.4313252739450308,3.1342229271231674,2.264005211872878,-2.650084694631323,-7.2636297800331855,-4.845728671966154,0.24029192541712674,-2.534932808087688,3.3813643978651973
14,2,0.5359526600488767,-0.891660960208812,0.5407712073973918,-1.9126502248292323,-4.063856562230467,-6.448302460264807,0.9149089496005373,0.8949369190619247,0.8672690385124645,-1.183722175493585
14,3,1.2640556178045415,0.2111524609729764,-0.8615227363251404,3.321849876706799,-4.39177789382399,-5.334425883472353,-3.6902904483490997,0.11929110696772197,6.687144569268565,-0.37975294456881037
14,4,0.01706042401694463,1.2268820441144601,-1.8187778963656047,-1.7611053911223102,-3.7482942362140785,-1.5014724039236258,1.5771551630624379,-2.045471271922928,15.340987069644147,-1.9212445029304015
14,5,2.432996077965951,-0.012921181257306902,0.08934898070130998,2.7854175203559297,-2.8846043473736125,-6.392603973225881,-2.734068694493745,-2.2663435016291036,22.062599634186135,-9.438383590463262
14,6,0.25343331612580733,0.04753467681668784,-0.3255014802949167,-2.8759513526763563,-2.9928422413707993,-2.778710019580051,2.9613402916607865,-3.0373487599585665,30.609442988769388,11.107402023176716
14,7,1.6852455347166704,1.3149221350698883,-1.9715721060962648,4.621682701524361,-2.775351424810445,-2.713412878022143,-3.9190708183746734,-1.9524530909230828,37.66282655143624,-45.89342269414834
14,8,0.2628177190171642,0.4938928613763646,-0.9712586269367082,-3.046457979945519,-2.1505893393119573,-1.1042239204999422,3.1288372522820675,-2.9117792698554523,44.78651713235682,75.97182872116419
14,9,0.5478586620516813,2.325671158239953,-7.045924342223465,7.5175534561637045,-1.6626671528357448,5.485359023598074,-7.957610817718689,1.7220362491352774,43.2626415521866,-183.91968603513715
14,10,1.9728055033756562,2.4465959251623772,-5.869443921912044,-5.821202468802152,0.3481118740012922,6.992987424057258,4.310869419130128,-2.190635014246121,46.68974695016812,357.92972774491847
14,11,1.183346833674634,3.5032270679480106,-7.952175622084989,10.454352124186704,1.2672454650889744,10.112717579318547,-12.926739188381417,0.08553131932567126,45.745003125721226,-761.4034088732838
14,12,2.076515231673786,2.5786328277166546,-6.267493217833372,-9.674515175104913,1.786588946796419,11.328360845750844,8.215526051548308,-4.1097867120917515,50.93174377396561,1528.7446945716952
14,13,0.615811624336144,2.4681546764632416,-5.570633271822188,12.330554995029955,2.309257301456466,10.990868136870295,-12.88912996172737,1.100785922335884,47.56063862773565,-3138.5686976419015
14,14,1.3867389671243644,0.7061282471235877,-1.7737374897833014,-9.706691476767244,1.9051817038910708,3.282155543656768,6.529059734900905,-2.3400980751731812,48.313629314388244,6347.257355080705
14,15,1.3062272523321306,-1.1456301757342788,1.8955910549147679,10.073054341600294,0.8631998721240501,-0.8618010028256883,-10.167025026034961,1.9770642765990214,45.493993483248026,-12898.197154593168
14,16,1.5878594673337962,-1.2699045342436346,2.002457202492694,-11.728710740328806,-1.1723088970664237,-5.049902903332864,12.467329918631693,-4.069163614042665,53.35639871940271,26128.211604301618
14,17,0.7754125734058095,0.46253013489815054,-1.5296875718022385,14.598108184600642,0.1865857485441269,4.148516503935973,-13.098039103639064,1.9786716817384253,50.667902211064664,-52994.298549788014
14,18,0.4442569689282939,0.7981047829209725,-1.5222039529441773,-14.45735359076688,0.9035667344985128,3.1861546617135432,13.149012774014436,-7.244267184258408,62.04952350959278,107386.00835183423
14,19,2.1687942126218345,1.9079258208606036,-4.192540045542104,17.448375229966373,0.5801865736774392,5.1096198346016815,-18.086616309320604,1.2331792830232073,59.41819995829353,-217678.035367008
14,20,0.9794048467311683,0.6877698592943923,-1.5778020354115545,-16.94596863766879,0.9016554453447052,2.3131367864955275,16.791841637090116,-7.6688883329821,70.95930225943687,441129.5929806851
14,21,-0.9253970799905575,-0.20260883516053976,0.7001659608712993,19.219425388853544,0.07860784874569648,-1.424232261977413,-19.336799193327057,1.2975867659072728,70.2390561497265,-894048.2582157013
14,22,-0.04957470443952117,-1.614716772173799,2.347952378440743,-20.558429323564,-0.7816807294648752,-3.6311155795348626,18.21155459704471,-8.626702489954294,86.77024434214317,1811853.7135750614
14,23,2.468366420262959,-2.6420008332061924,4.707592279721932,22.12567837265142,-2.5106120107278116,-9.967433389842373,-21.032339239960063,3.533643766307488,86.65564193385364,-3671958.4875503494
14,24,-0.06939668557906745,-0.5482318259026189,0.3633873433368596,-22.991839582103637,-3.012171373343311,-3.7654554778348777,24.083573991016834,-6.695225833799444,104.13267459901736,7441541.43538594
14,25,1.393079163880862,0.027384330906936066,-1.0349197396228342,25.24502307604309,-3.2865402656475804,-2.4736486336951886,-24.129331199016228,4.755519685907586,104.0151467982551,-1.5081058137139346E7
14,26,0.09639914540307615,0.2564264794843024,-1.3933524222944453,-26.820588588699433,-3.3739575873429737,-5.448646554123472,27.492396368615196,-8.263975310475091,123.94655029913307,3.05631381987883E7
14,27,2.076775350827061,-0.7794861794787159,1.1896955082301959,28.66409330314538,-3.7886038292013096,-8.427675913615184,-25.108713384317632,2.677159466113607,127.71934528146392,-6.193914200033953E7
14,28,0.4620851204468024,-0.6975597881144804,1.4749518275596363,-30.45678362096417,-3.8639040525238766,-6.8878199334961145,29.946041986168726,-11.531060891983135,153.48233738352957,1.255253921369411E8
14,29,0.763195196002549,-1.2604497183692722,1.6972320169797033,32.31641659171648,-4.370624887189889,-9.520312172867673,-31.27058616203918,4.218479952268854,158.52094024633914,-2.543890007235309E8
14,30,1.3612834905870708,-1.3403696196915762,2.1543799909994297,-34.27829976178378,-5.491717833997952,-12.228909910489937,32.44943660006592,-11.195890258161235,187.29683305422068,5.1554291643136674E8
14,31,-0.036880284892437776,0.07319221857487146,-1.541357742691979,38.98066536070393,-5.13707061784469,-6.48222357099413,-38.0589793455869,6.616284242260076,188.80149195224539,-1.0447958065495856E9
14,32,0.8340308078676646,-0.710947753925832,2.3915038335907486,-41.47525079800253,-6.184905407379695,-14.360799754511124,39.179803489517774,-12.939756545817037,222.73982062347633,2.11737580585598E9
14,33,-0.278963604707438,-0.3763537023444173,1.4104908708888941,44.54077419099346,-7.511092760886144,-13.369461941658978,-42.03696778982514,9.228320093359043,225.80235581448474,-4.291059152465503E9
14,34,1.61454458506942,-1.2232069383983255,2.840245005901179,-47.425903759122804,-8.903565325422155,-17.33036731094907,44.858606514859055,-13.047451941250717,261.9089403013458,8.69623035881485E9
14,35,0.27783073723998125,-2.8728141776600276,5.3889599130565236,49.552677048828116,-10.389189733518439,-19.13303227656767,-47.730256024890274,9.568606608483659,269.431165966521,-1.7623719751654854E10
14,36,0.17171538889048632,-1.2793076541009836,2.817871638522461,-53.49623123183729,-10.412276322726466,-18.366390075740206,51.14458950270792,-13.71053083051184,311.32203813673596,3.571610695700753E10
14,37,2.5947050202502115,0.6903277644404567,-1.6884284512311605,58.18946352360558,-9.28406541112011,-11.76626237710651,-54.898619790975204,12.061420584325779,313.1642591029461,-7.238201251047636E10
14,38,1.1842038653924793,2.900072150879769,-6.91248381190588,-58.59897932114236,-7.578329930543301,-3.8796012517591203,55.15191470904269,-17.38760729285569,359.130763140232,1.466888796308294E11
14,39,1.0280529292915368,1.965517568547304,-4.304930588371992,65.03198393232344,-5.9060397569748195,-5.758047334045308,-62.467748592052295,13.0678002274524,358.11448813159376,-2.9727865662545917E11
14,40,0.5679372920507677,2.8250320132386433,-5.945526556290069,-66.32603080300125,-4.254991950110246,-0.055494609178923016,63.627916847984295,-18.108254330085202,402.0764218806106,6.024628438774695E11
14,41,2.7603929886866174,0.6493412062798543,-2.0194627997330463,72.71805905861115,-3.381765296017189,-3.638781632073891,-69.76307349794448,14.680105449507797,395.409019220707,-1.2209469813168538E12
14,42,0.11744753943557154,-0.4933881150616758,-0.6721678048610537,-76.85122015972318,-3.728138005508446,-3.2891303220282935,74.35289246399762,-21.43515093296789,445.0638553073963,2.4743626032643237E12
14,43,0.9436377438034198,0.10207683590790828,0.6922453143053353,82.23401265639494,-5.323376976757117,-8.39299553104264,-78.20343594245324,16.604040876484643,441.9799491805046,-5.014525926891712E12
14,44,0.2678457167684126,0.7766789097422475,-1.9322930188596574,-85.50173341326153,-4.776672965667308,-6.089734450247098,82.35822737938022,-23.835286942449223,497.45431693900264,1.016240313212983E13
14,45,1.5164103701110159,0.41767315419374995,-1.8755497731945434,91.90948192843543,-3.1425437692022973,-1.8690202003675869,-86.43551268441495,20.17703582487716,486.23421019981134,-2.0595055031918176E13
14,46,0.1779573284236044,0.8546045822310036,-1.2071847875118924,-95.8548412642438,-2.1092945778862577,-0.655279676978372,90.12618353232257,-24.6221008816736,540.7683178026956,4.173779432322237E13
14,47,2.4737497316209582,0.303142484502849,0.03365408589888952,103.39558594427605,-2.0092646054224184,-2.6778892555232447,-99.79381160721881,22.15938525737359,525.7900795989798,-8.45855217324212E13
14,48,-0.1804154480697355,-1.1912714247693585,1.8724150998153284,-111.12766095173733,-2.4508830040844662,-6.048642939289198,105.31895906032851,-28.454961476595777,587.9183161286471,1.7142042608427916E14
14,49,1.3568344543381756,0.12561772859331266,-0.06432108914162302,117.7020669522995,-2.2452801228614927,-2.5358634641544837,-111.70599260559557,26.70468856261808,568.5660396646344,-3.47399435235965E14
15,0,-0.716878013031173,-2.0230333998365113,1.2122861893978132,1.2828840294974468,0.42007784515591806,-1.999115348904033,2.2583729668723067,1.8600847938950633,-1.9800127400873464,-4.179673439316535
