15,1,2.0918810106447254,-2.0444046367155235,3.841579087990642,-1.9126405976015217,-2.2711750463396285,-7.474366685065582,4.23098068758502,-1.9497579240092684,1.545328902639299,11.902675512726605
15,2,-0.43038460470319206,-1.128832054013782,3.0727959196327204,1.8374259845389465,-2.7697556691911154,-8.763381661252469,-0.570742658851958,-1.3158798901941497,6.753432995457514,-26.13774346427711
15,3,2.4326105772531315,-0.871299725724326,1.473284330476353,-1.1641403246501063,-4.178612478961538,-9.286767363608227,1.9885346895174452,-0.682475479527263,11.443028565597166,51.4960917712012
15,4,0.31523757571619193,-2.42176866837841,5.239016784409021,-0.2176162274980319,-4.774322424605414,-14.524585358119737,2.6090405061438995,-4.119737238114041,24.75395030380264,-112.3003271804695
15,5,1.8889050288967844,-1.248336832769213,2.0519382502214283,0.30778515432312226,-4.991773886420379,-9.570674197176924,0.5416570137546194,-2.980213921893473,35.3323000837091,209.96207806031168
15,6,0.17001885511443163,-0.8554126950743768,2.9475896095386918,0.7473907788322992,-6.452265443433622,-15.139787276513506,-1.0261663352870745,-1.6592794569752602,45.489710538854524,-446.14325077454987
15,7,1.5482771083126556,-0.4572498552039991,1.0233652594587614,0.1567842154775577,-6.417705493451196,-11.870921744096538,-0.6933491721998195,-2.867918966639752,60.23596474769006,878.7609155529572
15,8,0.272086089085729,-0.22641479395312014,-1.1438948129538806,1.4893136103970779,-7.689933476889872,-10.12545554259716,-1.0552523196278194,-3.8224398597667335,78.37374787294725,-1818.7694948881408
15,9,0.7380665108722977,-1.5637562258248958,2.661060156909262,-0.5438826723361764,-8.29855925563249,-16.101755623957068,1.1234559679761316,-3.1909848348710197,96.36928423856115,3640.834983941911
15,10,0.448125478988316,-1.9758479938000693,4.25175013434637,0.7292467035856177,-7.943959797272706,-16.70639802771499,-0.19788105805382014,-1.1387711099716606,110.89264548722674,-7435.040909328793
15,11,2.538437884951745,-1.7997919363285972,2.9603737057737445,0.15717215371891025,-9.856460405097465,-19.15961868647262,1.3420586523371978,-1.9242392879797001,129.64781006445205,15005.673894221167
15,12,0.5623226265944336,-1.326108108206265,2.1580505163629287,0.3442355214719312,-11.272532000914564,-20.835236238407177,0.42357375835170497,-2.2950864781825984,152.25000638126204,-30483.113770125892
15,13,3.139978890953061,-1.6991386274769282,1.6760943173006255,0.7145798677261536,-12.977876625324205,-21.39851555790014,-0.3908041727214803,-2.7013900747910657,177.4115142490519,61691.2185357908
15,14,0.5966210361010448,-0.8820107403125007,3.442240711516951,-2.050076866703948,-13.876677644176038,-27.9259895036121,4.097131964506658,-4.248887727379094,206.85982007315212,-125121.44812860101
15,15,1.9652289962296563,-0.10790355990769543,-1.1610429583958597,4.609106027470649,-14.043277071259888,-21.41401050706766,-4.647354164218515,-0.9216414685754979,232.87024845797848,253450.06556328424
15,16,1.6887723287751035,-0.19274995023997682,0.053495155008499815,-4.473362575522639,-12.505720269094423,-20.68472393254026,3.737185005112871,-4.01456232642928,261.6454364129708,-513765.39890850545
15,17,0.4359470072335041,-2.213897373285547,4.836393324406151,4.098247601204815,-13.495448212996509,-28.809299450892112,-2.856864270956452,-2.5382370788682813,290.995773961904,1041043.9326567436
15,18,1.4810883923674625,-0.8825377436894515,1.7652818256421692,-2.6816599543553172,-14.331712510195462,-25.23321893735181,1.9534716537241699,-3.3678574632727276,323.4213922845579,-2109932.585255851
15,19,0.1414440229710412,-1.1847131879098058,1.947379609815415,2.661353162212688,-14.138271376473652,-25.623814857960078,-2.258244016585382,-2.3531380084101428,356.5113801790531,4275792.8688760605
15,20,0.10780024075612227,-1.8206191313358677,1.6609493784216132,-3.0662695767277013,-15.002997245787308,-27.30974362020242,3.1514521120307033,-1.1560282104108595,389.3307749134274,-8665486.36027885
15,21,1.6144606649372457,-0.31434885284543157,-0.37406339210171013,4.928968592253161,-15.091159796484732,-23.69812023127218,-4.626433056821112,-1.3750328603739068,423.40019645024535,1.7561192891178485E7
15,22,1.4853746132215295,-1.0579307342976392,1.1457069735139407,-5.108329065300361,-15.924324374433136,-28.007440508353174,4.798243469886549,-3.140944911424035,461.44072049857976,-3.5589619836055316E7
15,23,0.7330132535061624,1.3623617254700369,-2.0540245178265715,8.274469183728213,-14.422104531694224,-20.280603048553726,-8.048601690619838,-0.6148909089444842,496.3199505667862,7.212541139787692E7
15,24,1.541300086053822,2.159716134043629,-4.602592900838587,-5.925140141662364,-12.692049603724387,-14.445225100367232,5.769076276503823,-5.236957405449777,535.3338499881557,-1.4616912125086468E8
15,25,-0.46566983112355453,0.4223747847689232,-0.435672757358771,8.291802337697861,-11.464043575103144,-18.6020299755555,-8.653974377217112,-1.34518893705096,568.7479898987466,2.9622501488716525E8
15,26,2.1445998893665417,0.5736642648561294,-1.388574996441009,-7.273881080193732,-12.302754842985888,-17.086313679299945,4.875552922152522,-3.871869309889341,608.4866240671777,-6.003278447294873E8
15,27,-0.517268178810218,0.03818162086745591,-0.8428242964222736,8.605993810962834,-12.239994475414116,-17.449725895748784,-7.8976723261118575,-0.3056097390857273,645.1551488569511,1.2166198630950508E9
15,28,2.216226965055333,0.24861190518251616,-0.6443747391720915,-8.238884481660467,-11.085293421948423,-16.952476105640066,7.465185541413577,-4.023580841749471,684.6337329184669,-2.4655936403913865E9
15,29,1.961635171227497,1.9285470231878727,-3.400681474562115,11.129805578878322,-9.355524394344629,-9.287899716733024,-10.957612295383537,-0.8331486778943616,720.1256773700486,4.996754420117612E9
15,30,1.7681811706750485,2.32647912144693,-4.627477385272639,-10.435567274817664,-6.366637693822507,-3.650994792918839,8.034401932720089,-4.696587276709445,758.400626795381,-1.012638790445482E10
15,31,-0.881814408578163,0.7988876312431492,-0.9215268465850623,11.93499196658635,-5.4122845747249295,-7.431621128064315,-12.129498419948291,1.1548554018721413,787.3228728948518,2.0522066397986843E10
15,32,2.560335022708519,1.609029683997187,-4.307171088985477,-10.331402787473724,-4.207461406654151,-1.0657846835966607,8.165798173865948,-4.300796003180386,823.1265103499803,-4.158987648608507E10
15,33,0.12888816214292076,0.8219430062853252,-2.197114136466647,14.116380543106462,-4.828974270676182,-4.540403218427043,-15.522945225050826,2.721516234449618,851.6995936548842,8.428575201804306E10
15,34,-0.07238437821259325,0.04562773503336426,0.310371564278374,-12.350129319260434,-4.788395553786264,-8.966500371617526,9.527313208861546,-3.6466750734304045,890.887814493686,-1.708129153310884E11
15,35,1.9763034027175348,-0.1216907679953399,1.620558746870266,14.110339720173178,-5.036532335570973,-9.423697147970893,-14.0622225847599,0.010734482358756736,925.8027077030878,3.4616825769567883E11
15,36,1.2580737991424147,1.0559910904909338,-1.820979445447734,-13.14764516487157,-3.3583509050888454,-3.555224105809848,13.396734958046244,-5.478810646244758,967.2878375554036,-7.015421677050251E11
15,37,-0.6065227761341979,0.09806992045849999,0.12778627459929615,14.127241921502526,-4.549362948997364,-8.11315987570752,-12.13459435653762,0.5917571128631272,1003.0637837263395,1.4217404444083923E12
15,38,1.959189049845889,-0.42950154168164645,0.8323704066638369,-14.434424838115108,-4.648902444811519,-7.655585353292254,13.58904584667442,-5.9636380947379015,1050.8957407217183,-2.881289230300928E12
15,39,-0.8341138301031841,0.9368135028195125,-1.775628824276194,17.355925079239242,-5.26681362476449,-7.932174389134283,-17.15015014029892,0.9574867722121901,1089.5410641751323,5.839200579067024E12
15,40,2.482896779801113,0.6444293199817956,-2.5588769198945682,-16.008367555046497,-5.996396603477421,-5.570458999623644,13.502311748598474,-6.157780427428222,1141.1499063255628,-1.1833683008677416E13
15,41,-0.2974554443300142,-0.3083280581828643,-0.03241394132457165,17.437214603174848,-7.371076961639704,-11.154998637512355,-17.271936930993892,2.4853556065185285,1183.074477467511,2.3982059126606105E13
15,42,2.9449571210806154,-0.9558010817188202,-0.17511694563343205,-18.371871212031536,-8.222057158307667,-14.47851384745202,15.944665177016722,-6.5942195378446495,1239.5383599715217,-4.8601873106877055E13
15,43,-0.17330802820214017,-1.8474704451770378,3.3963673941239043,19.312433861303223,-8.57477398320453,-17.969166405264218,-18.773643141619473,3.8977725781773254,1286.2586887681944,9.849621573275553E13
15,44,1.0018310657005252,-1.2339847779892912,2.7910901549799676,-19.41668482478324,-9.823306665471241,-17.300674999042776,18.105270980092,-6.018652695235196,1347.7918511542362,-1.9961174114506762E14
15,45,1.8038399780908652,0.11994074640858432,-0.4910462309567438,22.17762082243869,-9.605409393092472,-14.338083297458983,-20.681257469598723,4.304820373819686,1397.3229426749192,4.0453175694448694E14
15,46,-0.0011860535737429068,0.9978785712880672,-2.4010177968828965,-22.388700851203822,-9.38061101276493,-11.770953955060614,20.99755693691389,-6.7396642335959775,1464.5413800084173,-8.198212261377838E14
15,47,1.4418975221058592,0.6969565076598825,-1.3887272712584091,25.88225071599559,-8.945534913608263,-11.593325609867108,-26.724066635847525,4.763876907375519,1516.1702034938185,1.6614439565923918E15
15,48,-0.6024422116329197,1.977751576155636,-4.223313582911058,-26.223361626752823,-9.238514957552477,-9.260580431652425,22.72006222700436,-8.644906841689538,1590.5113827442387,-3.3670706891839855E15
15,49,0.0624406079961457,0.7211293116552329,-1.8067314212839876,28.870758744635733,-9.535711501897921,-12.691498510045758,-29.43166908346115,5.1262566017999935,1646.2815239933798,6.823681882842543E15
16,0,-2.022951165439087,-2.5614504440450796,-0.1527730793016222,0.3125762549521518,-0.9455753400820968,-0.6717862312395189,-0.5574855890038899,-0.7944670022827705,-1.6387421835941667,-2.7978214427084453
16,1,2.794251166316847,-1.0473619874824054,2.1477940843578596,1.4919667524876425,-0.9649844671046577,-1.8064802930330703,-1.0862949979312173,-2.0940588024543825,1.6833127317609984,5.484366810916373
16,2,-0.5257226136667082,0.08303837678649728,0.4130570408820124,-2.2380320537447944,-1.1735665260327952,-2.380113425179318,3.2481491549024826,-1.4529513189152805,6.001251854167679,-9.048634404851786
16,3,0.27070601143020956,0.06324827636450658,-0.9367830219674955,2.638172723960558,-1.50618998793646,-2.4392525763567106,-0.28689436504008214,-3.4194128420309466,13.011291886863555,10.794024383708237
16,4,1.2245340318337983,0.8009150666820561,-2.3714793931089324,-1.031613691685122,-0.6238059970801446,1.509016451113701,0.8771975871039576,-4.613891294171393,21.06221482460676,-31.864552797910257
16,5,0.8987523736741194,1.4708614889356704,-4.455301992270232,4.286591781473002,0.887663236353557,6.24634439504268,-4.557535979817727,-1.20871546873117,22.056725287760926,46.02133354628663
16,6,2.318385913512648,1.381945470337675,-3.295933426415737,-3.7887885186572285,1.2938215397193058,5.9275281992669795,5.086907184991804,-4.030294569365498,26.200793111901962,-101.37878409585753
16,7,1.5278414785680148,2.330476505654192,-3.53449623944259,6.150739659719338,2.7928308151025028,10.648517196524125,-5.690265191631081,-1.7818428536257718,25.12948757659128,184.37372103096828
16,8,1.2840494068150976,2.501229124599549,-4.258308508505772,-2.8452821212268953,4.287105810986176,12.600509244999653,0.9541558929595328,-3.1610048551594647,25.121237304851544,-383.9395837160825
16,9,0.5261732387736683,1.7587400323205986,-2.7674786584923665,5.820752754984237,3.692399742686857,8.762603393316299,-4.839070516341823,-1.2534139149776464,23.6252110613463,757.3457784805614
16,10,3.370877401827814,1.2880165310245744,-2.775949248764578,-4.208845576477895,4.5457945993994135,11.60907187205471,4.253267356117702,-2.809281101352895,20.149253603233106,-1541.7569415510377
16,11,0.5015402860199525,0.23534995815682558,-0.5011691398847888,3.865808535810822,5.1026124150938745,8.175373620997176,-2.6816653776302486,-1.8395890644854336,15.105151644827691,3110.572265504476
16,12,0.9260343151793582,0.25629332988232517,-1.7955140238288259,-3.403608989645197,4.085081328679023,8.841690775578392,3.0792554153546723,-3.0784946857355178,14.259005035270132,-6306.768142212844
16,13,1.2782569269838993,-0.37835969829389515,2.20442610183357,5.347418114565117,3.7084888519349977,3.926653458384402,-5.340838605670135,-0.7326760210648984,9.28092331884891,12770.060173640659
16,14,-0.26804939486314405,0.5554417211755157,-1.1424973011428907,-4.771394675628899,3.1533566608400534,6.112458911448537,3.3913222636946143,-2.8068238366569043,7.9124149822004135,-25876.68218347581
16,15,0.9948483626714806,0.28665952332625066,-1.3948500899556526,6.823311780687117,1.8339945939152615,4.737571017749514,-7.519288912672492,1.0991982602899761,4.974083544236841,52431.41484015345
16,16,1.9866301960046369,-0.7987088851296053,0.014386627106822703,-6.9740830062935775,0.7890555935528352,-0.40088765282399774,6.126473158694775,-3.0511803586384705,6.251054598443582,-106250.47331496463
16,17,-0.37802203430091585,-0.27852660353510766,-0.19469192563753107,7.776103663500597,0.6645114122646714,1.0751350403095308,-7.289036727279661,-0.40042860326564433,5.408036366292337,215312.12395673784
16,18,2.470571114063378,-0.5189172125152922,1.3013421358649295,-7.483391375135846,-0.20288737208986996,-0.4351126168194994,6.655287582304874,-3.785384947663033,9.685748877276442,-436342.72771061456
16,19,-0.2891568782191522,1.1144251644291503,-2.3218404372413413,9.661180031854885,0.5191595748252298,2.552923439252768,-9.357592689504681,-0.2966438721595187,10.00335895606428,884272.5831974599
16,20,1.4796243728865393,0.1540566822945676,-1.2952691325675612,-7.525078318676281,0.5468586176740997,2.758039062870848,7.057741890120294,-3.7103900251659843,14.458844289374118,-1792057.8653051786
16,21,1.9326861743360713,0.6290138810048813,-0.926755051329768,9.737220493412405,1.1872577271518603,4.554608376228111,-9.186919588639864,-0.09071745529201891,12.065521459863493,3631755.585802954
16,22,1.001149587163149,0.5085105678836933,-0.41839447742959557,-8.712168727117424,1.5653551673249793,2.572325495138595,6.990511551105658,-3.9022049745601133,15.073081846629007,-7360087.225946433
16,23,1.0607678570003205,0.9807399882844314,-1.2098433583323334,11.159765254295637,2.0593237943041025,6.020200348525597,-12.370462325887582,2.713473447091071,7.767025635737349,1.491588351463944E7
16,24,2.4953025495914307,2.8554849832591866,-5.14571993203444,-8.957544669781873,3.370953650213669,12.359910227355867,6.494091594739275,-2.6281054542285873,4.915254152707055,-3.022841614268283E7
16,25,1.339336001349561,1.1251497049599914,-1.6628539564257203,11.653328808746387,5.399878385686459,10.815824696689228,-12.740583399683363,0.23952201522952765,-2.521238708020464,6.1260681463683784E7
16,26,0.6146985593443163,0.2683285373263566,-0.3269258753622303,-10.564060841177543,4.832406625214866,7.568883397920507,9.017946726470328,-4.719930371480909,-2.8024567754266796,-1.2415045331660065E8
16,27,0.4715175455976789,0.7406181824427636,-1.7808732786778971,11.464467897997217,5.164619369817799,9.40063008153052,-9.060309787485181,-1.47167724505058,-8.476884336764355,2.5160242980100116E8
16,28,1.3235592585993492,1.8829032095567109,-2.3752946756859883,-9.582091661173044,5.290209141818178,11.985609799631284,8.726841101128883,-4.876500890289613,-9.659536411876422,-5.0989570771401733E8
16,29,1.3110540654823248,1.1323541549560154,-3.853535437385324,11.331548585451404,5.281457209165786,11.468326248058384,-11.761335114048196,1.7848107058017186,-20.891433474932843,1.0333510668598547E9
16,30,0.5423759169992292,-0.4589520418097366,0.7476340091095134,-11.546555869057924,5.032828635170622,7.141135995002251,10.677949737706163,-4.511559271173533,-21.81590621766999,-2.094182010695386E9
16,31,1.859825095067469,-1.5671582318980781,2.271315995478297,11.550512102131986,2.691170506321397,0.38329445275231677,-9.265565473030145,-0.1697589518138808,-28.10119164783283,4.2440546006458445E9
16,32,-1.7322125000393345,-1.0043481158432468,1.0480773671395052,-13.255361062278208,1.498182804143368,-0.221838386979889,14.2045341847941,-7.317455206342731,-18.064397186314448,-8.600971310036707E9
16,33,2.65803179356521,-0.221873917008235,0.11126496668634703,14.979116635689675,0.4858979572453352,0.26680623082612076,-13.995015766757684,0.7155907944068305,-21.32484450296147,1.743066822967534E10
16,34,-0.34728341301284404,-2.155908002638949,3.7239593518884533,-17.22925102957056,-1.3551644257529643,-7.692627603251527,17.833355063676635,-7.129725057837741,-9.553866172962517,-3.532487016104463E10
16,35,0.33959250063000423,-1.8427038462106025,3.347689577806188,17.672065312945932,-3.16661580989462,-8.614923696511683,-15.691825259582108,1.9841587421516234,-9.261165287936992,7.158913451359145E10
16,36,1.746133829979557,-0.15814289435832174,0.06952958834808515,-18.502696017384366,-3.8116796471523644,-4.605302456323333,18.22466423364777,-5.903585323310537,2.7984189016963716,-1.4508203872168365E11
16,37,0.4395792605921338,0.5997893983648992,-0.2781895946918349,20.82459133398757,-4.3925538679040885,-6.904333303806507,-20.45323515659148,2.5158884962802444,3.121738509910667,2.9402224380091187E11
16,38,1.9987672883044945,0.9643377221239984,-1.2448498340928427,-20.229762551635236,-4.176740825461437,-4.614745977851412,19.4662235264529,-7.71669532506709,18.27372413937441,-5.958634205559471E11
16,39,0.42151792903007546,-0.4911059006056041,-0.08908905791102883,22.934290019833085,-4.573073553692309,-8.930355071487297,-22.20027628522137,4.444014196975777,17.845016308022764,1.2075726358966333E12
16,40,0.4502221858462536,-0.3904488117960924,-0.3574896500334588,-25.24992714674634,-4.903376215280319,-6.7632408486996445,23.863548847733615,-7.0804567188296765,35.762745902526355,-2.447258248602141E12
16,41,1.1916465856192613,0.5165510556481504,-0.5943251710753767,28.134285745913996,-4.693348386936867,-7.074066345312666,-27.43444974378911,4.716518819829067,34.41117079103251,4.959596431137321E12
16,42,0.3219546449011824,1.084576624313154,-1.4353279648125765,-28.35665905021737,-4.778342352424231,-4.996358199789097,27.738708996685066,-10.23866512641148,56.46540240366035,-1.0051083400789154E13
16,43,1.2726437814081055,-0.34058148979009684,-0.6141810894231976,30.7954297757443,-4.7877411705823825,-5.4525842844215875,-28.77609202104179,5.102207561658298,55.070021264916285,2.0369455243402227E13
16,44,1.6909510880487595,-1.2613664705944236,2.0888372359870813,-31.69386554532711,-5.603274250560509,-12.484697459000289,30.236208072480093,-9.85121998917707,77.46955493602168,-4.128059537160229E13
16,45,0.39695358273445974,-0.4190876696272402,-0.47814026691503697,34.422556625271355,-6.060009817050693,-9.93667667038586,-32.26357273171902,5.410034942456983,79.62250191750947,8.365896553784202E13
16,46,1.6536923502613592,-0.12399479090960386,-0.4429708426448462,-35.51361439338049,-6.814650106608293,-10.83881304554923,34.408812514895175,-11.354529343905307,107.76157737283785,-1.6954267378816984E14
16,47,0.5394095539989513,0.005075970884670912,0.9365744264910749,40.245448571428454,-7.303447373462921,-13.351680013299918,-38.16633894614867,6.760494674218973,110.33798623545695,3.435939955799384E14
16,48,1.8253780301500269,0.7960366737166865,-1.4845274781847502,-40.69129625820506,-7.031102655183817,-9.341120728273065,37.000686810129906,-13.314750334586476,141.0584089895303,-6.963251856351392E14
16,49,0.5676998958667637,-0.8512767274348852,2.910676587228199,43.36106871950805,-8.213441006016033,-16.368292628125346,-40.678944160846136,7.152411191003688,144.2470825118121,1.411167745616058E15
17,0,-1.8602859132911969,-1.0294245944002025,1.3915157296354628,2.0652977828011925,2.344373154042629,-2.984187299432444,2.6329167722200735,-0.8865668154807591,2.7628024001449547,-2.620905323881791
17,1,2.293142519026955,-0.51930520870785,1.2798310988909618,-1.3948573835376494,1.0437569046741524,-1.4145074301382148,2.479591894603278,-2.457933403889606,4.625156678146111,7.341165909290265
17,2,1.538560017587291,0.23442526014395937,-0.16558486337913464,3.6491446437530914,1.9457289034570828,4.013873253687946,-3.9538755012768414,-0.31816414584596875,1.14477868899625,-19.61820086865008
17,3,0.6783787096689043,1.3292853376463787,-2.493576870002572,-2.7885071765302145,2.3024202911805722,5.956175224374514,2.7884568656578415,-2.719606842082265,0.7799070856559351,45.161328650361604
17,4,0.7882698829120592,0.03304513714046564,-0.5479312418069292,3.779802808744832,1.6437044943008985,3.10410175202111,-3.385106809384582,-1.9280684618089357,1.780772120810409,-95.95533579536006
17,5,3.177420192005227,1.2530755148690034,-2.471564526117307,-1.3173417678597854,1.1097089269429894,4.159457430744244,0.6199533479707259,-3.545752183770349,3.9256589678210316,194.78715720352383
17,6,0.22629060158840697,0.6962843951320418,-2.3006369996780895,1.6486142301741367,0.25755748647507404,3.1237079373074796,-3.260130979266399,-2.7496745201265105,6.631280336061121,-399.1924509769133
17,7,2.326046763309188,1.123946486413194,-1.361510697056554,-1.9260215583145162,-0.3032619311265694,0.3356685801585866,0.9000157704113637,-3.776437272638496,11.894582108289413,806.039783280686
17,8,2.395109798059215,-0.4841084740804309,0.23504993947280178,2.409963986838271,-1.3143054484328855,-1.8394135384989783,-1.9675267306761985,-2.1020556676863804,16.209172164061496,-1642.8413959280517
17,9,-0.3957882589928853,-0.8625045635946389,0.793098477301324,-0.5037519646148685,-2.853470947077267,-5.465411953446296,-0.20241399807487265,-2.6588307763732812,23.375280192869802,3319.8516446383433
17,10,3.284819756860264,-0.13865185928146917,0.9327805287771657,2.2969103035883505,-3.610520523582262,-6.495480461960334,-2.56199159134034,-2.0396659450176675,30.219347121706576,-6743.889626597147
17,11,-0.07331810797626892,1.2915275012369056,-2.7350595200894596,0.38610766742806335,-2.3683042036282074,-1.249359352343365,-1.0733253243205882,-1.8172762762415082,37.462910857050574,13650.930775350003
17,12,0.8489993249383863,1.045511280503919,-1.8952243319778204,0.7865404290051494,-2.8999474319597836,-0.23813414417250156,-1.9929721472730981,-0.761172014753395,43.7790283213517,-27684.92870571271
17,13,-0.25498654413525235,0.3464652474129829,0.2858329363768223,0.789329873378017,-2.9543501018862743,-4.095407200637963,-2.3263458821204197,-0.9547792473691094,50.38039574031199,56080.45077254243
17,14,2.418323505278802,1.5319045059513794,-2.3328442804589886,0.7671620667631649,-3.2178115086101715,-1.4776116440063618,-2.788155736618269,-1.8890823469423736,56.228610863372516,-113680.07161944183
17,15,0.308845510756399,1.9098176405291079,-3.3487420921363364,3.1586465354138276,-1.1675541401678706,2.0957331656236096,-6.297249560538733,-1.0919915995107567,60.27104631298412,230348.7926662969
17,16,1.4233149862417769,0.738112541349627,-1.900376788866664,-1.2939857323005444,-1.2006091624847004,0.6521637211299924,-0.5025672792634913,-0.3590345896112821,62.95500014548747,-466851.0107598155
17,17,0.6242636613999613,-1.2194843853701478,1.065335378406559,-0.3580212628025974,-2.582485135198258,-5.399383776138984,-0.2816393243591918,-0.6334966157065426,68.67891753705933,946084.7021850963
17,18,0.4224035066715621,-1.1192224113509286,3.2621509362942023,1.1302390687594543,-4.76231171524697,-11.708947269889347,-0.24256147860855082,-2.1651109533055126,77.96557210389928,-1917367.3402942517
17,19,1.143538547738368,0.2383540729823067,-0.9443704045716336,-0.17833959326960808,-4.733252286723032,-6.195103388489974,-0.268285064005218,-2.966004325356875,91.78340497337614,3885680.0659523257
17,20,0.9879053653184884,-1.1611826827270288,1.8406892582746934,0.9101949714189259,-5.184431957770764,-9.558703008565299,-1.4440663394891124,-2.0492353318700527,103.47690345754113,-7874744.043482307
17,21,1.321324363584466,0.2729788191794935,-0.17419066189784038,0.750778455715787,-4.809670074429703,-6.889979425074923,-0.5436461063146868,-0.8601480910098758,112.88268020898276,1.5958846265941424E7
17,22,-0.35792126541887936,0.47392293238861183,-1.2087338220053094,0.21066831027941313,-6.09393157322909,-8.766292751839735,0.4466377727841023,-2.763392633440891,127.80324774068418,-3.234214914883044E7
17,23,1.6907865699311684,2.557740269915584,-4.669660557756747,2.833633787734144,-4.35346430594917,-0.22970274576575456,-4.205347882486714,-3.604081550897482,142.0163727564026,6.5544298684251115E7
17,24,0.7284990186804879,1.8871126930013198,-3.1978398117352245,0.39109758151476093,-3.2719307280778094,-2.2190412614489827,-2.742918090486665,-1.351317273240246,153.6584880674551,-1.3283169642257118E8
17,25,1.6437120801578677,1.8235417675073315,-3.2643543021254073,1.5361640415419366,-2.546874758163516,1.6641306929861268,-2.28749883846628,-2.8369550056108186,165.84020347525143,2.6919570122205627E8
17,26,0.292830914282733,0.5306016059272153,-1.919985063849169,0.12908729393326318,-2.410467370067493,-1.6159490824200318,-0.896397424821258,-1.2342537977373118,175.2707400673775,-5.455502137531154E8
17,27,2.261055542837469,1.7971901365413747,-3.4014696078083224,2.1241568113826497,-1.5272408856752593,2.824862417492313,-2.0782729980082815,-0.6352164060103258,182.98373690330433,1.1056081471728323E9
17,28,-0.14655398687181864,1.3546044099446057,-2.6454120171002216,-0.47309887253170035,-0.3437010012950652,1.0670810904663306,-0.3039715938563408,-3.0202879305165027,193.82038108432988,-2.240617829958862E9
17,29,1.8811299023656254,0.6028589326902194,-0.7548496770108744,2.4553698468547056,-0.19201122251076222,0.682035364878059,-3.227832203604493,-1.4920172910996472,201.64838174604554,4.540820297933179E9
17,30,0.2662629921346913,0.9135607920040252,-1.7977190367728415,-0.9649734384240908,-1.0773091086910784,0.2553409538517558,0.8199759498327176,-2.5151659558672366,212.87014771819486,-9.202394730781563E9
17,31,0.5785447977949951,0.07375662482348921,-0.61941360202357,2.3500622048303845,-1.9041438270252167,-3.9668792888721773,-2.8258709416091077,-0.5658997821436261,223.0510680082918,1.864950860985168E10
17,32,1.1881875992451478,0.3200797890531597,0.5104623666075484,-0.43531335753447553,-0.7962880148343507,0.6346831800130233,0.027158016408653063,-1.7379285951878263,233.90801740779096,-3.779496368627402E10
17,33,-0.2698202487126159,0.6451700895267618,-1.7946466135311536,1.3287124477261316,-0.4334166358008226,0.7051914314387461,-1.9860621565311511,-1.589241045743571,244.33405074419613,7.659500864285591E10
17,34,1.2549409571796253,-0.34432572217959745,0.4451117175126515,0.47612290302545324,-1.0997497731501336,-2.3583411879093505,-1.3129816804964225,-2.400009620974746,256.13539220642406,-1.55226908337668E11
17,35,1.242212819156202,-1.0094300447002458,1.6332534829982925,0.44299233966141355,-2.076250655774769,-4.697673910546659,-0.32758556062691413,-1.6472004905608044,269.47548656522383,3.145817654146871E11
17,36,2.5022493460226376,-0.08646013002248773,1.2670140515352992,0.3816032883648461,-1.9520768827312787,-5.429940616337635,0.7231362907809384,-2.175572514857033,281.8925828105995,-6.375292032708616E11
17,37,-0.6531462345609549,-0.06536620328463599,1.076658872311793,-1.4511049255594257,-2.9302920685802203,-6.692408023636472,4.097531657115448,-4.139152287533549,300.4426050453552,1.2920122192883242E12
17,38,1.594765533146247,0.9817997366417495,-1.9481060291360481,4.140732005798869,-2.836309347543055,-3.3505512632752463,-4.207556585696674,-3.1153541703467473,315.8781467476723,-2.6183829172512295E12
17,39,0.6971427386104645,0.4769518810434915,-1.8326989060552417,-2.244672231463359,-2.5200627535119,-2.082963089504812,1.3943979050582778,-2.7287436511611802,332.33835055631664,5.306396486304463E12
17,40,1.0313865167363938,0.5271785793762163,-0.7440436055971895,4.722934910626003,-2.513489369621927,-3.85324324118275,-5.73936715681912,-0.8242604261456867,346.51423249771864,-1.0753905964527725E13
17,41,0.27037986924231516,-1.7554131773595842,2.4203327807444452,-3.615257356350769,-4.354179376681285,-9.893147185210667,0.635370682277026,-2.344206940679875,366.66016121153075,2.1793790529863684E13
17,42,2.317740986291767,-0.04541562433583202,-0.12265633061392982,3.8054047115395315,-4.027978367777918,-6.335133209024005,-4.944070784949756,-2.160813654770564,385.32779685498804,-4.4167143290312875E13
17,43,-1.4586374756030986,-0.8228788722227689,1.6468038541819598,-3.111864116081346,-4.169815619834436,-7.2813494340819975,2.6239264120481343,-2.840689362930997,406.3786415753669,8.950882333848417E13
17,44,2.064023485438073,0.008005075547507845,0.5684444674817976,4.0712669421000784,-4.56677293494657,-8.109341439969485,-4.623515577540552,-0.7128538393511501,425.72162107011144,-1.8139795464710944E14
17,45,1.0323080104818807,0.14301414031631127,0.7959415346125069,-2.0655366157321318,-4.213330166519127,-9.500438689857962,0.6610351821232494,-1.7509822185865507,445.17241515455885,3.676198247591735E14
17,46,0.25215431270198996,0.7556117062738463,-1.28798745405888,5.100887969514254,-3.212121614005285,-2.3161117382921885,-5.646945195743301,0.5177111455769365,462.3346057599125,-7.450157628238061E14
17,47,0.9139354757452491,2.3602609390147826,-4.892825716091622,-2.2473413980143886,-1.2583611370579535,3.2823312788081527,0.2010483770280077,-1.1439721773990223,479.60239128808195,1.5098437284204488E15
17,48,1.278591448854417,0.9048374997484364,-2.3911290862881867,4.4591216468571115,-0.8851558016043423,2.2325540775862134,-5.728639050411682,1.4833132753844664,494.2752616517698,-3.0598387282582335E15
17,49,0.5979223530751367,-0.6201969596958609,1.7282635991500066,-3.8012317376695544,-0.8104100877208176,-4.968968642165361,2.7681486103479047,-1.7716608117387866,513.4453273700558,6.201047742035281E15
18,0,4.193397597888587,4.189258474484572,-3.249591358167151,-8.418742586770115,-8.460722717602815,5.660291853206832,-15.380728899826092,3.2058475100002966,-11.734499441326887,9.513451791749656
18,1,-1.3718878285356624,3.1098859885999097,-6.3761809502786,12.439984117434324,-8.355512483369653,-8.841713042501866,-23.976987971166785,6.722425139876147,-11.495273169176471,-24.722224198786535
18,2,3.363271284885312,1.2531488278065663,-2.3256497885191214,-12.133242773421232,-7.499462588769628,-9.472481453275629,6.9700126935870514,-1.8343854348639992,-1.214079825778614,70.47157880466263
18,3,-0.7079660084173944,0.9913563895075375,-1.7358915664488717,15.139323109370965,-6.934478050199307,-8.862165772485293,-17.420576483654557,4.278056545527761,1.315700726526844,-157.89572404238604
18,4,2.3372653508649455,2.9556313281573168,-5.681432985883511,-11.403539766250692,-5.495516731575236,-0.9687787931253287,7.946625868907179,-3.8253049164914077,13.649142840845759,331.41747683313616
18,5,0.7757215236293871,2.4579804736138744,-4.523352781655683,16.105066628624602,-4.540773213572288,-1.520773011108247,-18.121563165242463,2.5539297925214863,15.303127929968344,-694.6928670108763
18,6,0.462419744407756,3.2471282807563755,-6.598052159686171,-14.927653631956534,-3.3373967589351996,3.3695748809101076,13.511017109516008,-6.252457970892803,28.882968280867235,1412.4603529951496
18,7,1.526845139868989,2.7291594795802956,-5.45562715298869,18.368511231626982,-1.5593352710940496,2.72851288945614,-18.339000044778594,0.8988448670489386,29.638677097680652,-2897.984479460425
18,8,0.5935193113423105,2.485995544613151,-6.239830812409821,-16.968149063318837,-0.7209035949217222,6.519059940039497,14.42755147526677,-5.264030595903577,39.49710267383286,5875.220109464827
18,9,1.5887197374468154,2.1948836130719753,-3.002866896077145,20.75866662880778,-0.402739117570981,5.38180880795036,-22.677664742425588,4.443749428461259,35.67779780906987,-11951.002550475343
18,10,1.6984679582698607,2.642096798791843,-4.81049967277452,-19.220944873285067,-0.620598315519622,4.70407878708019,16.53067513404219,-4.379680825661952,44.17947712922819,24222.321467400467
18,11,-0.5358011434157832,2.8620064945938903,-6.046919579461222,25.095553620739366,2.005104804005537,9.364276619148809,-25.906127235785497,6.482243498144747,32.650281044846665,-49134.130429531
18,12,3.319702287331347,2.4467616216030024,-5.11098761165451,-23.09036911755184,3.52104228607251,11.879366105376116,18.973092512462458,-5.738727586081465,36.383948420745035,99585.53597071397
18,13,-0.7447875498134153,1.7744743738428561,-3.2646936598767446,26.62271045918308,4.166568058639653,11.67415698360933,-27.111494492843793,4.948985223607236,23.932730653859856,-201864.13005986586
18,14,2.613450857055752,0.15737172120777454,-0.517464698506587,-26.30698498164883,5.101108245821782,8.144758280675738,23.76796301591988,-7.963977476728079,29.1432074988878,409113.7450467932
18,15,-1.2210669254926103,-1.5308841297403908,2.76783737117748,29.044867317053637,2.6082303769410955,2.000948890314944,-26.90695558834448,5.988436689228734,18.198368317663913,-829150.8727422144
18,16,0.7548670425392097,0.09548950013625757,-0.5955319168630603,-30.4074456685626,1.393905228664011,2.165795997567749,30.24557369337372,-9.425442381477547,31.54800613435082,1680374.2462916647
18,17,1.3592792320147042,0.8352944877049893,-2.859817025094462,34.702356513608166,0.6020612740420711,3.827576312524845,-32.90495217628237,6.2241262035618705,21.658521827847732,-3405487.1374226953
18,18,1.0174080879937606,-0.828988749532639,1.1776514045267297,-37.305426568205014,-0.39647401380767994,-1.8002986655893136,35.93539424943036,-10.123091835787534,36.037338688837046,6901564.1980190445
18,19,0.3677326881828028,-0.15110862198111397,2.0344157493102837,41.779799830171726,-0.4527591511297059,-3.7534984953081727,-41.277982179343375,9.432151973197072,22.94952839534282,-1.3986723356170395E7
18,20,1.7339620321079319,1.1633019023114588,-2.092063559366186,-42.52638485558813,-0.9836260945116959,-0.344617395905612,38.93558770566198,-11.562119778450327,41.558223577250786,2.8345426447890066E7
18,21,0.024644234176505575,1.2942633319862151,-2.8089535396755854,46.13066628090302,-0.7297005904542794,2.091729905217322,-44.5394101104118,9.818688931033877,29.082547972161276,-5.74447128266283E7
18,22,2.434369249099332,0.2746219848929702,-0.05398411678899029,-47.661850864009516,-0.46937543357897016,-1.9153608663294919,45.44874837744713,-13.586116989835928,50.37390677582401,1.1641708602578115E8
18,23,-0.6613581719456001,-0.9314739932537974,1.4852742643132515,50.7506227543885,-0.16312748122424914,-1.1440003594085288,-49.21562166145339,10.841488056295837,35.61239111606423,-2.359301304657894E8
18,24,3.5295092166853257,-0.14278640799373382,0.015420227961189081,-52.65445642105862,-0.3202996717132275,-2.671043688973392,50.42637868978389,-14.840179916166903,58.2660722681286,4.781343867113148E8
18,25,-2.251248181789342,-0.49203348829144145,1.4285782444345592,55.973646988092284,-0.9210865722155867,-3.1416357454638515,-52.794573343469274,10.203609593674402,45.991387762770515,-9.68983892097573E8
18,26,1.7907307429178496,0.40411982018737425,-0.9690332121676999,-59.26281813518251,-1.066308701096284,1.2783337567821067,56.7992786031926,-17.04076785378586,73.01738293119466,1.9637360069295416E9
18,27,-0.08957725875442324,-0.7578873403263564,1.0610167370649162,62.23526122083104,-2.2919763167115685,-5.14577124898477,-58.761470318688744,11.087306715449623,60.83691878540169,-3.9796937478419333E9
18,28,2.491307597705273,0.08394279415860928,-0.4811076216748136,-64.71461554981954,-2.1678618423984357,-3.006336411335199,61.77871456608226,-18.248273267989177,91.35982433740264,8.065219517236008E9
18,29,0.5642120208561608,1.4200687093899274,-2.5077270301566155,71.36742994134343,-1.4290969304295384,1.6413775408767197,-67.31687304732675,13.562847184615505,75.34489174891957,-1.6344917526381063E10
18,30,1.314615270487171,0.4954976496241398,-1.0756776943871038,-73.92038445185185,-1.5803384273956724,0.09277365207154253,70.47802871779965,-19.409710767640185,108.46503805563215,3.3124495452317703E10
18,31,0.8990339336842638,-0.19221491685396275,1.5930000965538373,79.29201617686641,-1.621798086630009,-3.9076239429089856,-75.13328847225729,17.60084433154376,86.81949294592332,-6.712987069000103E10
18,32,1.167422585722384,-0.5390837954416069,0.0895483687854306,-83.43306803987784,-2.0678921725148824,-1.4785819922822652,80.75812926562581,-23.305545432175556,125.2637631153872,1.3604492594409026E11
18,33,0.528516966614824,-0.2815921622071611,1.6983128675169792,89.93193662212003,-2.573391639420133,-6.567111527142281,-84.97516662275916,18.122687819407307,104.54505422744103,-2.757076945093614E11
18,34,2.4352277488691185,-1.1690989272909236,1.7104806717413747,-95.83164431865957,-2.9203712756910902,-5.405348959611126,91.4100209514672,-24.287525232381373,146.73848314404478,5.58747283262915E11
18,35,-0.48992458950567297,-1.4850704334016338,1.9336226070872318,102.13592396488576,-3.1612375161829505,-7.339300695029947,-96.58841625075087,23.050881283662456,121.39361383725347,-1.132353332161005E12
18,36,1.9872771479378541,-1.4503635324009192,2.1482934683138915,-108.46466705396209,-2.2456967424512193,-6.028123117055218,103.69014801904073,-26.946549732705606,167.82132474189467,2.294819334392933E12
18,37,0.9123450063795256,-0.33148938796357486,1.1466364819371608,117.1838235656645,-1.312962374280741,-2.58607513525851,-112.44406743949837,27.906098079534548,133.42954154248957,-4.650664795223603E12
18,38,0.6182135184754622,1.0927887507574172,-2.2687283744799593,-121.7768442483837,-0.9091381148219442,1.7016547372701516,115.16557955424021,-31.142842150988486,184.99078247706336,9.42500471061203E12
18,39,1.2099320031704461,1.6022402022229114,-3.638975345251689,130.94686044720314,0.6391778250080484,3.377402200642339,-125.61680430907165,29.40438740949772,144.72877993021848,-1.9100648553921223E13
18,40,0.49436105099773214,1.0076001209308623,-2.3003969920105503,-137.86551156020354,0.8895806142201281,5.112069490808959,130.8428197085753,-35.80679419136177,201.8522515243897,3.870924061881192E13
18,41,-0.36909769385310787,0.970526761124736,-1.7610293914795827,147.9872319739877,1.7501651237988125,4.413633275874237,-142.60798109686314,33.727473085987754,154.51611600020618,-7.844787600052386E13
18,42,1.7268714196074588,0.7312168263199064,-1.8588960545154816,-154.6416854246873,1.6899634323103918,3.8346124141908673,145.9421821211729,-37.931008695044206,213.11855531301148,1.589819162193834E14
18,43,-0.30450143860101075,-0.0734981356093789,0.18630260691909775,164.53014491066241,0.48682333643284204,-0.026679193257327483,-157.1297050606716,38.03986936079072,162.33677075667896,-3.221916382366843E14
18,44,-0.4490497412162293,0.1330746160434395,-0.1619575491250252,-171.5114673546458,0.08417696210682903,1.1087535212694872,162.73489064049303,-42.64988896497981,231.36779811576463,6.529513181003141E14
18,45,2.625460474071562,0.4445578465341151,-0.3996770533443341,183.8291082352923,0.7266395824079233,2.3839119689007644,-175.56008603040982,42.26720534257774,173.07133383277926,-1.323266569369452E15
18,46,0.5780871276109879,1.5880012519029123,-3.984805865302514,-193.76492066205023,1.5577862032768994,7.514902423054728,184.77811603247883,-49.340735436627405,249.27072117084714,2.681722764117973E15
18,47,-0.8461893491182262,-0.4308339530881039,0.6427380534766903,206.8515925162458,1.0952740312003293,1.3247474827143217,-196.6400126727131,47.16498452641432,185.98177958130898,-5.434760576635434E15
18,48,1.3319559556503238,-2.3145423101222264,3.50721355652993,-220.43775997594983,-1.9585268818111954,-9.291619786678291,211.25907510768945,-54.10038764868524,274.48576712757887,1.1014047731016612E16
18,49,0.8651675459100698,-1.6446987475882788,2.6532523949827636,233.7816538281808,-2.830667686490198,-9.290006017935042,-220.65766179338158,53.93525958985936,204.3462817319898,-2.2320992012533756E16
19,0,-2.3406948391684934,-2.763779901542171,0.5593247249909745,2.1395776655728884,1.3943398925444068,-2.4918209233915807,2.1706670697426995,0.536034263029714,0.4743557301235153,-3.5922889005257743
19,1,2.8590931352431883,-0.39200736817790005,-1.1554050536571814,-1.0311485888608625,0.4062404524051808,1.414856271283906,3.6506899053238406,-1.7500353786718337,0.5556455553703135,9.97482220365246
19,2,0.8161497517526914,-1.2169313572256921,3.1131069152628994,1.9393431353788424,-2.3241104375445545,-7.617246160500389,-0.03559405854038489,-2.8777536138972146,5.573377071100782,-23.51315355412663
19,3,0.7234176584036319,-1.2224300867380742,2.7900258132855367,-3.005628635991214,-2.7541045604013785,-8.087235036691146,3.4733730496665522,-4.470752521832148,15.474740194012492,46.18676137413893
19,4,1.7274218419725638,-0.21870382835648944,-0.22839416542511137,3.738534630151501,-4.133654915101141,-7.475396357775985,-3.7696742598102624,0.6070847754578006,19.3487489987637,-105.74394669398386
19,5,-0.09935249550269021,1.4536960146287448,-2.9690327530915375,-2.0183708157763847,-3.2366098119504083,-2.556055065972741,0.5380460683086031,-0.9612518628282878,24.343228411636737,206.34429383422625
19,6,1.6964956667181084,1.7759546769932144,-2.474645886896338,5.114159309701673,-3.4554441628651134,-4.009256085756462,-4.579823261150285,-0.5239113297136164,31.88122714733416,-436.7642047672397
19,7,0.8214038326994667,1.4009753801547353,-4.4639604217634075,-3.624482911425653,-3.891966541984652,-2.3190714141927424,3.9241954992735955,-3.568267726626783,43.8625084164225,868.1727002642047
19,8,1.1430880131545758,1.4370553631591816,-2.233076988600927,6.463535632159669,-1.8374560537152345,-0.783111845656292,-6.748631587723422,0.5081793844088667,45.301291575324825,-1788.200928747319
19,9,1.4250796550883764,1.7160308392715753,-3.731666621554445,-4.834474382999142,0.623633681367423,3.918688285332522,4.175168388163723,-3.796329330453961,52.22367547788966,3605.083197983596
19,10,0.12270983195598495,2.0661458640165273,-4.56718979313439,9.206376609609705,1.7142172137242577,8.764620910887102,-12.072255870396434,1.0777402826898064,48.89164601421398,-7342.161353223843
19,11,0.5872098646735394,0.12673135596395735,-1.3557796864400848,-8.214185976168856,0.4443675512769303,2.095202923887082,6.223960002075495,-1.914135315045237,52.34077897656098,14863.478298422875
19,12,1.5076059950416802,-2.1593829330978345,4.095168170738565,7.749185615988763,-2.4971762937385376,-8.455809357444078,-6.4023735134838216,-0.9866484199837341,56.92594106595337,-30159.472230450814
19,13,1.4108245298669724,-1.2913956903871477,2.4699704594240126,-8.519323353023943,-3.2624106558830483,-7.245901723493634,8.395181635203723,-5.268958932234911,69.7120707364997,61098.67155701764
19,14,-1.3382248774549779,-1.7858123554914207,3.000040456876674,9.975920649894212,-5.352979996150507,-11.945695780697942,-8.9180314609422,0.394975950962307,77.87246972482764,-123872.7996602732
19,15,2.470356291382305,-0.2964571417452687,0.6049206958096439,-9.791854979260874,-5.342756826752405,-9.735443698545549,9.691284201917709,-4.078653561165222,91.01253692978945,251007.92467953675
19,16,0.17216834385353663,-0.574464823297977,1.020575253881426,11.039748065405183,-5.7050207570231874,-8.50330041490189,-10.430295496679237,0.4461351405320181,100.40164276014755,-508753.37724514195
19,17,2.5372328518245713,0.7753445881826797,-0.9320787501331379,-9.933655250415374,-6.85807795426097,-9.531412006625674,9.237686817364004,-5.435172562699785,119.49082754212743,1030989.7265540265
19,18,1.6344862355970782,-1.7444103735391776,2.9271217192098162,9.163565706891987,-8.26853326900187,-16.83519144183443,-7.684155948326893,-1.574101636114183,136.17513761347473,-2089473.9355756056
19,19,0.050033582464092174,-1.8067629318410334,3.357614833727025,-8.501544487640652,-9.904750601311244,-19.538020772619664,9.371888773489868,-4.711957875981241,161.3534247579576,4234446.538279186
19,20,0.7157485540654952,-2.664742971511332,5.7719337576731,6.607328710481734,-10.661419459645643,-22.88961156498078,-3.9599183446903705,-1.3363569249269602,181.43322707732298,-8581595.71434668
19,21,1.529863588404615,-2.038747060078867,4.370774438722986,-5.71393803787703,-11.58610873175362,-23.33635729571248,5.661867726661489,-3.251872956831377,207.2283816841833,1.739130732606682E7
19,22,0.2040671502075047,-2.1686620372115986,4.748947637482096,5.061026836599285,-12.458428981094487,-23.729793926118344,-2.6919159701154474,-1.493099917809381,231.6000091791939,-3.52452221376532E7
19,23,1.6138296181097762,-1.5822106672152316,3.4347202470753775,-4.769415943299327,-13.774220849349913,-24.815668716798434,4.362464174691064,-3.7541144291002078,262.0684638033573,7.142759808954518E7
19,24,0.15724515251155197,-1.186435538115461,1.1300081683938192,4.170704688767202,-13.375230203595956,-23.203512363926155,-5.102975601967298,-1.2150880660310988,289.64193243755665,-1.4475482180313686E8
19,25,1.213026649542863,-0.5976865296646054,0.4782928306647497,-4.1520466748131,-12.46936402991874,-19.334089087485435,3.193748358373234,-3.0432002055840184,319.4552062055275,2.933589497351363E8
19,26,0.3036214461242679,-1.0178551027048168,3.2890717235973463,3.936692623954592,-12.54753193350644,-22.80595337928558,-3.388564160393832,-1.4596648749893308,347.53407950850135,-5.945193731510793E8
19,27,1.4745164554364845,-1.0179654907860007,1.4978588473657057,-1.791200226195993,-12.565853355031859,-21.60692767614282,1.8184483430154956,-3.8184117158690065,380.7856839029102,1.2048486084133124E9
19,28,0.9223271412243289,-0.9882373501681789,1.636915950899149,2.9036567695111657,-13.722133087019788,-22.517739059464873,-3.3912069972275463,-1.4481997853229986,413.7286636319157,-2.441737966775173E9
19,29,1.1844697001075393,0.47546209261144534,-0.6279862516841856,-1.9201316237708606,-12.121910643246105,-17.01846520343333,1.759538830922776,-2.155761177880139,445.68769943576444,4.948408841680647E9
19,30,1.5482076579505137,-0.38166987999644847,-0.6761140805324142,2.8925035375016774,-12.565576843289675,-20.085938369900646,-1.9584147345706102,-2.180121359965003,478.3454390998722,-1.002841095891982E10
19,31,0.1792131819535298,-0.9055553931714297,1.8751753466636771,-2.80638535564411,-14.0080675461728,-25.54369872438978,4.06564796695791,-4.52409837049521,519.1516494519512,2.032350717114092E10
19,32,2.9746859181026712,-1.0336736827741497,1.6466814028439871,4.154161104132963,-13.522025529033796,-21.188763201031797,-3.958699590810605,-2.6774553304402335,556.6501007577002,-4.118747762020936E10
19,33,-0.1027436962607064,-0.7112679877181243,1.3722317550803476,-4.21746991503358,-14.479792683223996,-23.830328791275463,3.928210416184803,-5.073041055282598,600.7861053312687,8.347025344993086E10
19,34,1.8957955471809735,2.771611934806407,-5.341464531881036,8.029420322319067,-11.369424849552962,-11.250227235413204,-9.361792633776842,0.1039874346697307,633.483252453325,-1.6916023152803018E11
19,35,-1.3286098804768416,1.474391703931117,-3.4017603569152475,-5.819769363236106,-10.650038468281036,-13.991947374220626,3.423376576192695,-2.398850858051523,671.9735014891044,3.428189404338063E11
19,36,2.7099853063474435,1.951593047395499,-3.34773875395406,8.023341260862058,-8.42255994218607,-11.215678387826108,-9.406707846908265,1.0561689834200025,700.9628479909201,-6.947544646774731E11
19,37,0.3862457592822433,-0.790295165609094,0.3566949830484982,-7.500315134870292,-9.516632012975911,-14.977481021065278,6.8212893650271615,-3.309763590342854,741.9635789766243,1.4079845331457708E12
19,38,1.8908569519980007,-0.7562252754266707,0.6360048860067343,8.357792445740033,-10.270381500033851,-17.680163544196734,-6.7938393138885536,-0.38540709689551433,779.7729545525959,-2.853411596734679E12
19,39,1.591028374763601,-0.38341832539971754,0.7074017829487504,-6.8842591989546165,-9.793224999313974,-16.4280405149925,7.744754625631649,-4.788721079132216,824.255307765659,5.782703962250801E12
19,40,1.0827531704677,1.4428160547651698,-3.6190388191859344,10.94331761977445,-8.481439660285158,-8.705965399916918,-10.260922054575527,0.35352943790814073,859.5590209107055,-1.1719187360504605E13
19,41,0.3276010634641817,-0.9776254210306805,2.3481266759772645,-11.5822690797807,-8.878613911280453,-14.846726153158976,10.17401620432675,-5.3970089688302485,906.5882494956671,2.3750023047885438E13
19,42,3.1853308174446138,-1.2760996850347854,2.269802719093356,12.390495115479881,-8.927255832019934,-15.719495426537827,-10.864595221643533,0.2401161966149921,944.1526315636949,-4.813163041431467E13
19,43,1.0373777447015913,-3.4573047074566983,7.029737362446416,-15.226444419735294,-10.469436696820734,-25.378083940315616,14.867973247834556,-7.408348698121562,998.5128652802728,9.754322518479125E13
19,44,0.6254409257977441,-2.5136907595026208,4.673276424362974,16.129397925627504,-11.707862278336634,-22.96813901931544,-15.196911202931128,0.6250595405489744,1043.4958522204772,-1.9768041717317916E14
19,45,0.42876925168499447,-0.7119648998449849,1.9811590756865742,-16.473618727026448,-11.91306771894224,-20.751936483231663,15.488936136250691,-5.579745814621294,1099.7935510115437,4.0061774930617925E14
19,46,0.9835492817490386,-0.707873580270987,1.9290999909083504,18.19764940816929,-12.897248255392824,-22.35683095152561,-17.217545213761667,3.4643016659244346,1146.5207391401616,-8.118891256633198E14
19,47,1.490089149824165,-0.49876188763299667,1.8487834126951674,-18.939654421891046,-14.334557477193531,-23.251506889131313,18.22939714718063,-6.53192609568317,1212.5989880642674,1.6453688173107512E15
19,48,-0.5848932678987528,-0.8657200378837708,2.406290359776496,20.028814346225687,-15.526552343043672,-26.179636819210906,-17.065748293403605,0.7940484062036216,1270.3761026671928,-3.3344929244720485E15
19,49,1.3880038056732662,-1.5081961162052462,2.587278481275114,-21.281611195698357,-15.733129605597268,-27.690837627326356,21.088977691184624,-8.873986750104715,1345.6473909920205,6.757660012983459E15
5,0,0.5567439401800234,1.1284679440917444,1.1828268281254377,-3.75055607736511,-4.198122594564014,2.134804672307353,-7.63061844243406,2.244505405287454,-7.266446215865493,2.150785466061669
5,1,0.1275379890990569,-0.4447134495024414,1.837362255400406,5.314171518813198,-4.840120354631467,-11.239398105107774,-10.500354355240718,4.524000671015198,-7.832622588405816,-3.3878235740667977
5,2,3.024110536994413,0.9641758383179291,-1.8906893948105863,-3.9708805876857527,-4.409411108294952,-4.97046374890082,1.0382997721735683,1.3061659542037602,-6.059806294031013,18.92811968007274
5,3,0.10268188174913517,1.2209345887233352,-2.5230702374615426,5.631939092049152,-2.948779821983822,-0.32250029042789086,-6.5298591970865365,0.7614090489444231,-4.04804727882559,-39.00407397332895
5,4,0.15607467970751165,-0.26280415649992706,0.2189876369317325,-4.690132928677691,-3.698114073169635,-5.209573532951918,3.945430496383303,-1.334385574946897,2.9329468094858573,86.49790932695318
5,5,0.9509225439508208,0.638847212553089,-2.0857317234185895,6.148578114318214,-4.350737055024412,-5.546359788726384,-6.482676305653212,2.0175538093734353,6.748593344800854,-183.1128132519788
5,6,1.5170160788350118,-0.744589453358097,0.8655670490251983,-7.0127011093352705,-4.754227982837972,-9.022810664968341,6.728956139776049,-2.585340239779737,16.642765825804965,375.57361899347836
5,7,1.3340422273438681,-0.47865765558475737,0.8312455188097985,9.500361491895989,-4.242361638469318,-7.356417520896835,-10.79719391732971,0.6768795688134911,20.554276908084784,-780.9953162427254
5,8,0.004950892157370768,-0.01099096372709385,-1.482221308665349,-9.174268274279331,-4.774154457854208,-4.800469460156241,7.084039679946334,-3.8143274563176695,32.86621532018667,1581.0367125369205
5,9,2.826109716922242,0.5121198351278647,0.40365362580064224,11.94183553862134,-5.75703323695204,-10.481230597214232,-12.243707582146708,0.5873349564859236,39.56741386367938,-3235.617987760679
5,10,-0.583650827226155,-0.6240582496094709,2.1235026564049817,-11.046836998765851,-7.25384423545351,-14.303115568880525,9.01055126280267,-4.260253124633032,57.68104049189336,6546.959746324263
5,11,2.1278044852698215,1.124172149924012,-2.3382154171518588,12.97558828876097,-6.796519351788859,-7.590191950413415,-14.80504201650434,1.5220051107911903,64.3553136703931,-13312.213516333712
5,12,0.03114631743690785,1.7003991772107392,-2.3102366228653786,-10.071418635478496,-4.941930400540531,-4.540048361297219,7.693120950647312,-2.4456935010393934,75.9959911627156,26954.037183859033
5,13,1.0152444323637781,0.8491358204766584,-2.916317444611538,11.056988677237054,-4.529811515521118,-3.8102121739441563,-10.499305334857187,0.9243871632542414,82.6610437542417,-54677.69353165376
5,14,1.8267523934740209,1.4252694135905188,-2.835575464678833,-9.352013635651023,-3.078480358444392,-1.2229458291945303,9.539772867838709,-6.168760288536648,97.3024912374413,110772.55687556109
5,15,-0.34260893490948263,1.844559104206092,-2.6054561961735994,11.807466830681669,-2.5457229158913037,-0.4041209554830961,-11.967241214877841,-0.5632874736542901,104.14536474725446,-224557.17723639612
5,16,1.4232310775971193,0.8337097362937153,-1.6593386717141847,-11.203702369561647,-1.4960940892004149,-0.7876152295692358,9.756776882326072,-5.664671776003632,117.26707843156116,455039.46340537065
5,17,0.7997941297426827,1.3753556118102122,-2.101983423420873,13.577862224191772,-0.6758988468627485,1.180655719688795,-13.394499660233226,1.5391387764201359,118.29880766349237,-922258.238082583
5,18,1.1596759701801853,1.2827746267808884,-2.057413380189295,-12.047023740883851,0.7778740839649789,5.466326157961269,11.691494805552175,-4.8531589754535025,127.68257701414227,1868991.2344143235
5,19,-0.36455704100912356,2.2202208661457283,-4.9371008076282505,16.4092075114868,2.370564350794009,9.136899181511607,-18.029804441519843,3.802251074051324,121.82746045702466,-3787767.047526136
5,20,0.7632264278395675,-0.1935495796367681,-1.2545040837037378,-15.428497241016577,-0.3059413635139676,0.07621629209676745,13.632311616300932,-3.742568948124897,131.23497498177997,7676214.178836666
5,21,2.040507882787189,1.723492743948563,-3.828417382039326,20.27478726037822,0.30270554745275724,5.190535595098808,-22.523140108463284,4.776410976150463,126.70908688414094,-1.5556650373011852E7
5,22,2.160511857542554,1.1509968508689612,-2.3770174707341063,-18.463113968412724,1.2878970343848932,5.1337182637456005,15.813106021461513,-6.0656386222367695,137.53830397649912,3.1526951405968726E7
5,23,-0.05445678986106217,1.8345067821549828,-3.9033256027946304,21.247951070290917,2.1223300539122527,6.782959434679081,-20.955718432102106,2.56357696266663,134.34253254197682,-6.38923947213971E7
5,24,1.3204970396179032,0.43364069883892653,-2.4416771293369726,-21.3252193670412,3.3186622661469114,7.999811317251352,20.494194893516173,-8.15888767745881,144.45174921274864,1.2948382826286726E8
5,25,0.24806243001989348,-0.7053368888784309,1.1092513608502836,22.429263655521,3.126322442764193,5.562184587310399,-20.937597327061855,3.5882668821916863,139.39287750023007,-2.6241112003479803E8
5,26,0.8529800549355134,0.1867407371196796,-1.2054317613330745,-22.45847190600382,2.068772057176791,3.341422180223522,22.01994917757159,-6.85005764934161,150.04880335028759,5.318004865133993E8
5,27,1.2306771857835355,0.7035925173709682,-1.6876855789194753,25.792429735554613,0.3364070206466101,3.142657668386417,-23.02244650276516,4.28266433738421,146.53104235332512,-1.0777432503243132E9
5,28,1.3040814433343006,0.8909843358656719,-2.2121487101158945,-26.04439660645232,-0.1804343093455542,2.57746771346691,24.34415695122431,-8.92857523079117,163.28144216449397,2.1841468723220806E9
5,29,1.0074853432635884,-0.08363518726054509,0.05644010821923698,28.43304350877955,-0.27641783608848675,0.035694153126482275,-26.754127867898596,6.458735093310242,158.25232603364333,-4.42637687483694E9
5,30,1.263161712997325,-0.18700795567786088,0.5124222326186212,-30.26970595337326,-0.22141182500926992,-2.3468037052685005,28.500341167322432,-8.063412379817722,175.5554552889182,8.970464328383549E9
5,31,-0.625968820611435,-0.5641792310562156,0.4237644451477538,32.57654596974485,-1.556631343567981,-3.241994980848441,-31.322045928108206,7.217445552454592,172.30815954560367,-1.8179480325118107E10
5,32,3.621914802409412,0.42195548822623374,-2.0867154917636404,-31.973335410739168,-1.8145866301169182,-0.7791133761872855,29.94852764104817,-8.770222378079835,190.21913284426861,3.6842407477217606E10
5,33,-0.021083119066184763,0.4878175484509192,-2.6876848309806056,36.55104761433729,-2.6930739465038767,-3.1532638297144886,-34.94816612264847,6.751025314166833,188.78887024052975,-7.4664565167173E10
5,34,2.086033384430873,-0.4330604033678789,0.5342002448096155,-38.78521621108091,-3.122507529322412,-6.875977914590111,37.89520502473494,-11.79459000195548,214.94199937723027,1.513146849125127E11
5,35,-0.16447439939166292,-0.6221494669688901,-0.6868761416573099,41.42602772206425,-5.855178285776136,-7.648873527718295,-38.658012501051594,6.600550549318278,218.78192116134144,-3.0665328111797845E11
5,36,1.1789672923852867,-0.07656465198020102,-0.7298639944574583,-43.316353001877594,-4.911475062603736,-4.581556362271679,42.81382615096631,-14.70233437863505,253.3687639358448,6.214613922856113E11
5,37,-0.8213456257313628,0.17924969751948883,-1.6968151402523646,46.06503574967153,-4.38697638669268,-4.461189750764531,-42.2953165545612,7.366259360034692,255.72871975990202,-1.259449306390863E12
5,38,1.540942202682796,0.35363432251699833,-0.593460184217578,-46.84814629637499,-4.560714606643867,-7.218674305927562,45.313545128611345,-14.227790476392748,289.1372636196029,2.5523911457162373E12
5,39,0.5915990790989367,-0.3273059172172897,0.4477197638036098,51.01108726003276,-5.099261890146593,-8.937972419779221,-48.1242955980666,9.133710026923369,292.1095282512561,-5.172658024562393E12
5,40,1.2139340716649107,-0.6541108732368368,0.296193099428653,-54.466293131724136,-5.1502848748436465,-8.542748386303868,53.139881739447816,-16.373116038286312,331.879550818531,1.0482872534094518E13
5,41,2.564190397122386,-0.7667337179412173,1.6396483323377236,58.124577124744164,-6.891444470479511,-13.878828541844886,-54.948210580362414,10.491033250868599,333.3432706754169,-2.124451607792459E13
5,42,-1.695306682468421,-0.15602978095433706,0.5922491850160233,-60.18029980152071,-6.384073513255845,-10.686569883473302,57.70910430922488,-18.29087100372578,379.4345655817375,4.305398753164694E13
5,43,2.813236600478895,1.4231182107425462,-2.94021864257558,66.93069885826728,-5.853527122062943,-5.99388936866504,-63.8571376435814,12.315906750156556,380.21555052765524,-8.725290967265286E13
5,44,-1.4987224092822375,0.23338557693814999,-1.345922216985131,-70.87647559682486,-6.587771209365102,-9.059326154772087,67.1776937139493,-19.717741690008385,430.80329593028245,1.76826135807234E14
5,45,1.8687577548124996,2.6367988568981695,-4.047561143678976,78.09835763696815,-4.537136564772123,-2.4262804492986976,-76.12254506842639,15.384837708390481,426.00880076444133,-3.583546087101971E14
5,46,-1.3502699031773262,0.9475483260215105,-2.0796281223106856,-82.35318768389544,-3.390179961479696,-3.83562028861637,77.77408937365107,-21.58118484004816,473.52143146803644,7.262389408525772E14
5,47,1.9314064977982253,-0.953756011008301,1.7772610878705888,86.89275163740736,-3.8304723630334374,-8.56428242634503,-82.46842426850678,18.997298840551434,463.8066501371037,-1.4717907524873842E15
5,48,0.4261574919951624,0.07675559454880698,-0.9709581737625887,-90.99342883519837,-4.828444636060961,-6.665592425404544,86.47303706107549,-23.084818043377688,519.4188585608598,2.982720833674595E15
5,49,0.3509911302771517,1.9129941178896779,-4.524378026327259,98.5597749104394,-3.120202701610713,-0.9741235048651302,-93.21297732125328,22.80535304609265,504.6863746256794,-6.044761156843703E15
6,0,0.6501408441701937,0.45167016643385793,-1.362734984083355,-1.018398026940971,-0.012881042854228753,-0.43738234876690596,-3.1603303419569677,0.7316161067033183,-2.1451555462262544,1.5663985202674906
6,1,0.4917267510184543,0.7520721770203074,-2.684344926459016,2.170465736697434,-0.026353128748096075,5.361934352015166,-3.9420396238159356,0.11453605130014549,-3.559841498335664,-1.9171865406612827
6,2,2.4423130124008505,0.8704447544505459,-3.1377443992566794,0.36879344926149316,-0.4274754248236443,2.908902700904945,-1.7564258473432628,-0.4766775632423904,-3.929654205504967,8.013609828668024
6,3,0.9205487121183207,2.0496309638273535,-3.0287636444664106,2.1588972879308166,0.2721057183060561,2.7432313631417458,-3.386189774458086,-1.1502674532689565,-4.138807836112174,-15.059695771370503
6,4,1.3731282203597825,-0.6191611784354221,0.8455656153763031,-1.8870347387958053,-1.343298269386024,-2.1019705332012473,1.2720959203206201,-0.7726897553605669,-3.4621676084741315,38.76770634075567
6,5,1.45854598539497,-0.6067897657484455,-0.637602376236069,2.154615347646347,-1.543317085684236,-0.9048360149708187,-3.1394327747580295,-1.2274860796329143,0.15867635907329625,-78.59052665445822
6,6,0.5944070467325818,-1.2058269946818239,4.529081697358729,-0.6110056379849005,-2.339205451407928,-7.838910850783333,-0.15512897440349233,-3.5908820715323784,8.40100865149462,158.32217578670327
6,7,1.2321725609074081,-1.8954476327869771,3.9783878441386427,1.5448478147663094,-3.7827081442684274,-9.717120968459888,-2.999771401144427,-0.8233362885058351,15.726475893368155,-329.4964738580071
6,8,0.6754871216700942,-0.20206468324499283,0.4036411410269522,-0.5879679695379552,-5.323666970196499,-7.775782293315578,-1.5813542167810428,-2.3830665993810936,25.45395698271563,660.0911310476337
6,9,2.7265000400819335,-1.4729654240294763,2.2530756870844963,1.6450697782705364,-6.054507167856817,-13.83814301678721,-3.1592015557511184,-0.7769270929774409,35.077741205561395,-1352.1477352267514
6,10,0.440786207068516,-0.07945265035636928,-0.20763735697448849,0.6169986383810424,-6.692772754167213,-10.258005858438386,-2.2253096733385065,-1.7667957090174942,47.335964949263676,2719.111800382638
6,11,0.8507079041390007,0.5919284520134612,-1.132963598980599,-0.07224547507515444,-5.452005293047274,-8.001542248200105,-0.5886422241902196,-2.336520969943225,58.756455379932426,-5539.055696831489
6,12,-1.1929537919340878,-0.5789420386701877,1.2811292857040517,0.7327159659584729,-6.020994370009683,-10.478138916685316,1.0377438483621937E-4,-1.6838750444618236,69.91874286702055,11189.768034410195
6,13,4.0849896420708856,0.7512542973352081,-2.1653149044078726,-0.0025847714888003193,-4.609964402488115,-4.622138982792842,-0.373870752556491,-0.8624506641055092,77.5096117232236,-22713.653774898357
6,14,-0.48631608973996326,0.2287477516625239,-1.3568960100692635,2.223672693008332,-4.621737911820265,-5.883920110328107,-1.3591331558481912,-1.426311595896509,87.66487258374163,45987.71774000108
6,15,2.2669047765731394,1.202409315962278,-3.0892744858117744,0.2116626063177287,-2.6353124290243244,-1.4431376952752974,-1.1904238837518117,-1.750780969289216,95.630225719835,-93247.0780578716
6,16,1.0463842030052137,1.762660313606828,-4.133408776547153,1.6879764423143384,-1.293481718199823,3.5311800310373407,-1.086892978519468,-1.9776366146907616,104.54796395685881,188918.42446868232
6,17,0.3722063757528419,0.7857321132926316,-3.353293115795028,0.8397024605560771,-2.228209842504261,0.49111691938309526,-2.843766323842779,-0.4868655088376703,111.28299008756585,-382917.9051780632
6,18,2.126768199317103,1.7945453385205785,-4.421010814086921,1.2548546082026468,-0.779216692124191,3.160536543469208,-1.1676823853825975,-2.188887721310705,119.24887350958896,775957.2033143184
6,19,0.33633196575323376,0.07790898363972398,-1.1213160774090818,-0.10149620431407229,-0.42416838384371247,-0.43664514656835085,1.0547434533583175,-2.4481667903858955,127.03910313169354,-1572615.8301062558
6,20,1.757848641461765,0.6225221750972596,-1.6756150524274198,1.78485635971707,-0.45389047957544376,1.3206389042273172,-1.5057434382498485,-3.1019921517904785,134.64873671847099,3186981.219800813
6,21,0.579022368110151,-0.16062692614146823,0.7835876338798204,-2.0678040368779538,-1.1113434994971292,-3.6604827712441015,2.2780662848912554,-3.1276487744605808,144.82166657858113,-6458786.15285147
6,22,-0.4281396676327611,-0.36980519051241684,0.3979878068248185,3.739353894092141,-1.5552463722243173,-1.3783589369057552,-4.348212527602372,-1.6129113283131917,152.90909970822136,1.3089247497369684E7
6,23,1.9844848324278108,-0.03983144089811183,-1.0072467294790055,-2.4613880750497668,-1.993319461906455,-0.6819419858862419,1.819604611425233,-2.6276937742324367,165.13259653635063,-2.6526658873795476E7
6,24,1.0496671851396011,-1.5617348665317012,3.1673832215612623,3.2253142979700766,-2.8985433670079264,-9.473762500929995,-2.7418699047699153,-2.6217576693353157,176.9799103879769,5.375864585032014E7
6,25,1.285668457519453,0.20479258023936064,-0.9088560530315829,-2.7657965517197383,-2.690501222196884,-3.2783058386655393,3.3856482184837784,-3.01714984150365,191.02102407529426,-1.0894698940322824E8
6,26,2.338111346544503,2.630502730535376,-4.635551430631487,7.085839761972223,-1.2057164240823441,2.8723655906792693,-7.179777875283657,-1.1220341005185692,199.37541285255554,2.207910921861809E8
6,27,1.3475703192790487,1.4541477538505254,-2.911542618307627,-5.542749360654001,0.6445933494110958,4.280191186159459,4.86579595278669,-4.185147918922367,210.01024707290193,-4.4745378330745757E8
6,28,1.1768987954832162,1.862290541167267,-3.609085538355419,7.165290221027933,0.9931513704155536,4.159162042900977,-6.83130094018523,-2.470255269212857,218.094024480787,9.068065828356136E8
6,29,0.3984112613494532,2.3804753042924736,-4.990869436545648,-5.730043734828624,1.9759253785114375,9.19039692992423,5.911970228252174,-5.705859338088511,229.49759153845153,-1.8377279833375037E9
6,30,-0.17053316259763474,3.3741390231710646,-7.127206588413139,9.868337777358567,3.37635921989472,12.502573809388961,-10.58366337583502,-0.9708581120228618,232.41665096214592,3.7243265283276944E9
6,31,2.1390684412224856,2.368970057310882,-4.604686919694242,-7.236219704240475,4.176337620128788,12.603692539176171,6.146914966146105,-5.0662522603335765,239.87748766314218,-7.547694182918804E9
6,32,-0.08741283527458676,0.4544517747722734,-1.1072459718519283,8.65640352234276,3.6643504120200467,7.6959134343199,-8.027477486412003,0.41640232051854353,241.81703942824032,1.5296104044620874E10
6,33,1.3143598168238713,1.2443588138709372,-1.6543310405976128,-6.353113829067971,4.170938049985028,6.516140504976341,6.977942975716612,-4.8891287232810345,251.9927091072431,-3.0998977480373066E10
6,34,1.1278555725367376,1.2439575628367092,-2.8730191439254407,7.489214165028278,3.9677772149776525,8.327427201190385,-7.827546752142637,-0.02862903701095909,255.27430411027885,6.282231056749711E10
6,35,0.9659648306824812,1.657058650289875,-3.7384864153265474,-3.3621053489911312,4.108552398034735,12.24778819732785,1.12649969407384,-1.5259062388148859,258.3004461456625,-1.2731525485392847E11
6,36,0.442848732702277,1.1524641732471765,-2.6765757360296325,3.1611351865796036,3.4060856033640445,9.053731618837684,-3.5305879397443305,-0.34885554504111227,262.8733376398753,2.5801620389914957E11
6,37,1.8066018823889447,0.5377696428458855,-0.8239674079479404,-2.839876032260549,3.4740253253207536,7.957161418376323,3.0723259845415325,-2.2646929094291206,270.8804712824277,-5.2289383236055817E11
6,38,0.6938182883678761,-0.47395239561829505,0.22878535608987555,3.644328649863979,3.6912133632792488,6.248636884086931,-1.363456817818939,-2.090863563849496,277.07605443081866,1.0596929792666813E12
6,39,2.067491012081022,-0.4457465559284551,0.6211866769099748,-4.279727965957621,1.8438404153863586,1.232483091115321,4.852111174461289,-3.9399000568260982,287.29921291440564,-2.1475663720737349E12
6,40,0.2305225722757966,-0.8357024445577015,0.9455350052157763,5.320694676087263,1.5742325556462744,2.3173396453509794,-4.61485500884218,-0.9960788210851025,294.660495307776,4.3522429724620093E12
6,41,1.1533071451802064,-0.24252367331546817,-0.23334291492690284,-5.365885974705429,1.4367282730187738,2.807030575517792,5.759055915200938,-3.6514799167250738,306.4484748700067,-8.820225134220955E12
6,42,1.0962084073678546,2.406867492581323,-4.941226612473727,8.962954015594962,1.9388851551148845,8.960082076713551,-8.44441016152127,-0.8788678364505236,314.9205498196118,1.7875006498592832E13
6,43,1.2495835706747243,1.3407839786034963,-3.942505134345242,-5.350301523353597,1.7933210811338511,8.22447380499525,3.769849200073017,-4.334430916775416,328.3692775525949,-3.622536301139292E13
6,44,1.4516344807575323,0.7027450298492488,-1.2790815460025777,6.894089668861922,1.5219726895048762,3.520704878334187,-7.266863083567984,-0.24548151570096283,336.0103926746953,7.341406703271594E13
6,45,0.10458574164787482,-1.3803951805459511,3.720472191576067,-7.451135481518543,0.4691835556467572,-4.369640280097878,7.053889317701614,-2.979198558991716,349.77908826959657,-1.4878043421149422E14
6,46,0.4746012665344608,-0.03457231032906127,1.322128897207047,8.842791465783755,0.49313820319133767,-0.04267092138613615,-10.105676987310328,0.4957571047328796,359.7716376474962,3.0151738622865806E14
6,47,-0.12940600568340432,0.1868708535160661,-0.4555539841833983,-8.445318550499408,0.2047013901387113,3.093974628778078,7.376260166503044,-3.444916880899945,376.7644437432488,-6.110530237397694E14
6,48,1.6239962382496693,-0.9926663079749493,2.8228169798584553,9.149840954793982,-0.11780866323751837,-2.4634737241427587,-8.058954161203356,0.41772540100791805,387.80052164442577,1.2383557793850665E15
6,49,-0.183723963159649,-0.7121570624206347,0.880289404959961,-8.853930113248184,-0.9055377537979497,-2.854833525640254,8.248548120254297,-4.238697351099411,407.89638823836805,-2.5096431516716765E15
7,0,3.574373188916185,4.272512202479269,-1.6794705025468832,-6.524377246620781,-5.768760507513758,6.166835807830805,-11.01481059855703,2.628259645097806,-8.91364674957502,8.642805043301085
7,1,-0.8131554407381592,4.557751774695824,-8.089911159248196,11.034729749797522,-2.906039683496151,4.236381196610351,-19.940918788745005,5.1062773278604885,-13.678419462887303,-20.42330301911888
7,2,1.849950868609095,2.3691039261191085,-5.836000654895464,-7.524114228900293,-0.9851518083015315,5.790337319057638,2.317838645801174,-1.870106998344894,-11.260173507719351,57.79107391479019
7,3,0.21791592520248063,1.150798269103696,-3.3394489888928964,9.612723258965742,-0.5100938341495633,3.321354032326335,-11.235535708886424,0.8386875308592207,-13.021535863085578,-120.42570179485605
7,4,0.9752578425371857,-0.0314041620933756,-0.10110188269745063,-8.366117365592727,0.2479132035351489,0.9542644507483109,4.277854681154695,-2.095156419724607,-11.561266887522338,262.16475311476086
7,5,2.3997300172122404,1.5205161261869615,-4.2165891381662295,9.981028348564225,1.0655184760316536,6.800848042241068,-10.847433699744885,1.8688145204578932,-17.408691460171497,-532.5573125785126
7,6,0.17069913996073666,1.0510925732619236,-3.2667610192903958,-8.998734658713369,1.1231095730960716,6.094002759196543,8.00945413257889,-3.3471682537793233,-15.110909865753769,1099.6095034733803
7,7,1.5026578431765523,0.4850733148751474,-1.1643841217469617,11.247700855433711,1.0318257230571994,2.740579615225324,-11.050552987283183,0.4058764559759912,-19.476621772650923,-2231.573698822205
7,8,0.6457012116659617,1.7500822487095404,-4.918060725773438,-9.135451826368117,1.6336525913966,10.235889296211303,7.902111170765338,-4.722919166443485,-16.540913430079428,4544.493595629028
7,9,0.07293401628842844,0.31127604391105335,-0.6161616046017178,10.796024907970093,0.5274974629595766,1.3904711712231952,-9.677743885261524,-1.290027681484251,-16.356576660372255,-9214.181512800706
7,10,1.843189949650881,2.1839637603095476,-4.138201432997124,-8.586136366104565,0.743513216139419,6.192599914361481,7.7197826361647826,-5.484599101545631,-9.158114951820863,18692.562269494578
7,11,-0.1452265312440123,0.06620613047764268,-0.8328636505240852,9.792966032142756,1.3177518519677873,3.455163686351967,-7.8316997101677295,0.5997754271907689,-12.008766066055589,-37884.978501467675
7,12,2.3873155932119614,0.020840371280205383,0.18953479898692088,-8.481021444024776,0.4410911828457268,0.9080442771079225,9.101602126431647,-4.0788134187517455,-8.381415197793684,76793.27715346424
7,13,1.0255802257779711,1.701064061518217,-2.787207754492578,11.479592794442015,1.1968316826962906,5.475122341146491,-11.597647677566519,-0.501903189318337,-9.891197924315355,-155635.43826004645
7,14,0.3556658655864927,1.320933434612871,-2.1952384311185655,-9.219668736587833,2.5123312331450416,7.389820055655446,9.68323349735214,-5.569769383715555,-6.205329363747311,315423.279149001
7,15,1.0818978280416187,0.08654097483741685,-0.8733181618698331,11.065305104559082,2.9064390787577707,6.265719003221109,-9.584421022143067,-0.2519009341404685,-10.557455396061895,-639241.9639612692
7,16,0.09923847160029375,0.9295460876945741,0.1474014742614207,-10.879723307781894,1.753286724456646,2.573796586387481,10.32935884871491,-6.010032362462233,-3.47677741370981,1295500.3898652657
7,17,2.887738269980355,1.034354418692793,-1.3291733510894934,12.930906604687157,1.1936755544036624,4.904070823682712,-12.55944440160408,0.06863209380724938,-7.0087523899095565,-2625462.3641740256
7,18,-0.9323767411841717,-0.3998274400304266,0.7627719159113224,-13.267145481729845,0.08863296965117329,-0.47239473363118406,12.779492539062735,-4.55745617087687,0.012914488694704462,5320760.678637991
7,19,1.9594216943925127,1.3931614384121902,-2.232692404231676,17.711247361100448,0.6968217090972502,3.4135650682053624,-18.489658776954172,3.1021691030349534,-7.713612662990152,-1.0783032098643282E7
7,20,1.4353735641187138,0.2098771533370012,-0.9058421820314426,-16.911774173937093,0.3747496078004823,2.117790081951735,13.681121133537044,-4.594852530617065,-2.834373416960927,2.1852841780954327E7
7,21,-1.3816433359345277,-0.11615102566645275,1.7933572462967131,19.047856315419914,-0.25192309469892427,-2.4017903938575467,-19.87986445869131,4.199257192817824,-9.67275277853063,-4.428683152824796E7
7,22,2.114892572166367,-0.6750927389750646,2.3980731371565076,-19.949086069816882,-1.7506320808828666,-5.18976399532873,20.287194807116546,-6.276748419147026,-0.3426753834774168,8.975141114293003E7
7,23,0.2626346977359533,-0.5936726369409678,0.5120755031671573,23.344956386054765,-2.2378028526452023,-2.741195568534525,-22.83620956202659,4.148944392724184,-3.0451890878627967,-1.8188960548466727E8
7,24,1.430257717046816,-1.0651514677899596,1.566244097213294,-24.086827615856794,-4.286784619829214,-9.207951946030557,22.94462879449199,-6.035134541479522,10.377646870454186,3.686162303964507E8
7,25,-0.5172748977178239,0.34577699411072116,0.3674122678193128,26.616505138128456,-4.503442212605709,-6.178447528222343,-25.00154659362072,4.860103836593345,9.404171358548139,-7.470351064593052E8
7,26,0.6561005153004178,0.9288448398457122,-3.9210331558402896,-25.759201845603304,-3.997794385046145,-2.147378270286231,22.56666238972118,-7.306002647049988,25.868021052703977,1.5139361378701305E9
7,27,-0.15735614863109992,1.0446754114228871,-3.1762111362362853,29.5058102967828,-4.644588114349973,-2.624452841182303,-29.915495057646176,3.984711922760797,26.158819548719865,-3.0681324231047306E9
7,28,0.11293129681777225,0.30462069609929865,-0.23757481761147925,-29.336466547012904,-4.505035102557383,-9.279527437560803,26.288621490916647,-7.961673302800944,43.97450558756291,6.217855703380934E9
7,29,2.6419731598932135,1.207268744495848,-3.6208524880944832,34.03761742237742,-3.893040247164919,0.5867460294793476,-34.03067455021974,8.12442995117851,36.28434389785009,-1.260106288989053E10
7,30,1.0891241391008475,2.2986893328260734,-3.7587240405524125,-34.3964336689188,-2.4438452118464875,0.15852501663899865,31.0825280299428,-10.02464489224622,54.39684360852493,2.5537225837821644E10
7,31,0.23511093401229244,2.006239875351886,-4.523742536910373,39.138348430943886,-1.3761409669124332,3.72294412708638,-38.89408374741312,7.716731454679745,45.73231272360337,-5.175356314487107E10
7,32,0.758980944229737,2.4466504334180215,-5.298056651724973,-38.19738334327097,0.12675779075947763,5.663058660682005,35.44963197212247,-11.51769969248662,63.53660870777651,1.0488340870991638E11
7,33,1.455167567785589,2.7890506532339687,-5.807369205622393,42.39058673787182,2.023931273513001,9.805998660665024,-41.05904236296934,7.753615414490127,50.93872308985809,-2.1255598178607086E11
7,34,0.42416085788988633,0.47732881417539375,-2.9551280548607894,-42.219495692025674,1.2508121705142154,5.720193040112464,39.14578319020577,-11.4019867128493,66.93527832273237,4.30764464412847E11
7,35,0.9724972411731143,0.548437585060241,1.2968896450740108,46.164466170454155,0.6102818663683276,0.4577950790458155,-43.41826552197713,10.19627104267221,51.53997259767044,-8.729842474968014E11
7,36,0.02429065244483397,0.04828943701400684,1.028949986541748,-47.42523263061723,1.2378706340740853,0.20972059738112248,44.263196837794474,-11.938864054045528,68.84372657765812,1.769183763461465E12
7,37,1.3568820302615587,-0.48513668079066785,0.4495042329040175,51.87797303917809,0.5936482538141683,0.3337629859984377,-49.21920362023314,11.036113603451792,51.90533119563408,-3.585415427493815E12
7,38,0.7970315173140352,-1.1374983163771617,2.905398920308267,-53.931735401907765,-0.5831077358977584,-4.628201864676751,52.22105990690816,-14.391425838865333,75.07057508824467,7.266177800706348E12
7,39,1.3218733100314968,-0.5000554848391885,1.2081296893765745,58.46414821301447,-2.2647451297476806,-4.658367335863863,-56.48480831213827,13.56540680996532,58.34149857123471,-1.472558505403991E13
7,40,1.1162241628835876,-1.1716228217769422,1.1761679730095769,-61.59177592527873,-4.47660644875864,-9.425564199327972,57.78443576991722,-16.385803669099722,89.42950543752453,2.9842767563629605E13
7,41,1.5784570227923092,-1.9847492589099751,3.3009534190443928,64.34810739022463,-5.461484649392259,-11.782680012225704,-61.725432464465236,12.847880661299264,78.99694180248213,-6.047914378880927E13
7,42,-0.42004734807329225,-1.5945109345146897,2.063360401168172,-66.39902132865346,-6.95649001012803,-14.2662172280999,63.64442719587024,-17.759543504766658,115.23415190360639,1.2256660933414753E14
7,43,3.0570190760195457,-0.07042769660862802,0.8959434463895644,73.59805887869199,-6.578765904061156,-11.701597856871496,-71.24199441714654,15.945682853554535,101.19553059144266,-2.483926322788709E14
7,44,-0.6372303794523753,-0.6990486784442382,1.8532410244524447,-77.72157593460729,-8.036740043662533,-14.195665171540465,72.96156976303472,-21.715720310872108,147.97657594488345,5.033907693586249E14
7,45,2.040502101882453,1.4140848981610328,-2.659963525343515,84.26951572462114,-6.62923241205619,-5.701303504533631,-80.44899675216486,16.627742945475834,135.8251856119914,-1.0201682084958295E15
7,46,1.7606291565918468,2.4514926280706426,-4.942658554290038,-85.62750966306785,-4.631010912887519,-1.4874612460754,79.4586929142548,-21.44631571823173,177.51980192051232,2.0674657482326188E15
7,47,2.7533285967773615,0.5824925686736249,-0.42348742983536836,93.43855172639995,-3.763747452101461,-6.258161572827161,-91.98800169010143,21.932956734959692,154.27795320695193,-4.189911609201753E15
7,48,-0.5662562230969308,-0.19350429810540834,0.1497811389332107,-96.45762914144174,-4.438634698524602,-6.807474429492414,90.03816005811453,-24.54442304254788,201.62803841470713,8.491245529910285E15
7,49,2.315457994450388,0.256906915963748,-0.7752427454557965,105.54347376137667,-4.178089228044278,-5.182329765554046,-101.92796146547903,24.376448530750427,176.02812213056617,-1.7208298736153686E16
8,0,-0.5157675155277316,-1.2335741675920584,-0.6952229492517034,-0.5754110146144623,-0.5589454014135945,-2.2714494319764693,-1.3456099822381378,1.5215190237019107,-3.1463680395851226,-0.6073940554122461
8,1,2.3615759479190714,-0.7384810397447494,0.8366224493481678,0.3067157837348612,-3.0555468090545306,-5.166317571429483,0.13258550955176995,-0.18646809633230627,0.6516836495105829,3.1244117975269434
8,2,0.18047428967260778,-0.9568590053439466,1.808253974233986,0.2054504802346221,-3.5795211438068595,-8.8790120193997,-0.8677832879250195,-2.438055614943085,8.38144428609842,-8.027659278541504
8,3,0.9062032604892233,-0.48785865196881245,0.8493716827633522,0.1959854692256185,-1.841294822876792,-3.6316937313568305,1.0827082614765406,-2.4262098262821237,13.749468986239835,12.690648989976609
8,4,0.2827059638715659,0.31240929188286637,-1.8951381937253298,0.7029002825551642,-2.4552459958700408,-1.7857537174581746,-0.5429487621739378,-2.1677499822828907,18.926797770161734,-33.70588229584559
8,5,1.0574083572513036,-0.9382294840485385,2.486088573785598,0.5537896385760324,-2.695750245876515,-6.39457016740756,1.234302352447201,-1.765413474028375,24.15597314613774,58.78333776950006
8,6,1.1981421640928602,-0.7812036405254996,2.3181926950799383,-0.755594004799781,-2.682232270999111,-6.371904343303643,2.101710015228009,-2.3443705732540248,31.543376522404575,-132.21471297763117
8,7,1.4443276347033531,-0.4742575437129518,1.7191912056788592,2.585654541048478,-3.5283117010433593,-7.947505040175111,-2.362000081072071,-1.2914454486236457,37.95049230717582,248.3230943536285
8,8,1.049493744773065,0.6977521401104946,-0.34369423624200635,-2.196141158022974,-3.2826524029129818,-4.363021384799067,1.9962989556746344,-3.38917532854592,47.165696506369706,-522.1880566417708
8,9,0.3024169567948658,-0.48298418302116597,0.43707374719720854,3.991798195601111,-4.202608954814241,-6.8330227249753825,-4.304566578608881,-2.238387310456768,57.06533332314291,1026.633117791427
8,10,3.2830582570166156,0.08327049810217606,-0.09104613940575912,-4.495498127559367,-4.685266023157111,-7.733553772623108,4.548870041141099,-4.618151702449617,70.51896467090407,-2110.441011359384
8,11,-0.9467528581064545,-0.23597718201868317,-0.09390389632174567,5.169895662917776,-4.054217866595205,-6.195027011421332,-6.079125254642877,-2.7449445429316937,82.96451686488422,4230.560910485204
8,12,2.7429504242995004,1.016158171968567,-1.2393568302543132,-3.0938557540304705,-3.7470129864696746,-5.4317784402721205,1.6475114818682108,-4.077264289837608,94.57356444576526,-8618.02058848284
8,13,0.6089489323764874,-0.3841722454000194,0.576622675601796,4.053463876143112,-4.227364661320553,-6.669100090206682,-4.532672151439464,-2.9475669020808635,105.65812422110697,17408.194101075274
8,14,0.7858257332892025,-1.3502798703608725,2.0750010364519538,-3.7340094642728707,-6.291001450426456,-13.11413209361923,2.680380901543394,-4.654826454749831,122.36450656141197,-35336.087648121815
8,15,1.5449375067433786,-0.6705457539142281,1.0743082069730017,5.9719611513916,-7.081154967386173,-13.258911650984565,-6.964204193544226,-0.7842747632196705,135.76320789496108,71537.3600196675
8,16,-0.3465089372629423,-0.7991129132214047,1.2373590276233288,-5.205156322229507,-7.510211220177206,-13.823177154096168,4.353216961389797,-2.2872298481816244,152.49074121356648,-145046.9131938387
8,17,2.212041642936984,0.12297812079059633,0.3351450990691142,5.882651665761676,-7.521244695716024,-13.501098558400544,-6.777788125387554,-0.048139706166902996,166.30569677712026,293860.2696389135
8,18,0.25728261837968297,0.08366135558068868,-1.2743472095501243,-5.130058027750613,-7.985517662927334,-11.11745007449986,4.3790305486171786,-4.18643607740578,189.01487616746397,-595623.9400383984
8,19,1.1497746988401083,-0.7217492028513165,-1.3016296420003173,5.69989017278614,-7.236737464773938,-11.676151100552932,-5.041137772315871,-1.5093285466933437,205.4287973459777,1206976.469407435
8,20,1.2381077695634195,-1.5157760065439088,3.3200442061750883,-7.235599456999699,-7.641397407053722,-16.04309773515367,8.1140199446476,-5.515798383844381,229.6407371873681,-2446156.620143259
8,21,-0.045139011733080436,-1.2422361642652058,1.6322395322595267,7.739689593953091,-7.171057258565386,-14.261235142412735,-5.921983662922746,-0.3522136471739148,245.8781198342713,4957230.082848846
8,22,1.7005976499961408,-0.5884418635210699,1.2265796131716615,-5.850496766899717,-9.060949087984653,-16.986617792173693,5.438465004031904,-4.518227041983627,271.5894042721078,-1.0046417455619536E7
8,23,0.8691252223627428,-0.5831812438883867,0.027385854679922605,7.539171388484431,-8.774784571576458,-12.085369598265949,-7.320292090285202,-1.1162334367723283,293.8105330141586,2.035983999321082E7
8,24,0.969663825456615,0.18278499558871414,-0.45798962158008294,-7.280012390745165,-8.66356508995329,-13.196465275212155,7.082919088169257,-3.809834590628398,319.4322538230634,-4.12612636246724E7
8,25,0.9046271200053816,-0.3148519357701145,-0.7213958795574882,8.55122134983515,-9.678920261705791,-12.590971449463881,-7.059988075094186,0.446235493971331,341.2674321357865,8.361960182646605E7
8,26,2.377396598623517,-0.1558803335534265,0.1585446003971425,-7.755573685357443,-10.539126645983133,-18.29692107824763,7.566643175565802,-4.7857039455507815,372.43014410089023,-1.6946308117304647E8
8,27,-0.1184398375692772,-0.06928147239233753,-0.19036505593871367,8.849350542426675,-10.37446446352185,-17.285726556546418,-8.870706717743396,-0.8927383146339338,398.76790421879633,3.4343247872641486E8
8,28,1.1847516906033122,1.62342471241523,-2.637746368348869,-6.423744982520528,-9.149819957678433,-9.790906893638592,4.493131094198149,-2.4858213387845747,426.3209122066838,-6.959980673215026E8
8,29,0.850919378081402,1.746585671195785,-3.7292390122270964,8.985527849168829,-7.604865795077349,-7.435705259730781,-9.55206467302253,0.876535911696963,447.47055585758613,1.4105045679678507E9
8,30,1.6008067005430557,1.9275034518681096,-5.274247369164437,-6.671666978911104,-5.911769928689979,-4.13045779372259,4.345301605706641,-2.937375229922162,473.2762160483016,-2.858518919641673E9
8,31,0.056204288343144726,1.4930370961253332,-3.8224252680715325,8.758578054947016,-5.739560679265884,-3.636529939329484,-9.343565209913725,0.09899168448716393,496.0047865594606,5.793054159938205E9
8,32,2.201752329569409,0.5294567442102428,-0.9254933467034807,-5.012216639985255,-5.10639562317524,-5.64397592567441,3.418843415650968,-3.6043794421125948,521.7793556289429,-1.1740163262586775E10
8,33,1.5775489648168892,1.8898264842032377,-3.117916964767029,8.922474772717145,-3.0845277237501962,0.37942382263673324,-10.819002112341218,0.3468345484358154,541.6346482165236,2.3792532371731064E10
8,34,0.29421504461893944,0.2809223041275287,0.06741036930136568,-8.213028481958302,-4.304778188993178,-6.645826634649183,5.8913677075001365,-2.6995660495361142,567.9363572086983,-4.8217779797209755E10
8,35,2.5512193052770273,1.547754696522665,-2.783233193021982,9.963570205831836,-2.1974544931727156,-0.434607144677232,-9.965050608172302,-0.13703380073534677,587.4822785711169,9.771781460201282E10
8,36,0.08759778541990305,0.7861026129113337,-1.12243563942568,-9.021138938810049,-2.1012117723985284,-3.3887528699363143,8.608502681364266,-4.4987507066909735,615.1643031569437,-1.9803423917506268E11
8,37,0.4463210519720351,0.6639062047945665,-1.9721776019558162,11.195174206540344,-1.6537703266342954,-0.14345410525697436,-10.215288131437854,1.1865924132903907,634.1011336331678,4.01334802152375E11
8,38,2.476789193026752,-0.2814953269675913,0.12868558010744394,-10.92574339503978,-1.3571231022663168,-1.1914731875050641,10.210054319150608,-2.9138636427526596,659.0736224091738,-8.133423002725292E11
8,39,-0.1248660476632695,0.8346790626967684,-2.3286246783715985,13.191566349679526,-1.3316680435349644,-1.3724229709692204,-14.008325840648892,2.573016823474549,677.9822912064571,1.6483138104278613E12
8,40,2.9171221008263717,1.5021839949786862,-3.4468724628757132,-10.602465705081329,1.3405788655785342,5.6013669357034015,8.180648799939501,-2.3695947976287535,699.5781336439625,-3.3404612272560283E12
8,41,-1.880208352471802,0.018814708129719082,0.2506252830344337,11.916334240857225,0.6181456157349619,1.8257464718365337,-10.606039678962563,0.8015373900493387,721.7253813252909,6.769755333222635E12
8,42,1.7507236384003306,0.24989273565134965,-0.34386861889389664,-11.917041580614145,-0.45073647862532906,-0.08723784464296402,12.161538651058848,-6.024565995341983,752.4802724994711,-1.3719538757610807E13
8,43,1.1273409717404768,-1.2183974417608034,3.595781372893109,12.653933159677845,-2.5732023556787347,-9.46608333755575,-11.75534107867074,-0.6177591244502258,779.3902376915462,2.780392118305681E13
8,44,-0.08556492042005648,-1.797908802210351,3.5449301604767887,-13.251493881681068,-4.437578029564226,-10.715038945915461,14.853631642698616,-6.583184572439883,820.538774557367,-5.6347231990011945E13
8,45,2.820222910855221,-0.34998132923486974,1.4776272618814454,15.369533091165035,-4.857518483709102,-7.837983184229877,-14.10452163455897,0.3558768555488805,850.7391117312304,1.1419290581340478E14
8,46,0.1900155833633484,-0.7068616749212124,0.8336443558945519,-15.290036234971373,-5.836346699160641,-10.202403644931351,15.02910337708805,-6.185309707514364,894.866683715287,-2.3142254335578828E14
8,47,2.5461362931802896,-1.2315679664934005,1.313853353276232,16.90481457215487,-7.453161844480334,-13.91575028937652,-16.216740616830226,1.3762850386684304,930.7293679438859,4.6899930596926244E14
8,48,-2.196239991055659,-1.1220887595842066,2.300429331861047,-16.95584915926666,-7.372935289422194,-13.80526935032546,15.80127188464863,-6.727753819903234,980.5993126017892,-9.504707095964925E14
8,49,3.0651994508077904,-1.726042567372391,4.1013966361359735,17.989911028006667,-8.109299939687501,-17.32104262867607,-16.83078356420565,2.120135229433216,1018.3326589017273,1.9262172849768395E15
9,0,-3.1520446863262634,-4.270310889572076,4.087593189260961,4.393489068250108,3.668777648345892,-7.678342675943977,4.994596610877119,3.2310680834076795,-0.19328600809392804,-7.603893966018584
9,1,4.207145008950654,-1.2832339897079241,2.204074791059888,-5.4312723217888355,2.8900798800639462,3.4629095780800085,10.178251786734535,-2.1667144934874765,-3.2962671593418795,23.628008948158687
9,2,-0.98277472968076,-3.306355083210343,6.409403076304655,3.9645223075368174,-0.4750213797128843,-7.944099351454718,0.05530063652509082,0.3168059705863333,-1.935808881666817,-50.82001163781498
9,3,1.3388804836361292,-0.9945572542146897,2.795232242105831,-3.6772453677672243,-0.6726338489805661,-2.832202127369631,6.748960895398936,-2.432138289882983,2.4705511238465085,109.4298880529395
9,4,1.698841332943466,0.49469361504537435,-1.570650483881098,3.276390970066793,-0.16609136913402867,1.8149189442655476,-0.5033380840508666,-0.7032649582814483,2.9028826842404793,-225.84809971764216
9,5,0.33322336128308894,1.3284311599234262,-2.0519077207705205,-1.8554578876033523,0.9144461528216344,2.0120327527493878,3.233757651664632,-3.6606528485937178,6.907405309728258,456.47203863044086
9,6,0.5878814490925582,0.9705803042088925,-2.7441512080849852,2.3722849591979474,1.881787435408877,8.344438147002176,-1.1522930025401317,-2.023647183830894,5.980800560854631,-929.5632538220688
9,7,0.88461447972764,0.4135709988797168,-2.204357552215503,-0.9116881634073848,1.851092258627617,7.927927565111885,1.5744537005248465,-0.7363022958530934,3.7165832700797092,1882.1626916271437
9,8,2.3098857191523026,1.005904107484639,-2.033376435899108,3.148663347588119,1.7485642236391628,2.705103277839177,-2.2041550637669793,-1.4617466331799611,3.5558938827652122,-3820.710460337661
9,9,0.33596056787369255,0.9585637826513396,-1.3879166746463332,-0.20312477691728015,0.5337981589537713,3.890052750664073,-0.9191217417513701,-2.1289379048782173,4.819638319197526,7741.335466905876
9,10,0.05911679994778596,-0.07722334858193503,-0.06972332826179639,-0.7555836380456038,-1.186583434184243,-2.64345366163921,0.5586767891540894,-2.6322658053363868,10.146112361525617,-15690.344249980499
9,11,1.44340665744319,-1.6933424867251112,3.40579631218725,1.275114246897257,-2.0726021456114854,-9.048205045676074,-0.2679150619953258,-3.3702931190899017,16.71310823437615,31790.129129203062
9,12,1.244469167460955,-2.262119119195078,3.8453228359839726,-1.492807921601516,-3.924084744154652,-9.360244901266375,3.45993832214263,-3.6763206522384753,26.224868370758944,-64434.76062999367
9,13,1.4217065456569915,-1.9931153943795095,2.400929361595252,1.7900210256061282,-5.58526109996497,-11.796796918570607,0.6025650260096442,-1.7832057969796193,36.743697694378724,130566.68866960639
9,14,0.4179227501908188,-0.007233094562355991,-0.660565889758721,-1.2550653879676843,-7.106188698915048,-10.922810688340789,3.0960444391203636,-3.3662507647683797,51.87907472035675,-264627.4086273721
9,15,-0.14049909365947189,-0.21085419106792744,-0.562157854477097,2.4416287091759883,-6.5884018039941,-8.723339063340877,-1.7491045870714443,-1.3896403844495757,63.336710503628105,536260.1689896533
9,16,1.6451927212243893,0.29824027198354663,-1.467192495691438,-1.5726473858766266,-7.212705081152982,-9.524017741392182,1.477942687345836,-1.4982375539177935,74.80636320483687,-1086813.5975346104
9,17,1.912674203647733,0.297785760119368,-0.5160366704266972,4.077645547883947,-6.9010761294951335,-10.285192027321314,-5.247285401885962,0.10808390083474773,85.28885774568624,2202483.8449085504
9,18,1.8778102580202234,0.9477663983320299,-2.1668571274872095,-3.8842886002529635,-5.296042518353697,-6.957282017851806,2.903329906344697,-2.1400726945204593,95.95837526144436,-4463579.460973954
9,19,0.8102603584892187,-0.4456935851817241,1.0987661099890165,3.6981075866067044,-6.274729198534139,-11.999249574206775,-3.2588804672228617,-2.0414198265392787,110.30019648529509,9045800.000834515
9,20,0.24805549446052932,-0.4724721481766281,1.5059430480873042,-2.737637185184814,-6.126801527074254,-11.591065763317419,1.9484339684455096,-2.581263899306805,124.46441009075167,-1.8332213763351377E7
9,21,1.2940312094126476,0.20363678186629217,-0.24968126415805553,4.159471419027575,-4.843174640826551,-7.261841667863389,-3.3609084150397788,-1.3760880311284984,136.51678258095578,3.715186362207915E7
9,22,-0.0029947619280525917,-0.19488873653523853,-0.0244826001449307,-2.3104179910837654,-4.241041736460242,-6.150119072121896,1.0880045548866972,-3.31304392194303,151.60468230573304,-7.529178010077156E7
9,23,1.6400357444433797,-1.5980153056263193,2.624173414514457,2.241651593757754,-4.450452146083672,-10.032776592255297,-1.9403000494482747,-1.364136128911809,164.46850418505758,1.5258570811831567E8
9,24,1.4704974903027965,-0.934520297669383,2.5563739290808023,-2.3464354893999886,-5.650208993127583,-12.484025954827025,1.922487510353204,-2.8668948312448856,182.22723031442845,-3.0922921584569806E8
9,25,0.6854444042764065,0.3031523823724479,-0.011981467815359137,3.922660298350914,-6.7986572878898945,-8.924467755609285,-5.340096825166739,-0.6241130937568207,197.07811720189034,6.26681660046864E8
9,26,0.3015548876399907,1.3687027068540232,-1.4602645905539293,-2.8110368736260423,-6.076661678354558,-6.921841130826733,2.1114997613704793,-2.396718568539807,212.82620827702678,-1.2700287688672898E9
9,27,-0.25914076881991965,1.3418884414308643,-3.9480041370174543,4.651818125946017,-5.325855719496996,-3.7380380242236444,-4.782100008884777,-1.4685801327210255,229.30836355380748,2.5738312882776475E9
9,28,1.5039085212487031,-0.44084938421965214,-0.4884674274588494,-4.548615678505216,-6.114772369185949,-9.189723816714249,4.930739030229365,-4.359494044372309,250.03639647158593,-5.2161085876559925E9
9,29,0.2473043894428386,0.6224608126558813,-1.2314969080974991,5.424207784750709,-6.238788470402521,-8.034285454996889,-4.666822523471742,-1.231106504582757,268.0602636243783,1.0570928998281845E10
9,30,2.3746238338968935,0.6217982126017628,-1.038894065997931,-4.821144798431408,-6.304646328580462,-8.577032046605618,3.824156259049373,-4.034628571751637,290.80316547648374,-2.1422970833034718E10
9,31,-0.1330742808507575,1.7168109100738005,-3.08968455778639,7.731806111826166,-5.112925787842391,-4.522509605408907,-8.988866749544048,0.7184499974312515,305.7425913530249,4.341564252130524E10
9,32,2.076703536061026,2.5670833868127225,-4.251917914459137,-5.315229469916112,-3.337148943166581,-0.029482908854159384,2.359444121663942,-3.0899806757374493,323.7035456331707,-8.798583730507193E10
9,33,1.3688036144951947,0.05462904814909031,-0.34258204497935796,8.433308651891807,-3.573806390383338,-5.850342423329668,-9.275395981620985,-0.5782376826075379,338.04491218517484,1.7831148162994257E11
9,34,0.08228921736597183,-0.7812745445282783,0.8041272901013955,-7.842699645988911,-4.8764860751462615,-8.266113987175757,7.34732747465862,-4.277080140695041,362.7747304753482,-3.613648003315566E11
9,35,1.99584838699858,-0.9238876972707663,2.303370409283778,8.506117999785612,-5.63686997510575,-10.899988045388104,-7.730144089121204,-0.2606936823310219,380.88392888757517,7.323393739103312E11
9,36,0.7068485365075878,-1.7054638317258766,3.4870020261166834,-8.159368316868704,-7.210304826067802,-15.472667617758868,8.005295059288729,-2.6548042359619224,406.3942181554087,-1.4841538476085564E12
9,37,1.0450464116508564,1.016325712234254,-0.04169871367969913,11.773668472281495,-6.662360699126922,-9.098687984490587,-11.443380063946616,0.3980256927728232,427.4672724803283,3.007775795449149E12
9,38,2.140368292033953,0.43888694425988617,-0.29950983609351767,-9.901669034818683,-6.584372091691197,-11.3162496109551,9.30844795938293,-4.020728315291948,455.6620045960633,-6.095537367166343E12
9,39,1.5661890282275404,0.26695887634562515,0.241621537422696,12.550352900799188,-4.269052301559498,-5.873058769904786,-13.385097785966805,1.7301184747205869,472.2949939576882,1.2353173347760436E13
9,40,0.5582528770789955,-0.5853802820228131,2.1168450613554874,-12.456465531303252,-4.789465455107355,-8.557214930372576,11.104416324885493,-3.13796240938301,498.7277951758732,-2.503485461126179E13
9,41,1.3731191930272573,-0.9753414416548274,2.651891393017584,14.944476538766525,-6.001464724412389,-11.502618107514278,-14.653439411943472,3.4808138586632014,515.1030804039503,5.073546106361325E13
9,42,0.26608029761582186,-0.6509267543562076,1.1630275252470517,-15.232733196598453,-6.473464831726863,-10.689517593920591,14.172478914139361,-4.505971217530834,545.5088590055227,-1.0282013014769253E14
9,43,0.9447758974769949,-0.44713371761026954,0.5626744049954215,18.41106798272266,-7.267377599947741,-12.233067666071923,-17.58541569742856,2.717080873845894,569.7737293785935,2.0837455582180844E14
9,44,0.4376431024346952,-0.3221357788095246,0.6863883674462965,-19.010775389833118,-8.011798666984573,-12.973056070663388,16.360232065168905,-6.247757405591445,607.4098844404924,-4.222904158131581E14
9,45,1.8841025748091953,-0.2502767166664054,0.2750954368611997,22.031209656802414,-7.686811636556987,-11.309117622644612,-21.327706002552013,2.521338676067593,632.9720448584634,8.558107998557734E14
9,46,-0.9644737524813469,0.17990470384575885,-0.6431297629103274,-22.666324099417107,-7.3978148454557315,-10.59474780607473,20.95250569060425,-7.123559539922189,672.8842488040394,-1.7343801746953978E15
9,47,2.0286245306528374,-0.14386133410197322,0.3326287102788642,24.16928624886039,-8.118470808550484,-11.889050309932374,-23.84575561535616,4.752298568655886,697.8792854712221,3.514882718099005E15
9,48,-0.7510529397821801,-0.989350028649537,1.7165319793078262,-24.77763680774201,-8.12623504558407,-15.91064273871945,23.325282077866806,-6.518033678490519,740.9707238266591,-7.123236705679484E15
9,49,1.8142447686223855,0.7649020511746406,-1.2163731679565806,27.22911200162394,-7.775620332357981,-11.911016286619349,-26.511596629894314,4.191143323323304,767.4040616147739,1.4435901631613482E16
10,0,1.8554466867030526,1.5159375924906522,-0.6964576147575416,-2.2209960930813732,-2.621143322692767,3.1115230145977844,-4.48751567366301,0.9638040774074138,-3.7986428154210046,2.640481583275232
