0.0,-7.9243249364139965,-14.27880869931915,-7.917571657274352,-0.3197776068139004,-2.03414938463926,2.627452822880495,23.258472081604918,-1.083425659343901,-1.5215638319802876,-3.971933034135394
0.0,-12.855971388259691,-11.225892603683818,-9.130770451341586,1.0804980878971335,-1.5820172607474827,0.24725213370571875,16.92690852820821,0.2550307085983472,-1.7905074818736402,-3.609519427407195
0.0,-10.837033913026973,-9.787866672974172,-6.858341357141192,-0.02814626144006277,1.2014039042317077,-2.067174556009749,13.346243480659306,1.1076404806771583,1.138680908231977,-2.0392018210357143
0.0,-15.737870346469524,-9.153432956837458,-13.101712835965316,2.247842989067505,-0.7436503360409306,-3.4458782256218186,15.01965011634545,-0.6927271865596301,-4.3226943094365495,-4.90518610563588
1.0,-5.023654260540555,-21.174562808690357,14.046609188394953,1.1878854709997158,-2.4282075965921726,-2.2326152705393376,32.700964026385975,-0.6629490636993067,-2.0454878612941547,-3.603738216193338
0.0,-10.830365019315122,-12.133281736366825,-8.903478477100375,0.2379990593094336,-2.0889098442885587,1.6921492874275412,19.080676447776035,0.14544014212292028,-1.999503823684748,-4.681117320277473
1.0,-7.408267736411953,-14.516920540974795,7.6949893257135145,-0.18442101443907766,-2.187921313021721,-0.626887145214672,23.824120500713097,-1.3601891964452846,0.4128063388498851,-3.0425515642758825
0.0,-11.037158263811191,-11.060264438236576,-7.536338268619822,-0.6608612935111167,-1.4209545934672547,1.570808274219895,15.981171218205597,-1.2689093944746483,-0.9315705100418954,-2.2091803790516833
0.0,-8.520559670907756,-12.960705872684027,-6.459684779909816,-1.0992775205572558,-0.18708512737138694,0.8188175830066904,21.034066486503537,0.07465322681293107,2.344648642557277,-1.3319943078805658
1.0,-6.014495824697117,-15.198223407303267,9.401796069240714,-0.6755001575441162,-1.1824705749690407,1.3450525050418702,24.515251143392742,-1.1550252512517285,-0.6488257699110033,-2.732876823180455
1.0,-5.757352345634437,-16.660882664831945,10.43480601369492,-1.045901339754906,-1.4210747536529307,-0.5011056855592386,26.43840835119087,-0.30273348900868047,1.4061723860747417,-0.9653452282794799
0.0,-9.734319871865338,-12.707880606212898,-8.760219445265799,-0.2824696932261625,-0.8007592772750265,-0.37901502551244826,20.064762829695248,-1.7753105073600817,-0.9207381302558347,-4.439910291742278
0.0,-12.039459150513215,-12.030629716502732,-8.564541439391453,0.18806704973440552,-0.491818956680526,-1.7868979618856677,16.296796249852626,-1.2305865831376535,-1.0378743010816314,-4.194015349575475
0.0,-12.148402533191328,-11.916883142618762,-8.346374732280218,1.4327300761050075,-2.2802930988381407,-1.5214868293004706,22.03868788175123,-0.8259993974514982,-4.879128486123852,-7.355010106387162
0.0,-9.629144043237543,-11.840739212437738,-8.69438444813467,1.8385982279452897,-0.7448156813388676,-3.286030899761795,20.171489182802958,-0.82820661074316,-4.764065442051587,-4.729166898353414
1.0,-8.064673584401458,-20.106267574353318,11.240363035970553,-0.29300753107405525,0.13179474885142128,-1.3593923398465046,28.957098194521617,-0.10030392721261394,-0.24421821352150364,-2.8303186252618353
0.0,-7.531369671751741,-8.241676477160745,-6.012829902765682,1.0664585859019575,-1.8761323545442556,-1.957000219737162,13.019302472324625,-1.104928317909972,-2.355257285880197,-4.488409518195903
1.0,-6.042099829771443,-16.649014968437598,9.687743822406906,1.3407905173980983,0.03586306956702123,0.25453630833948326,21.654678063921132,0.7100738389394524,-3.781829551411124,-5.083257848627948
1.0,-6.017517630168489,-13.442791308456226,7.429824584267141,0.708568026862812,-0.5100629407031038,0.08146737906381174,18.700341719291906,0.025246876294490572,-3.685238152017506,-7.573830601062971
0.0,-4.730198897589285,-12.15997939377338,-4.871019512351753,0.1612677591014618,0.4495618305395459,1.3634844511165445,17.087656423522912,-1.8461075533669227,-2.0074124301891034,-3.3846084273057357
1.0,-7.356588473860159,-18.01924889106221,10.473819521254343,0.8879447868511371,-2.0731991361110045,-2.011741496564166,30.35004996238593,-1.0954522785692977,-1.7655516391539912,-3.4459070213398144
0.0,-13.994735029116612,-10.657738582973478,-10.220236580282057,0.4697966485178565,-2.8485698022353256,-1.540124448202637,20.62597947724564,0.7040373974271399,-0.8641127855025017,-1.9602763749249705
0.0,-6.176315360083477,-9.522791156451296,-5.540827705906752,-1.5368799712471972,-3.6108944099691733,2.9844591445121655,15.375252765767343,-0.5533304464500489,0.9886397923748428,-0.5149743505946622
1.0,-6.417947444716654,-11.583489066606724,4.005682276066322,-0.5527107750596542,-1.4239729423903187,0.84814028723803,18.86332901328919,-0.2594215920769729,0.28246434216041216,-2.2604141138680482
1.0,-6.262101193761446,-15.273130859891934,7.347614322173372,-0.18269224334492537,-0.5179544224664152,0.25612765348155586,24.137760624286873,-0.01170592877062554,-0.9291470145474523,-4.750254638735701
1.0,-6.256769402338265,-17.16736223201057,8.334205754338743,-0.09655070481562172,-1.1622656950566588,-3.13530150457614,29.791768605335836,-2.254828364033408,0.9873809302185723,-1.3241906095438376
0.0,-9.982073835372614,-8.61633564704103,-6.236436917559317,0.2645354319461003,-4.063264916700907,0.6113452885938475,16.990929409683382,-0.032914454060158804,-2.790424362298519,-5.742939877402906
0.0,-10.912804319852073,-11.870069222705878,-7.544853982651889,0.13656540203010137,-1.9829959876145722,-0.5724024324866763,21.93362111848692,-0.36430809603753744,-0.892835530852084,-2.338208188361828
0.0,-11.709221504362871,-9.396524829360374,-10.693019256953127,-1.5382084053583411,-0.8948318589421936,-0.07102795245102023,14.825151085997936,-0.8430587369254825,1.7129708465462437,0.29683432487990347
1.0,-5.590112401257929,-18.70510832537383,11.36850092598245,1.2284202166692186,-0.19845809806231607,0.7256750025673931,27.004186166492868,0.791954963655516,-3.1336976072005625,-5.147268780844795
1.0,-6.256423248107543,-18.13392975593495,11.243957513531136,-1.2827607488383546,-1.7864114107527373,0.7011429954055587,29.173413569789965,-0.3702761227922906,1.291013767525888,-1.992128110221079
0.0,-9.485160624880795,-13.721496938531676,-9.957072215585812,-1.1483408042066352,-0.6857761946219785,2.1274377824370836,20.345041000653612,0.4360426675755582,0.9258341951052051,-2.570342884527078
0.0,-13.100216038947675,-13.229594950605396,-10.564518007115941,0.6318554384722772,-1.1891560611530312,2.121476390346529,18.706580222073296,0.24006134169717708,-1.4308951708062172,-2.5466362859081504
0.0,-5.620532070304195,-11.567392704779836,-7.415556073397585,-0.08974742954046613,-1.1519076920785645,0.765292735183193,17.413021958059574,-0.7753596162867635,-1.8578725547155461,-5.4863431494652
0.0,-13.855285940799815,-10.166622696106321,-8.682426312646541,-2.296083232970621,-0.9467643248793837,3.20260578598664,14.937297710600467,-1.3255785025144853,2.608345305859276,-1.3986190400844611
1.0,-7.150756128554732,-15.55979695120889,8.615530088434026,-1.3883805277214236,-0.14426886455303345,-0.839800310372195,22.40630994887836,-1.277204667494856,4.2724120357019535,1.895529840873123
1.0,-6.625643442380244,-14.130175798818101,7.078311982462129,1.1111350920354228,-0.9916311621786486,-1.2168083272589545,23.565993190941054,-0.4986453405523884,-4.192937607017119,-5.629874902523959
1.0,-5.961788173449879,-15.189426395144162,6.49285305575332,1.2623180163597476,-1.419827231520157,1.7414135905052506,21.226307480359406,-1.5125781002363121,-6.080349447978004,-7.036586984825257
1.0,-4.720517561433403,-17.189033734077064,9.22805431390535,0.259842973727358,-0.1917277243591724,-2.233826699358106,26.728290061192087,0.6512731535448153,0.004360801033945261,-2.6683787074594445
0.0,-13.543562275277734,-10.274310107559376,-9.704465377287544,-1.4229303606172723,-1.870446812960693,0.3896969220600317,18.832197686452027,-0.17149686400377323,2.029422534993615,-0.2617293998480462
1.0,-6.149089957737507,-19.857854455641462,10.892755708193283,-0.6927212840028696,-1.2165415410617644,-0.317809327917559,30.282520839120775,0.19548950570321522,0.14198124436993842,-1.1844170117986836
0.0,-13.43339243111282,-8.637856916996466,-9.240229514283206,1.440388930001649,-1.2762707661134145,-1.139246922297436,16.5855178394676,1.5194389213606934,-2.057832513192385,-2.3866282805214194
1.0,-6.794692329104532,-14.14536581949002,7.7198859964272835,-0.36464883824583894,-0.36985952066223826,0.12140151526616522,20.886052143589335,-1.7684120654474467,-1.531241752514107,-3.7625373679456944
1.0,-6.9444029984521904,-23.73584247447076,13.441542122479836,0.16116992440448655,-3.0265856916634233,0.4027283263410925,38.145485164747214,-1.9634410711349384,-1.7928321827815652,-1.5883498678616026
0.0,-9.641162543454362,-11.664743707534866,-9.052139787670184,-0.8984855572844646,-0.4355972706971929,0.5452407621402802,16.921310178745202,-0.6370556224091192,-0.04894278231140958,-3.2244982737572405
0.0,-3.2518486068321186,-12.259711919258702,-6.07112677670477,-1.9837199487240313,-1.2059869808220816,2.711320086937643,19.268507092444683,-2.5114376414641155,1.596821234701832,-1.0482870429874334
0.0,-3.7026659763140843,-11.89587783641478,-7.482303805138569,-1.4191315879532143,-3.3061811704516746,3.664008771854907,19.548508164744636,-0.9855512371968671,-0.19044663347323756,-2.096249970768654
1.0,-5.47060624391528,-14.39947572353685,7.505562653510262,0.4961303914529005,-1.5144067055726105,-0.5281772718239502,24.686232714602227,0.24173873502707283,-0.6041759493308657,-5.429610644663308
1.0,-6.694544182042057,-14.173465801878358,8.811567646771035,-0.8671451872846125,-1.1403890772229863,1.3427380237699447,19.144464983300384,-0.14734749400848046,0.5227052529337974,-1.541350894196773
1.0,-5.5370807291430335,-21.382550816683885,13.324126896303493,0.8873238238226296,-0.9245476700573384,-0.15161615590560273,34.352928853534266,-0.27090829219569385,-2.916208388513301,-5.917800548260697
0.0,-14.681087308443542,-15.448221110010664,-10.569744125431546,-0.7443188672018426,-1.1746661570529775,0.15452606678621938,24.578644129356753,0.43327936996389205,0.1318713340287564,-3.0318366496303364
0.0,-11.075363460068512,-10.041824669275615,-9.434096987830474,-1.1489827268229647,-0.558532484760933,1.277455317137176,14.162860349060727,0.06270639689822055,1.22565802351509,-0.8424254539972882
1.0,-6.8150015420895045,-13.729602334948598,6.675593910480534,0.5392914784210602,-0.4189661980107572,0.54104635800717,19.244817239901437,-1.2516030965086067,-3.9945865143886414,-7.4060220014059865
0.0,-9.938572878685246,-12.469862549626772,-6.946796251504009,1.904557692352566,-2.5758057434181776,-1.1561587403986073,23.21458712565962,-1.382086616432649,-5.161707833694167,-7.862509222524985
0.0,-10.980830717630532,-10.645812290343681,-9.820178823438965,-1.0309942242723742,-0.8369058027799354,3.11117693109786,14.939261353985936,-2.1979127336436104,-2.708997855144184,-3.918821569654601
1.0,-5.113783797156457,-19.64178214682393,11.213728987740787,-0.3255757164057215,-2.065837821348791,1.201771149593387,31.7835360565175,-0.550061758690022,-0.2942248471122989,-3.3872130572691495
0.0,-10.232829130791632,-12.956110653627567,-9.352055102622385,0.552815092476925,-1.3377530133402045,-0.5377514895213845,20.54686270676214,1.5320726495469015,-0.028820503705302203,-2.7348106062515956
1.0,-5.017695529881414,-11.714959616083362,8.034429386648323,-0.44589744131096265,-1.1667127445152428,0.6968573572120342,16.619740160124998,0.44152972622341,-0.20204717997713315,-2.170386736599134
0.0,-9.615371665171606,-14.41006565123914,-8.461941594753645,-1.778508258857812,-1.8003434723981564,2.4555022483182807,21.888685610056662,-0.12347147517162493,0.5841056845195582,-2.0716390339111506
0.0,-8.067474569026581,-9.242726750094876,-7.271822838057796,-0.07918396996254456,-0.9834629903236043,0.0561684355340763,14.20271498198635,-1.3326729116095832,-2.6293736387701445,-4.840109682381394
1.0,-5.584258472119864,-17.52727541409546,8.37222080978895,0.2358514325844015,-1.5330351599936152,-1.926315381830607,27.624523769550088,-0.996091119592144,0.0768172910211794,-0.2114023898466848
1.0,-6.061389538561488,-12.204645950602677,6.47209251507407,-1.9208017229032264,-1.6045617295104835,-0.6418571262014443,20.336481135593804,-0.8098330847233159,3.648036419644795,0.4887461056091138
1.0,-6.647561280323866,-13.533868074332599,5.915124619601962,-0.21324680577515542,-1.895626330458186,0.5841721340754593,23.367722951269492,0.480709848049381,-2.4058932957311283,-4.836374588398992
1.0,-6.483436794445272,-17.35473503258211,11.218974047221984,-0.7639004964122467,-2.2235483578803623,-0.06144449111649262,30.07726608707465,-0.7691995887055163,-0.31436201508865824,-2.3244361127374358
0.0,-12.180824931483706,-8.902022940281917,-8.064114303738123,-1.6195934747852518,-1.951843594374374,3.9299912916238666,14.000438195137813,-1.0834558241388175,0.5496809915494244,-0.3076570654086166
0.0,-9.739025499163278,-12.205922762869344,-7.429760626283674,-0.1829328210017661,-1.0679341017343738,-0.7857400116377147,20.156907867113176,-0.6155944478260421,-1.0841971309456098,-3.2895997841817906
0.0,-10.46248314080094,-15.302730828093576,-9.052250545526366,0.3465174256554694,-0.8884151007802612,-0.5550878921736218,22.632724702951293,1.0158645357196256,-0.875941976068482,-2.661080911282128
1.0,-6.708361684334965,-20.0951910309035,11.215186249076304,0.40800209487754785,0.3495872885860807,-0.6012714058139185,28.50668664235962,1.3974060903083156,-1.0626922581915166,-2.287716234704787
1.0,-5.47038622830838,-16.83341973225884,12.114905279281151,0.48619715661743923,-0.5256437826574422,-0.9935894880468346,25.906328408852268,-2.2090365813115698,-2.92448778936577,-4.3563365689442515
0.0,-9.542028283023122,-10.466232431287937,-8.042489127585966,-1.526936361827538,-2.109446312635097,0.49544125656351845,20.255732800106284,-0.37819841086805706,1.5662414719377415,-1.869697637537404
0.0,-4.060835915919061,-10.535671733895486,-5.351149895248101,0.25399237981830797,-0.32912273515490065,0.2702589237126418,14.233919421482671,-2.4132321688573084,-3.4441691577260674,-5.381267800053966
0.0,-17.715699113288146,-9.740530341428254,-11.54862609663649,-0.6325866246521471,-1.4863246912622252,-0.31742915466293686,15.210142859689782,-1.1814596736842606,1.6462276762710033,-1.283893995879377
1.0,-5.752782765299167,-21.129439349029347,12.983299387985026,-0.5738125216229846,-1.5655763843087847,1.6751790396285657,31.78125562233585,-1.6335957319655094,-0.8228164581961379,-4.528929648343933
0.0,-12.008177382357738,-7.546906638178821,-8.040655942482601,-0.4110439177745444,-0.5567456529497932,1.6687178152493487,11.209923860211426,-0.31378613237453434,-2.069837016225655,-5.004214263379471
0.0,-13.55481357096572,-8.582349955085185,-11.092297739171617,-1.1633171087011407,-2.3181995264457655,2.109651661801313,15.568225275477587,-0.3128751539443892,-0.589781567281392,-5.045243932328877
1.0,-5.3250836768700225,-17.750933402349215,13.284491838977935,0.11054116125956207,-1.9950472090977087,2.4194349343386157,28.48166726445354,1.3179254378756315,-2.06338764165793,-3.2176506719633693
1.0,-6.49552283077657,-14.517242976441002,7.1707921372532155,-1.2538457302924542,0.028288219136540338,1.3557851103289797,22.136502148497947,-0.8096258719519037,-0.07952917536474624,-1.48882100187867
0.0,-13.164521714570602,-11.990381512860845,-8.610073854592295,-0.37471884887864454,-1.7302551044127126,-0.10022368576644247,19.73230076853119,0.2858772041798672,1.9216781102454301,-3.2670530008137737
0.0,-13.799557507860019,-11.2746951367811,-10.563559611918382,-0.23705492690631097,-3.592436971926184,1.5379245528223766,21.067021840752936,0.8477987161073965,-0.15287901295400175,-2.279560800847698
0.0,-10.640463272682348,-8.809363016381441,-8.249653010812477,-0.6078246690259482,-1.0293087730635013,1.2954340094335939,15.195327564622524,1.01545678403942,-0.26043944620127557,-4.103059677715723
0.0,-11.74584344088146,-11.558685694759417,-8.568488277810932,-0.2031061467000295,-1.9276269548400964,-2.038756608265049,20.299714952381226,0.811433297286002,0.17958300957511986,-2.2963206780581955
0.0,-14.477808511011293,-11.388732381679159,-10.351772655732427,0.4826207408263769,0.04460929661098256,-2.36155925258848,16.4260804348497,-0.5389935458358408,-0.7208623366904781,-3.8076026823838305
1.0,-5.742413488734811,-11.801916909048465,4.73083060963641,-1.7675558884762923,-0.3152577807524831,-0.1810839545943851,18.282729108683625,1.4137005542558618,3.1806135401778155,-0.33619737759141366
0.0,-9.991216883932276,-8.576298303036788,-6.684347594504614,1.370631646248446,-2.415437790871642,-2.066970780393906,15.470266576150864,-0.6331482855852915,-2.222034103824493,-2.1687876163332853
0.0,-11.136412516727644,-9.774516343026853,-8.211747914104713,0.2433896466726943,-1.3185917504218159,0.12563533322425005,14.415157127049303,-0.8661900533989983,-1.9625823134434282,-5.961357048930571
0.0,-10.58377044042781,-6.98616784413571,-7.75059271556595,-0.7819174134588605,-2.4263291055823286,-0.07556316339201108,14.551191278252821,-1.2621608050288429,0.6110088852858031,-0.7539917948256374
1.0,-5.422004362242467,-15.839529237231837,10.041231428259179,-0.8274431525094165,-0.9534546163311184,0.09771999471172327,24.59345704119849,1.3048377579500925,3.140893478702862,-0.17751821621245933
0.0,-8.702796481571982,-10.929615421830018,-7.066990446187971,-1.0404411580649522,-1.505412222808045,2.467781299512777,16.52884696488638,-1.202014927925775,0.9486965419793476,-1.595798747208268
1.0,-6.331260472223197,-13.93053147436034,5.657633534963192,0.4487506244891906,-2.793610369652843,0.18365615048538753,24.41960889363763,-1.3739823632040866,-3.464255695358415,-6.739931972059699
0.0,-13.5018853124595,-13.808818171218446,-9.085549006108696,0.9833632887780311,-1.957975761380347,-1.9299509653982923,24.046587186356067,-1.2549087707574522,-1.9055898021596582,-4.473854739246122
0.0,-8.272280710718762,-13.021020289042804,-5.723041705725479,-2.309104763993312,-0.7316704790527184,3.7060431881953386,18.1039940995649,0.19809838961040172,3.3010529394559995,-0.3499276572101332
1.0,-5.471935004771092,-15.788797684996558,8.868353333109123,-1.6560923790969349,-0.2614513470270725,-0.49779236024039114,23.311740462964238,-1.2319104872593551,3.85791972793531,-1.1124444734639194
1.0,-5.483636002099619,-21.611277434928855,12.872981053890797,1.1703787085938373,-2.8154851086623944,0.4196471579630282,32.35762633886831,0.49800468827585115,-3.101751407292514,-4.138639349685208
1.0,-5.124535259489434,-15.017633849382191,11.062145964725756,0.29747532484936895,0.24876493818748924,0.08655470311151359,21.796942074916583,-1.8147469252496,-1.3365857183844283,-2.761377570713305
1.0,-6.665315897187026,-15.934390651174843,8.811797116579394,0.8783068912747519,-0.7123880146785326,-1.3735375865111439,22.526771143911862,-0.9260688144171081,0.304927289458365,-3.1921487281318353
0.0,-7.3991244374242395,-9.836510007435766,-6.464449652494451,-0.3876438515833768,-2.3717407490449305,1.3146456119771222,16.40688403870558,-1.7569332741640138,-2.670422706171455,-6.695688673325037
0.0,-15.642584177553031,-11.146516860963263,-11.19892375676203,0.2898890192375869,-2.7435329133406405,-0.818404901225465,20.747967280319163,0.13185912863327576,-1.0696227510868137,-2.4199738833814592
0.0,-12.019086800483114,-9.755071467419382,-9.098070253996337,-0.8054237464830306,-3.318233610959064,0.8788721551002411,18.8026852505936,-0.3390904642434541,-1.1630591552937226,-4.553291541267158
0.0,-13.848317189694223,-11.578221116150681,-9.34035847938789,-0.45847721760712457,-0.8506844678690699,0.24262292171939048,17.651428837942774,-0.08574792705766404,-1.2809206349898605,-5.427708485457428
1.0,-6.046085344406863,-13.957537528544457,6.872696810481041,-0.87733398779953,-2.070240082769937,1.223521047253284,23.508573713937743,0.0675608649620768,0.8021086429694857,-3.4383525425759216
0.0,-8.780454022368732,-11.764441047543867,-6.780008848055742,-2.3950125516338083,-1.577590422956096,3.9598363442530493,16.267787459624834,1.7960879555491818,1.3601116310322223,-1.762064950346085
0.0,-10.632953256529,-11.44545931572387,-8.44388503740671,-0.3355380687952437,-0.7071322762318463,0.9551955872932791,19.203255847647668,-0.1220700633612965,-0.7826959986255402,-4.689774816707098
1.0,-6.896819785576379,-16.454854307986796,7.741528312643931,0.3762231004339519,-3.161605557634233,0.6347443267980958,29.976217555214028,-0.48470110457968596,-3.5682167522078894,-4.395899037838425
1.0,-5.583761212893753,-14.039030490017485,9.379993582994432,-1.9991136472011692,-1.8394992740638954,-0.12469378626082356,24.50265353478795,-0.7462239925899316,3.8758934008002695,-0.09467558141287136
1.0,-7.2350729771384374,-15.60366401362425,8.886174788814934,0.7172272286915864,-0.3109265499254298,-0.7654059768783262,23.673866926225863,0.19051189365240934,-2.8380990724752486,-4.539437452923604
0.0,-11.337660145348226,-10.759862716242141,-7.886243718974604,1.8500314864945873,-1.346516544241611,-1.8221464723542138,18.248730773172788,-1.0685214359394988,-3.6662714496194972,-5.850141310659968
0.0,-14.152006646002357,-12.088045988284389,-9.790856133778062,0.25027699794994873,-1.0259431505997558,0.07293583607779791,18.350721914327625,-0.7316290816689595,-0.8604068039171978,-1.127702531418429
1.0,-5.983045683017606,-20.730797339907465,14.201759471554144,-2.5692806950829685,-2.882515530514558,0.2058934742641057,36.1199839831281,0.415368568517813,5.191473167722111,1.6858664700236399
1.0,-5.926682740379224,-14.998312649655176,7.459392800480173,-1.6374566730704996,-0.5141053916384273,1.007367207324303,22.47265790395066,-1.148411403470687,1.385592159684923,0.6253935634466712
1.0,-5.452898693453443,-21.519470686888468,14.307158417284269,0.6641699504036507,-2.042221097969305,-1.4697208864601667,36.146184707597094,-1.3333944242778437,-1.2743466910301657,-5.432423446576072
0.0,-11.499798285358969,-11.204883336715405,-9.816743359929264,-1.1269560954674271,-2.2357268702946786,1.370361232842995,18.72482962978319,-0.8335515781623141,0.9678989747716307,0.5373378542526277
0.0,-12.004884090853613,-13.311785474723354,-9.365456881239776,-0.02982717120882586,-1.6112552075208364,-0.44510719935086573,21.077783279770927,0.19229195747889927,0.5639361848848952,-2.0714301115182137
1.0,-4.1205274311388855,-17.481092390292147,13.568704488215914,0.24835528568417484,0.09297356653514766,-2.1629949961645285,25.478597856814712,-0.06972337742993867,0.2040551944802154,-1.8510918424732856
1.0,-7.3604683074173485,-14.181855484103849,6.982666386285108,-1.1058187507634787,2.2936582536992702,0.03358208630683822,17.265191041121284,-2.7711180379670384,0.8441547059778114,-2.365635013860669
0.0,-10.6223823586945,-11.82557305697597,-9.224977896313995,0.8685711469249542,0.08187013674049637,-0.4367729585443413,20.39451064102542,0.782771374619468,-1.4006401925174463,-5.777001087147032
1.0,-6.473996190824017,-15.845999893554502,9.298561203362368,-1.159558513626507,-0.7853344467148344,1.218912062421447,24.224394005825747,-0.16602019892872605,1.1153710102224739,-2.5696641669537574
0.0,-10.32577977770309,-15.285973046577546,-10.069263983650323,-2.1825177895924948,1.005175316173342,3.7826153013219255,19.358971182349546,-1.1236215808135435,1.999506248602664,-3.2959177209658055
1.0,-8.109667632777628,-14.40358095979561,9.02475654989442,1.3002089396124878,-2.1163481732808074,-0.6029691441169925,22.954675937999795,-0.0018591217833460738,-3.8903429878502465,-5.632215445199549
0.0,-8.356257463527847,-10.597132161768217,-9.073449974930393,1.652727365789358,-2.0958145371578927,-2.769756497502799,20.76093076620248,-0.49605251502166514,-2.6271991483470867,-3.231038693692864
0.0,-7.631304124531036,-13.227562537019718,-7.0974302759401295,-0.11951070190852361,-1.7012873195198952,0.12308423159673926,21.466848446057917,-3.0526757597625354,-2.4253411378136973,-5.048150996533322
0.0,-11.339825891493211,-11.448362331660944,-9.154093386515218,-1.038591238571116,-1.254676715001426,2.102812509135762,15.256154575521418,0.52379750348061,0.808764657810929,-1.610574675427128
1.0,-5.48277460083075,-21.26491884819468,14.915054827767236,-1.5168801378711338,-0.32576075120758663,-0.23457722661552483,32.946076118364935,-1.0040281783003429,3.063717697987873,-1.9358032683436939
1.0,-6.780174525126151,-16.89901606398076,10.179295285739757,-0.814566691420019,-1.4995873171873018,-0.1251913843290138,24.800056327240856,0.7379733199782396,-0.2933660160078604,-2.849038860470743
1.0,-6.006105680923404,-17.864827556649228,10.167502781945648,-0.36468546212109587,-0.9730481222679019,-0.8616511913326489,26.936425208381543,-1.3338312133850507,-1.4151753612077194,-4.201258020321425
1.0,-5.974886381707103,-13.470644765879001,6.2101367031774855,-0.8843659684244728,-0.9600997694196911,0.8078949972126309,19.719696192934286,-2.0755975476335995,0.8849550287915002,-3.3292225614825535
1.0,-6.616028397553382,-11.391285575499186,3.795309337972105,0.730263309429187,0.47270333081685534,-0.1267369193594221,14.505452050713354,0.30820767861070236,-1.9660765218738079,-6.221250005448722
1.0,-6.043664136895659,-17.48955040956582,9.345561625061428,0.5707079464955,-3.1098855727722707,0.3153159139074203,30.151674182773572,-2.0690504818405806,-2.3748192263548793,-3.9045355224388
0.0,-8.69495940951132,-11.592031694225641,-8.291886208301353,-1.9253096857426577,-1.7912030375039034,4.473677698455664,17.812431409207925,-1.5017460304254224,-0.15588211673512894,-2.891636418685952
1.0,-6.400107790543163,-20.036797738119617,13.256074796263814,-0.33020175084137193,-1.3146994311628435,-0.8575769158424098,30.999309926884678,-0.16258227303058842,1.5580877723435589,1.2630199792986097
0.0,-7.518639963438201,-12.31680076921553,-9.39852020845085,-0.33483069773812457,-2.15444055308458,-1.1296317860151504,21.27720708713877,-1.1493238522574918,-1.3975946063658355,-5.039367882652065
1.0,-6.147928031103913,-16.08994366872833,9.488230168845645,-0.9785992974149291,-2.190224201029574,-0.46406474534142705,27.766243763934252,2.6047027787685604,3.128310604178565,-0.9534628245989286
1.0,-7.1015146552061355,-18.529931790377137,12.740745375875056,-0.4478406841580323,-1.0461251211888474,0.6168588198709066,27.834626049583903,0.15711242599292774,0.4896597647412831,-1.9131310623198288
1.0,-5.885169741753935,-15.852223898576899,10.389872486649203,-1.7890963855840436,0.44995005802446264,-0.39075225850263134,24.882418928350123,0.9941885080843065,4.188813872145731,-0.4929177313470712
0.0,-13.222840938069027,-12.066865611841427,-12.073689653350828,0.7507230576274018,-0.28249680558752144,-0.16133740869796687,19.59132871920232,1.6759470920922852,-2.647071393685133,-4.265427966495475
0.0,-13.661382084160905,-12.739004666247062,-11.131632638927709,0.9099845194372103,0.5107914100995232,-0.235977584149494,19.64618824047821,-0.24369816388705426,-3.8456405079674916,-5.116372787199164
1.0,-6.120134666909139,-10.82601984018996,5.193850531155627,-0.6492528398091523,-1.362447040591318,1.207032227783003,17.192440136702995,0.2265420982637555,0.1947966836632143,-1.5649854343677871
0.0,-8.671961619435873,-15.357059491255637,-8.677339567660653,-1.1595827595529924,-0.6042448932821152,2.5184304591026243,24.13018811627466,-1.8089607442650424,1.2267318998389016,-1.3714123970316918
1.0,-5.903369094777301,-16.977841488463476,9.252569395334255,-0.3773011987283486,-0.31284370187126687,1.3970718987449209,24.784553185716142,-0.12916780737831662,0.3065748326248484,-1.6284264112931681
0.0,-7.4437262887185875,-10.513878504562491,-6.61805385040878,-1.1550322468811507,-0.7534836016277161,2.5529609661196897,14.16636075857205,0.8446092542674226,0.12470125187574932,-2.5162972914473576
0.0,-18.79061873419093,-11.125555541703699,-12.787156798660252,-0.4000745854591025,-1.4934332131212626,1.3078280329271093,17.315517796247015,-0.8372933454570839,-1.761484447151457,-5.047532387648619
1.0,-6.83255895367654,-16.11826862313302,8.134415187338579,-0.8508101070087061,-2.38731940277443,0.7499801377374886,26.34478477494257,1.076691069416625,2.512365993273611,-1.4409435376331154
1.0,-6.344597259641455,-17.925133538901598,10.776967778936573,0.7961222913600571,-0.9897029779026467,-0.4125487574797041,29.29358533254653,-0.6928504543214495,-0.5536902463316808,-3.1340160098601784
0.0,-12.875140279163398,-9.442314503267063,-9.182779843297174,0.5118372600420001,-0.6228411195836475,-0.159317921311985,14.8571152113188,-2.3669163106907427,-3.219086472335517,-5.808423446206832
1.0,-5.845674607165966,-13.491616831519279,5.778834938330675,0.2923748656453282,-1.796558287480271,0.057474182629251525,19.61839146114741,0.0016721163063104783,-1.5753295247552246,-3.6275123489806753
0.0,-9.990631554493785,-11.00282482567816,-8.042442270800906,-0.21120902055981472,-0.2581723970310291,-2.582509328185435,16.227786319927247,-0.9598142463139315,-0.30998366299288693,-2.365087202522909
1.0,-7.32635594297687,-15.594051404059245,8.486741896114351,-0.7087568218309599,-1.7038226944772221,0.1056429835081896,25.203476250889462,0.1373279822683231,1.9773306165175564,-1.2622638354769915
0.0,-11.79556216239006,-10.25736466875672,-8.113428205092605,0.17412479172454776,-1.3398521319587802,-0.0677276261585909,18.10723824146492,-0.8967961136126572,-1.238248392896559,-4.014846043736821
0.0,-4.400749178065875,-13.343091501443439,-6.262091761151181,0.10388604341893387,-1.1409357105992401,-0.4830915774250035,21.493139917728044,-0.54087564272107,0.149828192542526,-2.27276948299
1.0,-5.383139457483888,-14.874973712300125,8.353275268358841,0.6820168555711377,-1.103272304738955,-1.023307480990034,21.798565911223758,1.748132458996217,0.5424788193409089,-0.06983203947981242
1.0,-6.477465982263493,-15.41357598081858,7.311428041864765,1.7735552715766758,-0.6068566709862752,-0.5806027371764728,23.63119621704185,-2.4187174785765406,-4.495187698572569,-6.121660580669281
0.0,-15.345852230867443,-12.113104778715266,-11.410113076710351,1.6383776095200253,-0.6206569394186344,-1.7767955105393367,20.105000158824,-0.40183533224204504,-5.1477611384132365,-7.795248836103501
1.0,-6.348912775116166,-17.45693453343078,10.940673502073642,-0.6499692279475887,-1.7615512935896143,1.2969569389200528,26.81686269223972,-0.5163454156200039,-1.5535935037773574,-5.1141751613792215
0.0,-7.968284147592527,-11.639303769269267,-7.7268224292802525,-0.1889507642622258,0.23867960157192147,-0.27466467566298813,16.018958853859324,-0.13345164458702696,-2.302689236450459,-5.637942862663377
1.0,-6.497318223966256,-14.252359905501972,5.927039342654146,0.701851946840041,-2.8651089230731386,0.7421028969155558,22.704614753661097,-1.4110207721018189,-2.974232947725664,-4.15342295008932
0.0,-7.068033133027369,-11.038682658590693,-5.729262713179492,0.6402319147636838,-2.004315105887977,-1.6861866479919785,19.747851465717268,-0.7982604690397546,-1.771621695254905,-3.5873230529968914
0.0,-10.552564504063255,-11.86917148113904,-8.54062614305947,-0.12166787749049723,-0.26763717445724333,0.3167013867134491,18.080115037427873,0.6346508936295587,-1.585668591753134,-3.401382602113613
0.0,-3.8463101754414772,-11.73374328314008,-6.630398303484137,-1.5220864807543526,-1.7891178975340685,3.43321637557969,18.34193338988496,-0.22622802731335673,-0.2054455245134511,-4.279916594508425
0.0,-13.270655878752738,-13.214916580829778,-10.954792846097055,-0.3835360499184422,-1.2910488594818967,1.8348603911828627,17.931225884622176,0.2924545471255563,-1.0263567156565672,-2.7801788507051644
0.0,-12.639114089296001,-12.517309478960424,-11.246142367622912,0.9164885745374167,-0.9612603599009109,-1.4694927946720155,16.298820576243642,1.1865939827820244,-2.3522653650685665,-6.135592297233506
0.0,-10.623937880138481,-14.526661008464792,-9.662816661701772,-1.433218354473874,-0.024328293518411703,0.22883612841471335,21.43339162509735,-1.577345003073385,1.02145227100042,-1.4022070284191466
0.0,-13.637618602436783,-11.496798398890876,-9.27245160536142,1.1595586951044314,0.628066093677939,-0.6469778799603011,15.51015291892002,1.0421802129129714,-2.7088444580147293,-4.055990985546347
0.0,-8.211745162354653,-11.020677495913512,-6.882020983524928,1.9397495995932794,-2.6248245606525966,-2.4838914966716468,19.834456744670664,-0.36383122089124353,-3.4291861346436376,-3.4689381904040584
0.0,-12.432587422179253,-9.796110248196355,-10.66366470612735,0.8605775042041471,-2.3584510891310524,-0.9058044790821297,16.9786948047511,0.18680916960849625,-1.1719358748639999,-3.4301198310430774
0.0,-7.013947936310355,-11.623137332282582,-7.3887717596666285,-1.1136829430485644,-2.374144595649815,4.185759804779436,17.21344052696623,-1.4865190760357763,-2.5187154966722916,-4.035847033126126
0.0,-11.092827950840277,-12.481372295982535,-8.88329903570236,-1.8212626464719752,-0.07985937463485082,4.88375343358441,16.369542668607288,-0.3582398752252072,0.2396171619595106,-1.8651392287118878
1.0,-7.403815146623062,-17.474051846147443,11.267592273245244,-0.5683134350414004,-0.9228507344575569,-0.18502328220878386,28.830832308154942,-2.549713752432264,0.5448934126149931,-0.5035547321963998
0.0,-9.484557568335655,-11.352175033792,-6.3755929677470755,0.478303223034369,-0.19586046293528048,0.6906067011964006,15.648376786467715,0.25813834792703716,-1.4347655752782829,-3.3530153797614024
0.0,-7.574058095362128,-9.130730842887901,-7.2296363366199285,-0.7622682422020567,-1.0633668431070034,2.998874546418516,13.74470335461616,-1.9994525820790239,-3.193635767899517,-5.972078246563073
0.0,-9.774245836271007,-7.638813491129765,-7.224162478822262,-0.38696542691702196,-0.03315732631561219,0.8838086920267485,9.447184892450796,-1.3872071239677692,-1.1566264676166194,-4.75979791240428
1.0,-6.52298215767952,-17.88660131480987,9.713218919410656,0.4570655252939492,-2.752307801731666,-1.4379907727901866,30.359223904458535,-2.3870667889478874,-0.4209812395789996,-2.1015022031111834
0.0,-9.565214226398494,-10.896785050150068,-7.808206322873336,0.124116537487995,-1.3719171755081951,0.9687670647703639,15.910547604924506,0.2586905056324021,-4.161163751474273,-6.234010470866093
1.0,-6.5934449634849255,-19.06617671109068,12.528150522940582,1.462758913657445,-0.5511897995681313,-1.8031603841158952,28.503181448356763,0.6135330662624948,-2.473368869467338,-6.355278723706061
0.0,-10.632025550511461,-9.848755927448954,-8.468658171785641,0.9559102630525318,-1.1699078554729447,0.5870709491575354,15.662891516175181,-0.6557666773359246,-2.8812081594557073,-5.446419510399432
0.0,-8.145064424068067,-11.589909323072789,-6.669790666873162,-1.2278737166404443,-0.13862371345095625,3.0329379908762606,15.24359144736979,-0.9358269763903744,-0.9573934498598077,-4.974533401202269
0.0,-15.802888429823424,-9.234981335177892,-10.040898665853204,-0.3188865996601361,-0.19681747466583355,0.973778668410157,14.025829262162627,0.6521580671906442,-0.8836600726833789,-4.346141202964038
0.0,-13.560024448439652,-12.570675601863472,-9.528006983297345,-2.6834004119790986,-1.2843586963651474,3.3021473096480403,20.84851948885304,0.5184126389919479,3.8487598192026793,0.43288655561933564
0.0,-14.319331342776948,-12.241128672786473,-8.624436401100034,-0.48694689743057534,-1.5162483382863863,2.412103180663029,18.204961345506145,-1.0772738824030146,-2.839852384721153,-4.120751635482462
0.0,-16.197633294488355,-8.902339067558453,-11.311146476435773,0.4704812189124006,-0.2721453550199534,0.7232149319854575,15.931179421972466,-1.1133148034377829,-2.7862420441605695,-6.202709614899978
1.0,-6.939056570623189,-21.2380421467663,14.753735885272343,-1.5229398146555255,-3.7116340354209463,0.264202333080726,35.3057248847316,0.36569632444785594,1.4885188348837561,-1.796600516939045
1.0,-7.500214096335061,-19.31351625573128,10.694956065839516,0.33829543169661475,-1.4280667253530304,-2.6026952965870938,29.104601464410248,-1.9753433807453127,-0.7230501529881321,-4.143435615263771
1.0,-7.714131920657162,-13.852677792106656,6.187165717531647,0.9668388556500578,-1.5274201050596266,-1.6504124515063734,23.130266591834747,-1.2860149729851167,-1.5536672084831993,-2.650743712151423
0.0,-10.35947369981374,-10.48926472099229,-8.574033044363324,0.18116220332387634,-3.2998252197228037,0.31778993257892096,20.462757986708926,0.7988206517514731,-0.4435832368915008,-3.2856593646815435
0.0,-14.016995431452413,-9.29457590697489,-10.983157826633194,1.892796376378454,-3.1613413624910356,-3.63116832026026,19.250706934668507,0.8542773367720283,-3.485309335196974,-6.249180413992758
0.0,-12.239038580938793,-13.563496941508934,-9.316490595015829,-0.203265414785054,-1.819994376855834,0.9181272056203202,23.00477621356772,0.18024668701054292,-0.10169262386551714,-1.4021978181827097
1.0,-6.264654187970541,-22.309232161541598,12.391657426262853,-0.21919774447982732,-0.6637076998703606,0.964905016426943,33.48570492911738,1.3111535815471602,-0.9198264308356547,-4.195982497084525
0.0,-12.268386153436019,-8.50084344764629,-8.115932392562884,-1.1025093468433185,-1.0430016248574296,2.62642102064436,13.097719651575222,-1.97462953223054,0.18523336691555903,-3.7056343425184335
0.0,-10.602065498175612,-10.571891464675808,-6.355890942663693,0.2095793825360101,1.0550602897785188,0.41645526122021137,11.487767207542781,-0.010844655292016225,-0.9294603714857416,-3.0776336783045277
1.0,-6.6981182001828605,-17.0029365538741,11.06499966273294,-0.4691069912938364,-1.320221573412542,-0.26012604655162264,27.751560361987124,-1.3113195242266449,-0.8480957377555953,-1.300447458413319
0.0,-11.698988689023999,-10.241704834024077,-9.32720466173979,-0.5990538644007166,-2.2700895845499485,2.3800951612998436,18.387091446007272,0.5795161633231022,-1.3843282311270306,-5.122953474629453
0.0,-15.559423320437606,-15.97584684812147,-11.835718256015417,0.8497323705275059,-1.1549028791035711,-2.9223998882638673,27.63355590919564,0.44537243000024596,0.6390610250730915,-1.304260774095461
1.0,-5.938852086408963,-18.74233221472377,11.877091845391533,0.515391438916388,-2.5860789169806866,0.32012126386621964,31.956970895882154,-0.8398364265546596,-2.2057614155454766,-4.229560705555331
0.0,-8.986571092253937,-11.584585930793066,-6.909682694520352,0.4139039837487342,-0.9738290310953526,0.18529326406780927,18.424465179338522,-2.3596724528512127,-5.040657924078731,-8.251054285711382
0.0,-16.598479753421415,-7.283256847595332,-9.643749499168617,-0.8585081222869836,-0.8418638553041629,1.3218661743343534,11.059368781483768,0.2991967224534565,1.5188252692061597,-1.4809901243851893
0.0,-11.270161610930167,-11.638398647859459,-8.702009243435455,-0.9849978016472382,-1.8563035314328618,0.9258462786411167,18.808276054890506,-0.4769992239057413,2.284145834089651,-0.1349609508544558
0.0,-9.313089499767552,-6.852239887308106,-4.958377833076533,0.03861615935847246,-0.36301811733839984,3.2424104150355775,10.058250032961025,-0.8052783388752399,-3.6829670269421406,-4.412250390657935
0.0,-7.572371254807418,-11.913260299711101,-6.896005344630376,-1.2209788473820309,-0.8524769936744842,0.7172796157368724,17.907469917753893,0.4359961700145023,1.5848219766119107,-0.09830351263302539
1.0,-7.049625120873467,-18.522218444929134,10.283930131043459,-0.9539364059275952,-0.22709320091431673,0.0883277008465372,27.80332234743485,0.3958102228864858,2.1122284111486582,-0.26738891934914877
0.0,-6.343526119307077,-7.847963424759692,-5.4425275959008275,1.8858178196860895,-2.0500094676704923,-2.203403089450083,14.660297050551657,-0.41925013878247847,-3.6890544350623844,-6.025715620870155
0.0,-14.397624815922349,-9.031514761529108,-9.28102335776389,-0.6539459159496925,-0.5705746475961875,1.3233622262312292,13.008234299102371,-0.1608396368650729,1.2817613103919774,-1.6821571796718635
1.0,-6.137281436208553,-15.60816801915789,6.830825865026145,-1.5028716231265067,-0.9200019049449115,-0.5574888627057386,24.06674535676454,-0.3793545995545345,1.696674284513315,-1.2736908098907234
1.0,-6.610467826616739,-21.333581928216923,11.99820796688991,-0.898131391482911,-1.5638310873662749,1.476734626070906,33.91859642441207,0.7376513797830778,1.4428551413408988,-1.507488164317777
1.0,-6.1707970095051445,-17.057396407540935,9.583419980035428,-0.4228862021222044,-1.2775219833145437,-0.9108977850843221,25.952531315557952,-1.0948478606618766,0.31074767919365265,-2.042962073071019
1.0,-4.783816534150276,-16.394165020794876,10.488374499227142,-0.1115113323105376,-0.26790179602965813,-0.1697498502481301,25.08219703281816,0.14455028622164368,-0.408998113449836,-2.0969309625200694
0.0,-6.238756898533417,-9.012769483633539,-5.234397511417681,-0.8964799827754086,-2.6225007212519773,2.8053338011513276,15.265390573488357,-0.43665112797887395,-0.803766271515506,-5.334322842377339
0.0,-12.159646145834225,-13.795063812550325,-11.374152094623371,1.4103134762184169,-0.8380981524430089,-3.601417676911173,22.428474447832212,-1.903286389039978,-1.7509679224723125,-2.6224281307324597
0.0,-14.602361765885892,-12.764329258174882,-11.188805474792698,1.317902834907857,-1.849179001243367,-3.1960686108317846,21.231703035633295,3.2148636084537854,-0.27102476111763246,-3.3433584814209834
1.0,-6.376690273234405,-15.359455109708605,8.571560283950276,-0.4453318119498988,-1.4040577728345813,0.5797391782728002,22.875944139750942,-0.08053953525482355,-0.9230979770258683,-2.1209564138289894
1.0,-6.68274708261619,-17.346369847701812,9.39166712485974,0.5206049273890265,-1.3356311115820128,1.684232081977482,27.025481999128814,2.1014081134665163,-2.135857224836244,-5.538514584527707
0.0,-13.251032528963442,-10.304058328375861,-8.587736173912095,-0.12645812289680794,-1.3175786582308335,0.8351514131160165,16.202513921342714,0.6127742855699232,-1.7169484230001308,-2.762614767190445
0.0,-10.2870670565425,-8.238067700596183,-5.3216084191138755,-0.37783421278024115,-1.8280949119374097,1.8297470551935684,14.269026491882208,-1.4722156015913241,-3.1015659182695092,-5.142707861002785
0.0,-7.598712162616374,-11.268963684985712,-9.124734500503983,-1.175956345577759,-1.1633390905819452,3.513968148974654,15.2105982364645,-3.29630906649086,-1.5860495777930548,-4.26896549809325
0.0,-12.282920315051665,-14.220474066759024,-9.108240061246862,-0.9463951080363263,-2.114637586750318,3.1334501282818614,23.634972894692815,-0.7147418432281647,-1.3582215252434737,-4.999777463605988
1.0,-7.082993327076801,-17.48458878584577,9.686040104158536,-0.21022569596871576,-0.8187915325480637,-0.7212680303040374,24.92262235397293,1.2299691119413723,0.5136709492360442,-3.768209899610396
0.0,-9.606107857014429,-10.028494970640464,-7.474483777360088,-2.2126076768544123,-2.293671850275087,2.725879671421459,15.51274621590896,-2.059059994782965,2.3810997119879866,-0.8763381133746766
1.0,-7.272320817962499,-13.780086397422572,7.742187532951459,-0.7513889061626682,0.24069485706996607,1.0085871326298843,19.803220837350228,-1.2127428197402899,-0.7601803865945721,-2.7695345629035093
1.0,-5.068177990328099,-16.55275091785369,10.282496851984193,-1.3452400061752605,-2.2699560338473628,0.024937339120017943,27.401481585643268,-0.9858565367057219,2.7326072279735607,-1.2147235461123622
0.0,-8.454809645763206,-10.844321064125783,-5.207137397280313,0.3930414823952024,-1.799063135601189,0.6041146159052373,20.08692021451097,0.3155397556367635,-4.176883332765293,-5.883049730303944
0.0,-6.60346900726772,-12.991497587321808,-7.069256805346377,-2.8745220779799854,-1.6932613101635199,4.269375805819638,17.704239381809277,0.626616509587216,3.1539736874727993,-0.6931241378920465
1.0,-6.593317702754496,-18.574825395575527,11.515412143420088,-0.046253674007164326,-0.26755799070393504,0.051506396827300904,27.245757852032614,-2.620841082554342,-0.6269439543459736,-3.4032928558203612
1.0,-7.591463359821862,-14.600013681370227,7.576209683801583,-0.057746677519832215,-0.8918184869832004,0.591361695134458,21.534064009453278,0.0032198496903377283,-1.3086362942120662,-4.479244805980779
1.0,-4.6568801110181814,-17.24302067416996,9.47667046971992,-1.926017260254855,-1.2810206985524095,-0.10688499500765841,25.849610844167668,-1.5144128301600959,1.6025585032173704,-1.3922549876922152
1.0,-8.043267358779,-19.742422897754277,11.386923785918848,-0.15796658660514373,-2.3571106794072167,-1.1183448748522378,32.6988575592948,0.31405035537066844,0.15077899775968934,-3.015130641960073
0.0,-15.981807954181775,-12.508818769172606,-10.91084709168462,-0.36788129139895365,-1.7264726210949277,0.4144921087359023,20.79231329079565,-2.0792482142291173,-0.8396456402006427,-4.510074801873374
0.0,-12.515489161817221,-10.615912843555773,-8.041670348061817,0.5132967485722475,-0.6488244220809364,2.2287021833067553,16.956775648444037,0.07648300072741493,-3.2896717474581494,-5.640143330248724
0.0,-10.099065242714534,-10.77037365256032,-6.746674020962297,0.5681499534715285,-1.7522287657973266,0.26980829767899234,19.63473409633781,-0.7204724831866888,-1.3025692080749451,-4.7825783693027795
0.0,-8.054942431388596,-15.118262997401468,-8.876802885351179,-0.16939028521416225,-3.7200017776774175,0.045657468806086565,29.168514758924555,-0.5944609711739866,0.6821567218463798,-4.671945891644941
1.0,-6.117544221617712,-19.24067581687095,11.876437409766734,-0.02721418260184196,-0.8193975339490382,-0.721620539716012,30.17906518556958,0.29662115598296285,-0.4464538730967995,-2.4381522923912637
1.0,-5.542029641091049,-20.809572926824767,12.447652943225693,-1.0386784942800897,-1.056167233651215,1.5606266911138942,33.28276476605885,-0.4946157341627465,0.4263866592673837,-0.7955754710813652
0.0,-9.713984823922933,-9.916321233543973,-9.66559299523808,-0.23066225392262796,-2.8991732706752904,0.3543720452838037,17.361988847524714,-0.5582672970560506,-1.4250724064118774,-3.117114142180249
1.0,-6.74900134504678,-23.66595385726937,14.731979530301116,0.5424997367860428,-1.6077391097090832,-0.6442520019186992,39.29086232467856,1.7030737277474164,-1.1722527521350428,-3.4627288847419497
1.0,-6.017978404720031,-17.3652781949854,8.830514149162264,-0.5435799610300336,-0.21544094085807386,0.8833606099551994,25.88884304559647,-2.4078243873831915,-0.34785692888066244,-3.3772343496800667
0.0,-13.510957919293482,-11.398211379703788,-11.747475218123817,0.6039308677230055,-0.7807852929328787,-0.9864640011420343,20.330222664348582,0.10315439136265625,-2.1296831789024537,-3.8564596830504767
1.0,-6.271197877279127,-15.417761087839635,6.497238732241458,1.5717421160806428,-0.8051362799089826,-2.7070798468921375,24.48584358219358,1.7301245641586287,-3.496628652109293,-7.299106690993049
0.0,-9.29819801978205,-12.774589799878703,-7.740455484549898,-1.9293218461619894,-0.7142062888717466,2.2303204681244457,20.505209531264786,-1.6269763368177086,1.5946580327053284,-0.7146525615742817
0.0,-11.691757595854689,-11.362471128159035,-8.483359220755666,1.5005755855186653,-3.1257548659461976,-1.6751887442053794,21.1574019210235,-0.20152371258523852,-4.157740105203509,-5.088489692314487
1.0,-6.663691154640136,-21.39787975152783,13.5718888365144,0.7529393192347382,0.9845425800846626,-2.5417374803223125,31.996722252690596,-2.359149349674216,-1.4598069149477326,-4.220847029409939
1.0,-6.467700151001882,-17.10648848114688,10.60276780291507,-0.7354168093045654,-0.8574100682516808,0.5499209833248727,27.332583393241517,-0.9667834594296227,-1.349470801861837,-3.1432253145757327
0.0,-4.187562443731493,-9.621125846130617,-5.178763671413303,0.708345086051208,-2.6207680176591395,0.16961228866748868,18.294117986447777,0.33657086373935935,-2.1162299665971904,-4.599697751244677
0.0,-11.926342701132166,-7.9656700922253005,-9.994384182249872,-0.5146400126114399,-1.421087249783779,0.5181226365693488,12.039274574676611,-1.9128834994907027,-0.027674386103818005,-2.805360840964077
0.0,-6.6551789125314205,-14.210384764543033,-8.985997214381964,0.5765789837745143,-3.2378022996787656,-0.7623329021812317,24.85167443478119,-0.2935921231496813,-0.7160818952823548,-3.5590441244630986
0.0,-17.465594238051594,-7.137840680312623,-10.19065552772146,0.6877858856073014,-2.9041959331976743,-0.8764409058631989,13.753818751111842,-1.0745385076530392,-1.6321373715274359,-4.212424453282807
1.0,-6.3139068058726915,-20.470143505258356,13.319315257548707,0.004142126263613946,-2.170237937016517,-1.138825654994018,33.75317255656438,-0.23356047605386374,-1.7435283847898686,-2.3670777594371133
1.0,-6.460111387256468,-19.58533632498856,11.685322875320487,-0.8552272096583127,-0.8691647416463759,-1.4269065103491236,28.78141254844614,0.3550054310748251,1.0154488026649404,-0.23622006431375442
0.0,-15.861776753366696,-11.265242760330159,-10.355000617408088,-1.0528593767083152,0.18752749288331416,1.5982813576397759,14.068691033224875,-0.46898588268828034,-1.6156003537481536,-3.7338865476223253
1.0,-5.660928130937385,-15.386162289884437,7.994893163221671,0.235841944724652,-0.8650802048214576,-0.07638809596325208,23.69486376968785,-0.2557842549581276,-0.8171554767361453,-2.982288930383296
0.0,-13.770858132850663,-12.031818133600321,-9.013896321840345,0.0308318406282585,-0.6728587049275098,1.5861246521025896,17.908987329772597,0.4965795002537297,-2.1373157978189505,-4.9419342081876065
0.0,-11.351744661300105,-9.589767075688606,-8.80565206452792,2.071658270691932,-2.359338127293479,-2.379072646279229,17.197316463808423,-0.9797629649206953,-5.307746967758327,-8.557645185866345
0.0,-11.791228052992503,-13.10321630610138,-9.117001531340941,0.2441079605409629,0.23483404412860764,-1.9895503715261595,20.192206678982334,1.1110558578220773,-1.0884915471296943,-3.7523898067578045
1.0,-6.027271432336238,-16.067377628095997,8.13328340666013,1.0402702561451755,-0.48893773002678675,-0.15438842083898074,25.571250717887064,0.09738041820180571,-2.742869938577872,-5.397964404028031
0.0,-14.371591454527772,-9.094973870101096,-8.422263399090824,-1.281110248103007,-1.8595388702239195,3.8320828542968703,12.774298011306021,-0.592229348010327,0.4768652277774357,-2.719342715856268
0.0,-5.19563486700423,-9.788990326045194,-4.342472924338327,-2.0761897583540048,-0.6551636716183504,1.925174240163635,15.978735153570312,-0.3682242673043351,2.328406337558432,-0.988524704445427
1.0,-8.040659906532333,-15.777856173044386,8.063330480215573,0.9110273426670987,0.766069861437364,0.5543809544079032,20.419178738639292,-1.3032929654362477,-2.7866495130995137,-4.799535661918655
0.0,-9.827489781793453,-13.254281866128313,-9.909518413531679,1.2211448610357745,-2.3809038910302034,-1.2239261337958536,22.899048312928016,-1.6242856268221981,-2.9891840709314836,-5.3739228225295
1.0,-4.805019303871709,-17.33660356980186,12.20619317810587,-0.08440671756743975,-2.259103507992034,-3.441739071691216,28.312351020484364,1.0804323808113314,2.0626788002453122,-0.7898627297301802
0.0,-12.101485653565453,-11.061324110527591,-7.816798434972869,-0.26527086139098993,0.29852109931895554,1.5045287011709707,14.735516316061654,-0.7534966961130934,-2.2347394130673752,-4.477907930310258
1.0,-5.892883322359154,-16.0938931510317,7.852749040406192,-2.1716813293829076,-2.0052671868759435,-0.09560747710122919,26.974737771846694,-0.8026836951102854,3.165097647975702,-0.4084003482431574
1.0,-6.6623971871835925,-16.92564850052678,9.745077002362896,0.44181571688680343,-0.7557179883338652,-2.3545946862479017,26.39284465834346,-2.0696863561510774,-1.3903843718838451,-4.541841922834502
1.0,-5.956833181619465,-14.33587770205516,6.951564513730234,0.37241198771747697,0.7015587707464244,-0.7035440961384194,20.39396845160625,-0.5784198460787005,-1.0796010495081736,-4.160565819056063
0.0,-11.5005091562408,-8.913135323131847,-8.319721367800835,-0.10681576013335994,-1.6064668264855884,1.074531515663284,14.298476873350026,-0.021494909056772593,-0.961944187829757,-4.036447317565843
0.0,-12.053343200870307,-10.106078870306398,-9.59604551117453,-0.6203661432211314,-1.5068270359049807,2.175892113110579,14.176106635530772,2.809449669075784,-0.9607765126150021,-3.87342223875194
1.0,-7.848168193107123,-14.96887480580888,9.018315915732211,-0.7837602171462569,-0.5636962355157585,0.9875615724717967,22.641251216520082,-2.1051676495418117,-0.6865399791585418,-1.923210814107739
0.0,-10.918811069934309,-13.932488690408292,-8.22015708759899,-0.45816377662824714,-1.1616104466222825,2.4824431155773743,21.263569475226443,-1.0954695360674698,-1.7175918831831143,-4.024950981420184
0.0,-4.8365692275088845,-8.974815095024507,-3.975277531271774,0.2443795159558994,-0.3855340049422482,0.7765813629172791,11.801150728698458,-0.8549447456500276,-3.6480229317196553,-5.178060189153562
1.0,-5.416374774310726,-15.668054613200905,8.00497382918968,-2.348923566686594,-1.1971556664460183,-0.7617902004476629,24.193742859307832,1.0452091290900634,5.179024051294263,1.6436097705813042
1.0,-7.5753099658402165,-17.615989824111324,8.930615685775585,-0.9629490933812439,-1.7439594392872118,2.09548294637976,27.836275878021194,1.1326672497407297,1.0665157108676322,-1.4305779688381657
0.0,-13.87980422476099,-12.524261681607827,-10.655430592399652,-0.08738176740387169,0.7156642130241921,1.754923546331173,15.054087804353227,-0.3210247396211515,-2.7865221659714576,-4.893738531095103
0.0,-13.5500850911009,-12.621125966912505,-9.951994382494938,-0.323650505790093,-3.5130287737872186,-0.12536047428414876,22.296817796324884,0.04032366733486792,-0.10667005794418617,-2.855641858981433
1.0,-6.65810652532879,-18.484118072317038,11.069440040308615,-0.6125623345239456,-0.15612727638339696,-0.06826855690153559,27.61834076912297,-1.1959988037997071,1.6318760843931315,-1.705970203369739
1.0,-5.952498141524065,-20.500452612934495,11.503410980060305,-0.5416956957943307,-1.894826913501444,-0.23201718361946091,31.335504692440644,-1.296996425360602,0.6289842367236922,-2.283944004528704
0.0,-12.494767581012697,-12.553546017449154,-7.797587339990146,-2.0057195282301414,-0.3169591432407861,2.8206447024179933,17.92255173470501,-0.11254703634049823,-0.14320043698715512,-4.914746541766381
1.0,-7.186106512243358,-14.36995123088118,6.1098144111403965,-1.5222957978774223,-0.4593760274105745,0.11317470559744063,21.547205887192877,0.20256583233450498,2.2159618823135796,-0.7204982538683506
0.0,-9.769629022336257,-14.5363901136193,-9.899218918755574,1.1309936300360675,-0.7137277555752872,-0.9596348818748514,22.464753861656234,-1.5482384202676622,-2.4675427945331796,-4.319179320692489
1.0,-5.573007491281888,-10.196443234881498,4.681621217179983,1.0459813227274706,-2.6277610384813217,-0.1087735208215983,19.547529738748395,0.8703021202829815,-2.8500938978147587,-4.343463658822358
1.0,-5.816707696936168,-16.98182834533941,10.828486361085675,0.7631150983348726,-1.5715073299919078,-2.414738146743823,28.820464084081454,-1.1162139639108541,-1.9704762404648288,-4.783096134317186
0.0,-6.743540805217048,-10.680583269033828,-7.663284532059238,-0.7860374873013144,-0.39921240336207997,-0.036453812750235626,13.53410912653668,0.04771107984561884,1.6292487648359768,-0.1541464724066195
0.0,-14.728713935631978,-9.054889002061937,-9.940918176968204,-0.2570772618435801,-0.029849380448604856,0.7939045632467538,11.844536255161682,-1.0043858583599508,-1.5910266798398973,-3.7446709392398034
0.0,-12.362779344557431,-12.178621746837473,-9.86093757557663,0.8771633744972773,-0.4732680912164734,-2.140507956119086,19.838904037687744,-1.5991748144985196,-0.6161784992816111,-3.8507013533650287
1.0,-5.269914131762189,-19.48701324122264,11.821530156447402,1.3452973274208515,-1.0896502472744465,-3.4706673428665824,32.09331393711112,0.5024930517145345,-0.8903286070869092,-4.28327177256673
0.0,-15.225977478495977,-7.555570645701019,-8.884737210121667,-0.3643975084586579,-1.3984915743326956,0.8360102764732436,12.912966193581678,-1.2190453247873232,-1.4763995161085042,-3.516419591103907
1.0,-5.399483431136374,-17.419560251193975,10.284862433165921,-0.3907311114026435,-2.645689710935269,-0.5805213316386544,28.313708847800036,-0.1154227549282068,-0.21341694588353605,-2.5077978657148847
0.0,-12.725307412898353,-11.54592549821203,-10.668182129617373,0.9518366727421201,-2.1492183042614847,-1.807207394699715,19.893547505474775,0.18599000912384933,-3.3888684677874537,-4.578436736518808
1.0,-5.156979949387045,-18.678243877884405,11.12814770223843,1.5592940504713944,-0.972086211202165,-0.35385891987153184,27.803552070729655,1.1710499749462828,-3.977662345414502,-4.094638082608004
1.0,-5.527790840365089,-14.592799180333994,9.994618504319469,-0.7583374006986631,-0.3709543263024482,-1.380439790247059,23.803635561488246,-0.6094950241149355,0.6238624235437498,-1.4518139135784658
0.0,-12.805766697260557,-11.093070465580736,-8.577217026841684,-0.45290906751258253,-3.0651990304967507,-0.37396408815492843,20.887287613818707,-1.5212908404993546,-0.560060425181776,-2.9064192009922203
0.0,-12.462848025698133,-11.95064031446994,-9.86650668563735,0.9325080333083262,-2.119978498813843,-1.2774241524181984,20.116619004288445,0.04717204067224501,-1.5746563326532748,-4.519293154804507
0.0,-7.173791502070749,-9.745624797952289,-9.404779094959157,-0.9479709818242892,-1.605244037787838,2.0158468353020735,16.674349634612973,-0.5733279372350428,0.42904832483927136,-2.5625928344563733
1.0,-5.679067977668982,-14.287513107617496,8.507776199164692,0.22587316554006875,-1.028102413467674,-0.4727768497810901,25.37938651650535,-1.0956686610848754,-1.7611882199617948,-5.676575310859137
0.0,-11.013126465501687,-11.910358449624798,-6.855760535889553,0.25726696207655814,-1.6846859824573093,-0.02255796700753303,19.803662825790443,0.7890475730766853,-1.1710617247288417,-5.591127664999304
1.0,-6.944170809908414,-15.079548905245904,6.478961838087311,-0.03551032327714988,0.316361837489475,-2.1822304158194727,20.451872346331015,-0.08886170801882443,-0.40573890701272797,-3.8328470381056685
0.0,-11.30728538137463,-8.67078560943095,-7.91454121951629,-0.007042813344327048,-0.5210388555913442,1.1223622251375716,13.428695878663769,-0.25566225898325884,-3.645439989448782,-9.015000444756497
0.0,-12.696553740912652,-7.626973776083947,-8.76325541860008,0.8359781327051412,-1.02624009736663,-0.8935342570075434,14.179149801351548,-1.409214940434159,-2.9735190557708577,-5.445824117644959
0.0,-10.937335162148198,-10.127685517117449,-8.427899979398564,-0.7296171310062436,-1.5486952519888073,2.7504387241021186,15.074278744360914,1.107003460497355,-1.4802560477408393,-3.9068431758226696
1.0,-6.645597130179971,-17.08586660257894,9.23880842663543,1.636735891190437,-1.8541092715564107,-0.9422770145266166,27.085491053417062,0.18696296279292224,-4.138769179749657,-5.536835587915024
1.0,-6.753836580868008,-13.617759260336014,7.24371620902928,-0.07296860216666268,-2.423208595462918,0.27607284641531965,22.443695670172257,-0.4888429856362826,0.6431027506889511,-3.4283757649028583
1.0,-6.281085226013502,-19.31321315916926,12.190061378608382,-0.9792478746574553,-0.8986947228838889,-0.8759814374547334,31.088473793147486,-0.25101103800715047,0.486276300537515,-1.434304153024076
0.0,-9.637159219710991,-10.55148987712317,-6.751103437002664,0.4402056504754586,-0.6040601556728828,-0.10798816257125912,15.802650903690939,0.8164369079780764,0.3755590132356721,-0.9449044962482962
0.0,-9.300479306757495,-10.25007984805597,-8.066209684388562,0.6065144413179882,0.39343620568711746,-0.2315783586745103,14.23305195724605,1.470048461386388,-1.6175913163823772,-3.183542585539772
0.0,-8.01808304318956,-12.846534131832895,-7.517859435950967,-0.9199772366646259,-2.2956594480969326,1.3379466684685277,22.151653005787033,0.42548857218670844,1.4684515046566824,-4.908980714152932
0.0,-7.72488151528729,-13.837852040840318,-8.602827606088626,0.5064855314404502,-1.644481392927177,-0.9439417038146563,22.880183004023014,-1.490094336476997,-1.0890008043494637,-2.585523980848746
1.0,-7.537710579471219,-14.75870502016302,9.683152934025156,-1.521321899444621,-1.8930263998950374,0.3069474391124649,24.51497422669497,-0.04049166643742785,-0.16880940512544207,-1.6583354521284166
0.0,-11.71230523091079,-10.616667515864204,-8.909103308607424,-0.08726908754935031,-0.6807237799749886,2.0225375930020926,18.066781229779203,-0.31089452154040953,-2.144290381708091,-6.666390941566652
0.0,-11.188885883587563,-11.085549309362559,-8.23933328446229,0.9430475785454313,0.09605681112241515,-1.5271583602189591,17.409851171182186,0.9186724033334176,-1.9318396881927746,-3.373565107757061
0.0,-9.074625283553273,-11.735207880539926,-7.635801610718781,0.9425203379486621,-2.630051186222712,0.44301419281418486,22.600101637328354,-1.0915153252377559,-3.562305749155023,-4.939955420964431
0.0,-14.460675364097458,-12.96500965091332,-9.510732867997476,0.18862002707915365,-0.8733135714081028,-0.3064965883990592,21.023870490275787,-1.5280694692429506,-1.6046323235411446,-4.02859402339897
1.0,-4.60589639988115,-16.032279483235538,8.205421196982625,0.01326421134199443,-1.6091967625542747,-0.7779654444805348,26.09768681446006,0.8673147405796053,0.12382670589753583,-2.8689902678659736
1.0,-6.700199721385942,-18.268396342581962,10.100716038947173,1.1262803028292336,-1.7439319917583576,-0.3191460850363353,26.974762828029803,1.2922147379687567,-3.0688704227192987,-4.230401417267998
1.0,-6.531790067292555,-15.913166279585717,7.548637237375169,-0.1276265746780697,-1.009885713930689,-1.19913388432497,27.18260517341934,-0.29143360958103404,1.2845119986093647,-0.42269048786943564
1.0,-5.601294552887877,-18.065906136263195,12.82376419949924,-0.21123884373040183,-0.9414991368445422,1.7994333494088774,28.594866586596048,-0.08475822536966532,-1.0571113586960768,-3.403343141909455
0.0,-11.758195011303307,-10.601928731141008,-8.67480841560238,0.018492002658159423,-3.2711365092945943,0.5910600111171289,17.987305015637343,-2.2409139351483014,-1.0968916341028594,-1.5948056127879298
1.0,-6.67815394723028,-16.63569757332392,9.125191458181073,0.8459181013652366,-1.6247563825012226,-0.2789184510690619,24.089273976745442,0.039889550778428984,-2.7057838581883877,-5.013312934825242
0.0,-9.763460616950388,-13.049385081444639,-8.114118462412618,-0.50737737240086,0.1533358807926153,0.21643291621397132,18.917148877570945,-2.0518678464018074,0.16646500962960964,-1.126462377691463
0.0,-21.394255144127705,-10.535291520926819,-13.181093766981517,1.3063218389475408,-3.3505459511223337,-2.2603606081617977,20.970457650376435,-2.199746175300918,-2.6666535516308585,-3.566489248430192
1.0,-6.721552045460987,-15.973334588719014,10.60891293378311,0.06874345782546556,-0.9913057076967218,-0.10676236318983984,26.318041298232814,0.8236388047816732,-0.10287356187597962,-3.4942798233282444
1.0,-7.013734873832625,-15.322562662178013,8.246539479588039,-1.7650268290662356,-2.7259939339921235,0.4088585449142046,25.193090001565594,-1.956815547484153,2.1970946978428434,-2.941665574539391
0.0,-3.4639486763425555,-9.315340848638737,-4.216689211261816,-1.2128788416302743,-1.457657007378032,1.836755383144667,14.48011695366574,-2.1368210531498795,1.0530553190319563,-1.1748177306238787
1.0,-4.773337821961473,-16.871691438561705,13.274079694443595,0.4632330158103023,-1.6178987903369368,-1.6651204819022882,26.760477854802154,-1.5843876750841386,-0.9880163998221871,-4.007689326353097
1.0,-6.8429033220058955,-19.089180389943177,10.184285061492265,-0.6517578399821503,-1.4432563933219826,-0.5582038365829111,28.595011316846023,-0.22975915058777102,0.015210889573679331,-1.7254321914555675
0.0,-11.01103494786533,-13.263150044928704,-7.141932740212585,0.9177787218967608,-2.2441956601675903,0.7485850713447502,21.572081076077968,-3.4633119294268395,-5.378687817115572,-6.608724711338398
0.0,-9.263031414541102,-8.837771514634241,-8.000550779992839,1.5517817403988583,-1.048747169016621,-2.8564247683316135,15.638431418284412,-1.6700542085471857,-1.9924106202594234,-3.871123871890742
0.0,-13.686880822942964,-12.238541082012636,-10.069480252813639,-0.6979744042472305,0.7439103724408169,3.2781601425750315,13.685067495333167,-1.0845410248690945,-2.0944602645031565,-4.903508600388472
0.0,-9.476588261680645,-11.894982462314637,-8.025609148617043,-2.3853953222618505,-1.4704160573315703,1.1302432680005658,19.92050471089586,2.84826953489208,4.124443465831582,-2.4379694834411207
0.0,-10.494719791990029,-8.591894901514962,-8.839672577589878,-1.5013005933338663,1.0385904132034216,1.832049393059593,10.537724222121215,-1.7164256245391563,-0.35009742987590164,-3.050244658924815
0.0,-10.397179477797215,-9.45065456060199,-7.547900558432831,0.27356683945521365,0.5953188112159506,-0.5941572769026044,15.562452851030145,-0.3536725430741001,-1.064203771752297,-2.6796020932454927
1.0,-6.862158684659017,-10.043844219741786,3.493891813248189,-0.7019277112877065,-1.6188235839336569,0.7134265883939253,16.620825997334087,0.9231953897205066,1.2859221994869159,-0.21731656955570466
0.0,-11.05248694438905,-13.76316052289846,-10.27036958938522,0.1501423852623946,-1.3270928792233765,-0.13348725255800054,21.420039980262008,-0.6618225959564654,-3.0567098533290746,-4.464594982684202
0.0,-12.169162930539976,-12.781131748365762,-9.803507918078605,1.7307221705215023,-1.513244248671832,-1.465213982032647,21.842929023882007,0.21422742975917308,-3.3782368200469093,-5.511317241004758
0.0,-15.695199052747055,-11.078858919032474,-10.319521048496842,-1.0622133582520958,-2.43173013767861,1.2710687636439841,15.633482901711522,-1.0623053358643317,-0.48546513788490475,-2.825620369864548
1.0,-5.489775300053136,-20.412382939213916,13.350301914685692,0.9019623804374951,-1.903721848463445,-0.4440251334984713,32.40027728214834,-0.21746561654962615,-2.0729425359116673,-3.578920356634137
0.0,-12.484574625991133,-13.024297810624068,-10.583585423224953,-1.577250227914626,-0.45170958509420855,2.2218360957212715,18.187089348832025,0.3436109713494756,2.3944624394984864,-0.7166965814281613
0.0,-5.052640752626175,-9.769820753126837,-6.3018674985922125,-0.5561677264997501,-0.9878514625561324,-1.1456218694352744,15.349161913951317,-0.3181492117211696,-0.16577519591118173,-1.2616575936290442
1.0,-6.294879808352068,-16.89504870014729,11.072513973602929,-1.3728535828762627,-0.3401527728407866,-1.3688828308276255,27.369494974603413,0.9706318443627332,3.256388351679065,-1.0691095147513443
1.0,-6.391878005322688,-15.129192800448823,9.37333053150097,0.39401222819086307,-2.3052584958984337,-0.22583365196618932,24.892484411124254,-1.6579837477737231,-2.3930433746514783,-3.4071375267433517
0.0,-9.911404814480054,-10.929242622063995,-5.495667366410887,-0.08029521922791394,0.1754036248192974,0.7403691496810652,14.383879301826802,-0.6670840398818547,-1.3053579736366907,-2.922395789082327
0.0,-12.20301308502641,-11.502902925152416,-9.40722890100719,-1.0632807563841453,1.5511612461933004,1.280748303322019,13.699582105038097,-0.03380694209981383,-0.993930886085713,-3.34477239193016
0.0,-10.00398877161299,-9.457999337972915,-6.639202799486489,-0.7329603671518314,-0.6497380405263866,2.0247367085650243,17.292071635164703,-0.9158649024784801,-0.6667298478546902,-2.1870998102925956
0.0,-11.690343708575451,-10.53689909269043,-10.174616286926375,0.8525039906259282,-0.8219930490469062,-2.3720535390172106,16.54740160264706,0.44742373577451067,0.11381537604371283,-3.7330721490826617
1.0,-8.372296084046477,-20.342404154137853,13.059036260654654,2.5375929806962216,-0.44846896127411806,0.7122648092078936,31.15433580516028,-0.823459337725174,-7.323880460403801,-7.1655146293238134
0.0,-10.768521410416765,-12.57981334676374,-7.491016481258655,-1.6736375194939186,-1.1919407268544118,2.662575390050743,20.210052258049743,-0.3381163370111014,1.993578876815167,-1.7391889206565128
0.0,-8.862153170041964,-10.058434562725042,-6.995546142658441,-1.5899361423437763,-2.1764715616696195,2.0116495012837117,18.522397678853345,0.030964644914804218,2.6299381547238827,-0.5601788428078451
0.0,-21.65528328783374,-12.083457651681636,-14.516940587692094,1.1669780903297706,-1.3605326889102034,-2.4289645634647297,17.77586444253339,-0.705579582258427,-2.2932349350617973,-4.475067741371055
1.0,-5.558163974355692,-17.12778028320582,9.507137890988258,-0.3655171191550039,-1.3069160575850842,0.28533965150643836,28.329384683582358,0.5119341929696266,-0.08648316681544156,-1.8103754367673437
1.0,-5.8561522128841945,-14.201358067554423,7.419504424723418,0.8508105227793249,-1.1025385501982385,1.1438959023639903,20.724504369681053,-0.9708069490843191,-4.795083950524403,-7.830519894945325
0.0,-9.422635517307196,-10.421824069705533,-7.100715786625704,0.10401838056304463,-2.030308479264427,-1.1654976891196798,17.34581278097478,0.730338694299929,-0.8572615610816542,-2.265038343815091
1.0,-7.157468180390931,-15.48998027393209,7.007508640542583,0.6072349681419444,-0.8748166859185015,0.646469846648313,22.008734531645132,-0.45983962121632854,-4.40166921862212,-3.8371197903558083
1.0,-5.310846596374661,-14.656524271317085,7.542334713443787,0.2962259461858679,-1.5088007619183683,0.61663421328174,21.438715704385015,1.1051435578684012,-1.521509652869885,-4.048651782970333
0.0,-10.597406153088471,-10.237109047006701,-8.074571035669587,0.13518495655036605,-1.5333235485383345,0.23396136389896366,15.400444048102168,2.401466149014696,-1.0187118323886883,-1.790503494519076
0.0,-6.967149840929185,-13.719381996449656,-6.918512177412702,-0.8283521815912951,-0.1788951299982131,2.1077762707911187,21.586941388588208,0.6122106326480214,0.9749385506847288,-2.119581454643879
1.0,-5.962787227483249,-18.325111346081822,11.078446275222314,2.273811282953713,-3.314555398488354,-1.3473055107897776,33.6148968808026,1.1257751167910848,-3.4993061147904267,-4.443130281393831
0.0,-9.815372925992897,-8.466346170179854,-7.383939235263087,0.47210914278047467,-1.471451991652922,0.9261577200046434,15.144830517419765,0.540931026847697,-0.38794336764962356,-3.0462036314238237
1.0,-6.164292186305838,-14.933017811538328,8.978450874251708,0.35310688621319714,-1.4746960541414758,-0.09773906753738493,23.587491411918066,-0.29136294324105994,-3.6426779427655,-5.503823381357489
0.0,-10.235093207067594,-13.929914225392345,-10.375056915847834,-0.5122015314167762,-0.8604970440738404,2.3726737179892896,23.989640100259283,1.215988137884982,-2.4334894496368262,-3.900164228899721
0.0,-7.367888661638059,-10.325106415360292,-8.164932161937548,-1.5829628100241466,0.39207948588306607,3.1113067177783362,13.931618392813803,0.31667711711303503,1.692057135774398,-3.2145980556207703
1.0,-5.9585973067833535,-17.451645727428712,10.781562011929314,0.05940841314331188,-1.113333578749197,-0.4833286177267073,27.41245750344303,-0.8970948457144052,-2.695277653254635,-4.3068985944805505
0.0,-15.513723779923396,-12.831418240319266,-10.630147793221898,-0.5453600622464546,-0.17130277677988592,1.4146405420540433,17.193971149223966,-1.7065957103641636,-1.3127124228626166,-5.752790757029578
1.0,-6.5030388622852735,-16.593144174905824,9.419483301720026,0.2923815916487157,-0.5305332310220224,-1.3270260437511157,27.73998765331423,-1.1202610858845872,-0.724607155238452,-3.3973503264179175
1.0,-6.516021712251212,-14.21138580651084,6.2632466291543905,-0.13100390138038412,-1.0753032112313003,0.19325500123178269,23.11502046866435,-0.4640501942564276,-1.1116405193996735,-4.964701963516798
1.0,-7.509421222243692,-15.641735718784838,9.912435232238888,2.0301253590894768,-0.04588724281269041,-1.1583189561487368,24.887210812021845,-0.2443933879345809,-3.4876471439441517,-5.500961089457897
0.0,-10.19260865227931,-13.245596148741095,-9.032740197415638,-2.0731078087389614,-1.4810067168628003,3.4770812094023764,19.35000723599049,-0.1408776200617181,0.7196469858514156,-2.404152995631586
0.0,-9.25454224685091,-11.00161118054067,-7.9160801723291,0.3224514029239693,-0.48946626329602694,-0.507584190139424,19.552984594674044,1.9226588827096756,-1.5354273516325403,-5.000377913903635
0.0,-15.218326412020302,-7.384398452006643,-9.970962577774674,0.2877519832829851,-2.782873613702716,1.1049908177967331,15.084585992530933,-0.2305077936924835,-3.415000158988885,-6.148962582958544
0.0,-8.884696572911679,-12.82660394838004,-8.826519535062433,-0.1512719831842707,-1.1038681493362685,-0.012614375487559726,20.57846837320422,-0.4711825127701686,-0.8749726736406251,-5.788810025077472
0.0,-12.230350439483024,-10.518707224245846,-9.357423162754454,0.5556251525460822,-2.105642825968133,-0.716267049364423,18.11319625640338,0.7044813160572276,-1.846320166048255,-4.809973040596133
0.0,-8.847482027109171,-12.075113611350112,-6.368490893782966,0.3682170851007531,0.27896756950609314,0.6849373031821762,17.90347375861792,-1.1384119889558533,-3.1675534274095747,-5.112310533363969
1.0,-6.08418997283523,-16.433611018324154,9.296143514402438,-0.8519717727299572,-0.35882369066403086,1.1340718670703471,24.288277883117466,-0.23219914455119017,0.582238492332902,-4.349468250716448
0.0,-13.134970576101287,-11.528703937334567,-8.549749104863407,-0.03947277689273837,-0.7438792088065995,0.24796769085197506,16.535142274819297,0.9780417183531163,-0.01843637662128672,-3.102426887136287
0.0,-13.529505856856828,-6.416479348892853,-8.10300030974837,0.6501433182550341,-0.3400096145456386,-1.096401422604959,8.720278774839901,0.8790155625294804,-0.911095867266553,-3.939554277128331
0.0,-6.6059094937975855,-8.503099440063396,-5.738951650893654,-0.2556009624936382,-2.9353549821410594,-0.5541292172320654,14.398880628194409,-1.7001302047789837,-0.9251993930809508,-2.6206698423758885
0.0,-8.609456988509521,-10.391597966852892,-5.544845822109297,0.3747153824099788,0.09594702594833637,0.09265757425061416,12.86419892178202,1.0763464553482054,-2.5989260153437606,-6.08210373845806
1.0,-6.023949654995101,-15.576488878537564,8.123419122893782,-0.5320781592980575,-3.939027449146935,-0.7133540591912272,27.099320741780303,-1.4258200049953746,-0.4794977596047997,-2.879411384543643
0.0,-11.419890363635107,-11.421685902582983,-9.514305105208477,1.1903851548843303,0.3323461853760026,-1.67545648474495,16.788539027233007,0.7224730225803604,-1.8929381308515845,-5.438907800683886
1.0,-5.5244665564399655,-17.573956964247323,8.591788324711473,-2.199419851215114,-0.1906089558448436,1.1964765081774777,25.676936970327482,-2.517357503136958,2.465350468545275,-2.7681766110403507
0.0,-5.586207716008068,-8.122297716048468,-6.3727013529558825,-1.802955694598421,-0.06024780503565641,2.3845549801142454,10.522906908693933,-0.08495490946599771,0.7572933729836296,-4.985944110818448
1.0,-6.33425785347458,-16.72240977227869,10.27029234262889,1.2882452606563108,-0.3691683668523664,-2.1765587756963023,25.690740898851786,-1.1395428494732345,-1.651946374871805,-4.564908789883069
0.0,-6.939387081068216,-12.00256167035625,-6.369833967534354,0.283248660169879,-2.0579221001166017,1.6182392352689494,21.69962552059174,-0.46653155876276403,-2.7055820163970137,-3.4387519337996393
0.0,-14.324445641708362,-11.594231905975047,-8.470058575449512,-0.22506195071386562,-1.7218720084808665,-0.32108454340258585,19.019495977888706,-2.5901580951646475,-0.41691758649038435,-2.9384919566262404
1.0,-7.196801568297438,-17.063235031714072,9.410825194995793,-0.5059548155477197,-0.8565240544254098,-1.349173097715397,26.079408868752868,0.12295541051383463,1.029711631685508,-1.209695697921343
0.0,-2.7778660570229636,-12.587565164956155,-3.558504232426586,0.526034649432759,0.7460520684506873,-1.0447740559215681,16.40802430274976,1.1454658989028943,-2.392291496543142,-4.327580228482279
0.0,-9.71005659895484,-13.883493431289654,-6.846234900891302,0.898569938495164,-1.6646125544411725,-0.832077782694246,21.9305293346552,-1.0853317601584194,-2.295349593017353,-2.6793695507991506
0.0,-11.576597840122636,-10.457984163990952,-7.162046073845056,-1.286351804463518,0.46721112186502745,1.7480352807435175,13.245427324222605,-0.6528510821955501,-0.534942349312385,-3.324420970511215
1.0,-6.24717894842232,-17.851270803877316,10.375083581455621,-1.5078465442411262,-1.6573616230141626,1.2827341155756542,27.862951699877176,-0.13719987465945482,1.4375752064769294,-0.28035530194821345
1.0,-7.082981182154018,-16.16117195252829,6.9687840751154875,-0.8975194153033812,-1.1041647330229865,-0.2027198449935204,25.790029771068138,-0.4986829992765752,1.9872158254071004,-0.21463470498826376
0.0,-13.36060936922411,-8.179517142614692,-7.247204757665961,0.23446633544727402,-1.4847379061175532,0.03778914457674046,13.149248820984262,-0.24584878059190834,-0.5034737279105701,-3.126234960354097
1.0,-4.9800474015976945,-20.759283118928195,13.957936316268327,-0.6428415942960979,-0.5886724241011133,-0.6061982738979722,31.896034732073936,0.16074898836769824,0.7634179479405167,-1.9769287922373
0.0,-5.772894616985353,-9.226737222978617,-6.581388999750296,0.1728080094667366,-0.4876239153194618,-1.3124196067760263,14.757820438419966,-0.6898063992710786,0.4745832150619864,-1.2239426995571374
0.0,-10.536153567411212,-7.83815868763135,-8.547939511761708,-2.342690228855898,-2.0960665054274075,3.6220476622486033,13.622179938217204,0.02670758850923083,3.9119845597521934,0.6842866348757946
0.0,-12.307335527614784,-15.174642131625983,-11.63382308410375,-0.5686833062051021,0.6816547861416697,1.9977943203270856,19.666561237696495,1.0134439222028018,-1.4103703041054945,-4.447685298228677
0.0,-9.815869635487221,-12.99735787025538,-7.247219346674475,0.336841215421285,-0.5449982496332654,-0.24111175668148918,20.01645330328331,0.2373807434861243,-0.8381164022239325,-3.1278578122012024
0.0,-9.824170598129033,-11.265859916070804,-7.5189940736983,-1.3641038987701442,-3.100098921143923,2.8520073034895224,19.030936068883907,-0.6092987407764884,-0.3048785676058186,-3.7286827120354484
0.0,-5.429035971926657,-9.899125594725799,-5.8824939179814315,-1.1778006205733451,-0.9897149224046218,1.277576840258498,17.299824289025214,0.015824604142164134,1.0782109169162581,-3.782106107755352
1.0,-5.830063681814822,-20.102065013759702,13.170196508153762,-1.2075366526366154,-0.42412288249002206,-0.41523730085196825,29.9146520660707,-0.9745173485114549,1.7005877712967108,-0.38738382443875585
0.0,-13.386200378826716,-10.960725856476719,-10.008006349483674,0.44108107283370224,-0.23860518954793764,-1.1529416573326743,15.700157365900825,-2.227336621743931,-2.9950149201466933,-6.375223778278368
0.0,-12.91470070015258,-10.68478024950217,-8.495387678313143,-0.08956815537214549,-0.8386982433789159,0.23228523333208942,16.278763233675715,-1.3891515514098822,-2.7536560814957465,-6.095198915431267
0.0,-8.341762586543584,-10.429579261559228,-6.313196018929697,0.7795863329675017,-0.8006394179541227,-1.2584934170764863,16.68865933461178,1.52107258482992,-1.5358366065044553,-4.188567219872496
0.0,-15.983941539980894,-12.62382553017646,-10.850867731986563,-0.12571113430867123,-2.2629033906979124,-0.5041029589720626,21.487443562087808,0.671648278077595,1.1678917829670485,-1.16981307974158
0.0,-15.080522800483958,-10.591850362585166,-8.948611613237137,0.13424713198677962,0.3652911291276866,-0.6677610495919291,13.557453747218005,-0.471712197673558,-0.32393427994752855,-2.7214460747419458
0.0,-6.563417838575866,-8.188668038949977,-4.894950945578453,-0.31560391926329157,-0.09121046857459247,1.0641708953987958,9.167534715918475,-1.4788961263140568,0.11707370273865703,-4.304270032450846
1.0,-6.1331252142618835,-16.37869857426051,7.06556454350004,-0.15355361996874345,-1.1554362665361189,0.7190832811465535,26.40503135975169,-0.5963509314486332,-1.532437520410184,-5.864188534630101
1.0,-6.3151379271465755,-16.507945922752366,9.538520964260671,-0.9515411595180677,-2.2952367232316737,1.9018504302678183,27.144192050944614,0.651973728780386,1.278676780110519,1.7517542224003173
0.0,-13.661165824889416,-10.382503184959393,-8.359720349462787,-0.9170110818346244,-1.9838059450318224,3.2194379629256726,16.915908269653936,-0.19132965330326385,-2.838830796506456,-4.06198456582256
0.0,-14.288116400667393,-9.215351685942416,-9.354038059647651,-1.1390791182280227,-1.822069253569477,1.9374404657173576,14.564818303078097,-0.9340389508373332,0.627250475538414,-2.605374976094105
0.0,-8.600092408016483,-11.15179318669467,-7.074620473309218,0.3485431621104234,-1.7356783406098002,-0.1745522344202115,17.005282917931105,-0.19310545284256875,-1.0098496828141126,-3.0027927003468218
1.0,-5.217585575045238,-16.62927270981261,9.871708152696982,1.205781607934151,1.764397719244882,-0.7804212248249719,22.233850987189477,-1.2654363668425952,-3.2083413322031906,-4.82062271507071
1.0,-7.1390159272334275,-16.8160701622689,8.513791126634018,0.1418709548179165,-0.6541383477588506,1.1410193129010846,24.832837428810585,-0.8211638206850207,-1.8151060468304065,-6.512269023963412
1.0,-6.74545810007952,-17.831326046740877,10.787677825675816,2.385532473729092,-1.8438572012498016,0.9010847251335024,28.968061032947453,-0.7804466240128597,-8.011195061554957,-9.340323135623802
0.0,-11.644592435934031,-12.474471314890959,-9.289047843193746,-0.30220922332677663,-0.31227811996378874,0.033102220084747946,18.55270678347546,-1.1960450338531472,-1.1896516125712298,-2.39263174640997
1.0,-5.876055246159181,-18.029606714829843,10.372568386952787,0.7588091867591047,0.4960082820904612,-0.5926432217335885,26.086994837936096,-0.11672790130531757,-1.6900685795395316,-2.79118533487868
1.0,-6.994802317888421,-15.366188310090742,7.268592489924114,0.32297314494829255,-1.2533583864959323,-1.339705511849918,25.085647344656213,-1.2362902421847393,-2.0953484468448007,-3.6627097039155947
1.0,-6.396479086725063,-19.392097752187563,10.69838293863258,0.14506845682889674,0.1979690434223489,-1.6590420144661735,29.02604775246055,-0.3756171627897624,-2.0185186350528683,-4.097643201829674
1.0,-4.728482097749894,-16.163198312520077,10.385738303980052,-1.4431411439135085,-1.3424931406426688,0.4581579791519189,25.665172329597166,-1.7697135691178683,0.5721639732829599,-0.6715434127974098
0.0,-7.420913729110539,-14.187403773923881,-7.145720200834129,0.2331440686488771,-3.2734223818853536,-1.1256343750510143,23.544676522823252,0.476229985181266,-0.3346892716221097,-1.6126437124697854
1.0,-7.08111529845284,-14.88003060607495,7.84294577225215,-1.060397087121776,0.21323182594906887,1.4943466636297837,19.88390131102202,-0.4726549368567624,-0.003714516791138711,-3.963575669523889
1.0,-6.600108139638963,-12.040963910361512,5.701865398234003,0.9458175664613051,1.2956691555035502,-0.16555185590137744,15.704069727319554,-0.6124632458739088,-5.6003567373828265,-7.048522431955294
0.0,-10.450307054576937,-10.826066545713894,-7.834844575767558,1.806431977847077,-0.4952156194304228,-1.2875454495272618,15.17825483307881,-0.3976527015549604,-5.325089280845702,-7.290925532209074
1.0,-6.2700809173167045,-14.777814637347944,8.953441181174966,1.1683831510217504,0.3044351538217478,-1.5585670307480617,23.312439589499483,-0.7587401839055004,-2.576118574155319,-4.024448903295404
0.0,-8.121062841306603,-11.204482076155443,-8.135483594164613,-2.4264046170198736,-1.765080615149171,4.87077722112647,16.592507441934266,-3.0539257548046943,0.31765563697202004,-2.5964123532100007
0.0,-9.38976239850115,-9.994771971043425,-7.911850715677678,-1.7194358481076661,-0.7469368027889469,3.1240984635228934,11.980916368152077,-1.1705844494005855,0.5003762959836116,-2.1780365689396852
0.0,-13.025006463610818,-9.865772324140668,-9.862977969249767,-1.6833030534088105,-0.44469718904478006,2.1529190824564153,14.097220767480394,-3.12623815388448,0.47037694349036413,-3.6995734215250655
1.0,-5.334532551022118,-18.15752269783073,10.535022535115953,-0.8954197827813815,-0.6458190038955851,-0.8159584693120918,28.44491222329727,-0.6726767295809221,2.4424445519751643,0.8103151213542362
0.0,-10.137090156854095,-11.80563902921789,-9.931171642388469,-0.2952156144616123,-1.6622014923064719,0.4044004743610785,19.811069670292202,-0.21544853516090195,-0.7652732828862724,-2.2125275165847866
0.0,-7.43745392189389,-13.199179348769395,-8.29637358556724,-0.4872140266113659,-1.8733965357937334,3.068181701396117,21.406103803634643,0.7134785063560769,-1.0829655000171206,-4.246397483376428
1.0,-5.926056355482703,-18.17612473637291,10.933098098243624,-2.3548279306638205,-0.39911625632417047,1.0966647622584476,27.090479985723434,2.1297548604082905,3.3684141648569286,2.3128610583936635
1.0,-7.306665360143777,-17.73973222676126,10.570500097602224,0.5728511583955491,-0.1343652914139002,-0.38387593511024176,24.614458997268752,-1.2715056842113814,-3.270107900023211,-6.4753320026603705
0.0,-7.50501287705053,-11.504169440687772,-6.994973764666089,0.9588284268909673,0.6604260760921408,-1.803439762594939,16.14325118006215,0.5496538104576995,-2.361523353761237,-4.82283674245441
0.0,-7.479821805350053,-9.487370105006597,-5.20700841634453,-0.18630527889460752,-0.4467550481543451,2.7207851583856177,13.809307237956709,-2.647183494888555,-2.3042714374184117,-5.018949590648799
0.0,-6.283911470328194,-8.506447665508079,-5.172566125284557,0.3296233924067936,-1.191444758513434,0.8106602295615614,13.35152150861737,-1.6236700222552534,-1.8040311031422,-3.6865427298939717
0.0,-12.303959101393582,-11.243717477021507,-9.183968273949988,0.913747329226991,-0.7768120600411443,0.829335996991516,16.361927516686375,-1.1412491887470972,-5.562746934378521,-7.568509823453243
1.0,-6.368948387546595,-16.256110120203765,9.432565681712813,-1.3978899287378663,-0.4037852467453874,-0.671084827085171,22.86913162631072,2.2780867059028,4.898633847877143,2.13681240632564
0.0,-3.632954706364596,-9.313354632395543,-5.578389661873096,0.65112730583773,-1.0843493549689964,-0.30097989182837515,15.06723632516555,-1.5521483036122916,-1.056618479614536,-3.5218862444876278
0.0,-4.448948171033079,-10.41936687506304,-7.941661895697837,-1.0956534538960303,-1.9883409538067407,1.4646222253834391,16.839512967910828,-0.7993596952423924,-1.1016922896494796,-4.195558003864853
1.0,-5.7745161354136885,-17.9864945986341,8.058701443851136,-1.83381417572884,-1.4352368000125515,2.715766761521631,29.488534716544876,-0.33956773825643854,2.542177573790396,-0.6047679668612506
0.0,-9.388076676659129,-13.424676881780483,-8.687993336775252,0.16557241845008708,-1.5705301037949493,-1.5683563179054176,20.07912239770776,0.36869212083559555,0.4407280844487218,-2.4813517171009907
1.0,-5.7443791257911805,-16.526818470163605,10.759636774829342,-2.359564110444067,-1.4471311564898481,0.4051860580821684,27.151585460035175,-0.559267540881736,3.6374002713290086,-0.9865558751625636
1.0,-6.5640063940497635,-16.439355899502583,7.989239801213696,-0.9699446279496776,-2.57926150833318,1.3759794629737478,28.892258029761805,0.29722622555105827,-0.24615884276076005,-2.7868459640406598
0.0,-10.054179109648965,-12.059316108899894,-8.951499752532424,-1.1174053221339204,-1.4442485986703446,0.8943558580514559,21.039621082848427,-1.6770013921058626,0.7185658152032908,-1.5283060794020673
0.0,-15.829738887674637,-11.009473191239731,-11.574135901997453,-2.140847457298015,-3.462654156831677,2.9077736077747423,20.525662379548052,-2.301446648441856,-0.7124193780019117,-4.713969243967181
0.0,-13.576215452322367,-9.838310609593215,-9.641415555323398,-1.4628906706088012,-1.713786449636343,3.8212460729887763,14.120543560118842,-0.09988233758008191,-0.7684672268841772,-2.3879414714106035
1.0,-7.423935943829958,-18.306821469260953,9.99663526351056,0.9017811296186506,0.3170569916324273,-1.702514191361002,27.52815276946678,-1.3357596119301864,-0.2819723835570771,-2.6605530052867925
0.0,-11.442398730224818,-8.466486242438389,-7.572795216251374,-1.0469481443263193,-2.247878091783986,0.40197128026384377,13.117496773080342,-2.208476363744808,0.7557407348853294,-4.150113029302068
1.0,-7.043723494526133,-11.157575930816485,2.9625186247014343,1.0159957863443356,-0.8775811539425815,-1.2373880734502523,18.024382283246243,-0.8868255091272998,-2.1076718524326683,-4.043502873311836
1.0,-7.008508301565694,-18.370038869118872,10.416892027194939,0.22390596704108384,-1.4305282108133177,-0.8101014083915153,28.389999503011133,-1.1639350911937574,-1.3945145903945146,-3.4938690488991755
0.0,-14.13871109932014,-9.773383550923569,-10.206263246503317,-0.9208249060292515,-2.6334235565636703,1.4585498233968068,15.067043855896804,-0.789594651072507,-1.6040683125013961,-6.169648606282143
0.0,-15.447105438252485,-11.75600241068037,-9.75250810873088,0.6665297331861408,0.3705184007550182,1.07919206045059,16.577012385029416,1.1028699396397794,-2.750726384848288,-5.755713007367824
1.0,-6.093373374229312,-14.458045334201762,7.873290715172525,-0.36020661675303445,-1.2579839521573652,-2.37570570372938,22.78666528524402,-1.949461072606638,3.013077444713242,-1.38911058710074
0.0,-12.90181600624664,-12.690413333854625,-9.274168082563383,0.7493385185277278,-0.6370914763752645,-0.7921566766941324,18.506357110619813,-0.40006646772392784,-2.9680329248151054,-7.467867136830225
0.0,-13.516220720090105,-10.650881183636272,-10.216278887888507,1.4450035050114716,-2.544603052271554,-1.3422550948497167,21.02626358884943,-0.7098126327144743,-4.107723817893615,-5.340922893381787
0.0,-6.559720513730795,-10.83976313952595,-4.381530282563654,0.605757633542422,-2.966470396000929,-0.5564113847950846,20.350145467307406,0.5667661911687538,-1.7438239216015126,-3.912344675249495
0.0,-8.34506724975037,-11.760070506985137,-6.429944247565336,-1.8538730026692467,-0.6701824704782762,4.964738927567076,17.103453518278418,0.7791462420260081,-0.21413292582852095,-2.555787024784047
1.0,-7.02476094832434,-14.366098191274446,6.924694185803841,1.2956941937136164,0.2822682115471633,0.8981970112497712,22.1267793956189,-0.9449924975209847,-5.363912347867013,-7.067017042463153
0.0,-8.9689577132511,-14.085402704464222,-8.067980619782364,1.8894583841770276,-2.4057620062936307,-1.1901672275905568,21.348893159299354,-2.137382246563146,-3.672449746739165,-5.161133436459095
1.0,-5.607441700523278,-10.325307144336067,5.055002096545954,0.7868173239616838,-1.1315488067847081,-0.9780547217164446,16.407405429345562,-0.18851964776217645,-1.725538431016785,-4.919389530654306
1.0,-6.4178777064128125,-14.576521421637636,7.588149663420126,0.23178746269707062,-0.7864337635149818,-0.32930156590481696,22.78186771854613,-1.3171909073018024,-1.0653195134172693,-3.2780760688234998
1.0,-5.861503316275083,-18.12952877863076,11.455334315817849,-0.8608027142969527,-2.084582916412101,0.34128429537895444,28.598948942443297,-1.9437536179736377,-0.7352213198216844,-2.892509627782312
0.0,-13.904873259664914,-11.851156367756046,-9.288197824105268,-1.1871445312955615,-1.2123986777199114,0.5925825363244823,16.931893294605157,0.37175482699286233,2.027488099982419,-1.361798322587645
0.0,-10.402251107841556,-10.29082883943268,-7.460798136931041,-0.5431650159710756,0.296906089626489,0.615297613923503,12.812197260236685,-1.2644107684355066,-0.500100181705685,-2.1302660942181904
0.0,-8.583522722758705,-9.923643984693772,-6.130846963210398,-0.7639029161173645,-2.000240077981258,2.339139535660924,16.283447000107312,-1.0562473549751654,-0.915707703083169,-5.30785518157327
0.0,-6.898538914575149,-11.407431938399512,-5.989714078112275,1.3582843435529939,-2.2538656402596606,-1.0472000714982659,19.066834393364353,-0.7209535150212372,-2.932298326933215,-6.129589840872562
0.0,-9.184861975184443,-10.478755239793399,-8.261165934505206,1.1587195122188252,-0.5805867322550294,-0.9542412145622692,16.074047136448755,-0.6731160995124723,-2.2723670267219465,-3.8648944545198525
1.0,-6.472778544347492,-15.239576323703881,9.031616306970657,-0.07509756433353479,-0.751855908997831,1.0038159363693244,21.892572888556884,0.8625466818545273,-1.0512460351250765,-2.4189313613475676
1.0,-5.839198156164106,-17.700747759634073,10.535689449311255,0.8816360534794874,-1.52032903209889,-1.1584755141898566,27.370904883266498,-2.2912544004109314,-2.774798092135029,-4.8022084680167225
1.0,-5.540951994918524,-14.277389357397036,6.996222240348416,-0.9808690038596353,-0.9995048978441146,-1.7996178506173228,20.722357091917527,-1.4854602492711346,2.277081786459684,0.10646687809481914
1.0,-7.0559198176929865,-15.03467408522246,8.098095718398188,0.7500534067538775,-0.38317171477413026,-1.2513424817683245,22.639012168493483,-1.2293856790181095,-2.64895872269216,-4.36788974724037
0.0,-13.534434154284014,-11.196629048478178,-9.573005708449639,2.034449816346201,-0.5768716297209233,-0.8097971741996046,19.01590788430013,0.4387874522108727,-6.3259484549059755,-6.761913890471094
0.0,-10.78505268276575,-11.343111363170806,-9.794358308097504,-0.4521561753759131,-1.2342218856799643,-0.1228493378576252,19.93636415904049,-0.16339784056135337,-0.3149981015588874,-3.0307178791697713
1.0,-6.02724560832427,-17.313434647852482,10.908275109230857,0.7195808591149639,-2.2438106246641247,-0.8379241363404379,27.328569993876496,-0.22622065537519578,-0.8847897174134889,-4.622128410944584
0.0,-12.166226842148182,-13.507585537516974,-10.01499509887414,-1.8897612846423226,-0.18751910883061884,0.7972088173363141,20.071901611996083,-1.5520811846731686,1.5513652611360733,-0.9087158760741584
1.0,-6.243343501151574,-13.919371055694786,7.857297941636042,-0.35930208799629804,-1.3023882997853962,-0.10817308080877139,22.257513475885812,-0.28669166527557455,-1.916049032638646,-2.5510999044878773
0.0,-9.556556708789097,-9.576830280016615,-6.529753664552467,0.3237164154119804,-2.4056311409862783,1.2448891290360977,18.18120379884296,-0.3041460136458943,-3.425837176019593,-6.107358403580091
0.0,-8.70589741331848,-9.98509903863895,-7.088939950008585,-0.24719054582958008,-1.359644560430746,0.24833533742342645,15.881654988105701,-1.0557148768263862,-1.4801063258866265,-4.6298422524957115
1.0,-5.393492158400704,-12.262948531993999,6.492771129168566,0.6390240039410067,-1.2419366071782791,-0.5008381568455154,19.68379872303068,-1.5595979466256884,-1.5748476081851206,-3.899531555420512
1.0,-5.533729682870572,-18.29960146384964,10.39310950892049,-0.5382274827705297,-1.1780879219527702,-0.8488089426211145,29.687575220486714,-0.25981936170776304,-0.8928507482493466,-5.297133427466258
1.0,-5.324756635189175,-12.003075337861095,6.352254810143593,0.15275428489481913,-1.2750654613059738,0.46753171164998736,18.345964613572924,0.7296669555677489,-1.3331953968727268,-4.685840282391846
1.0,-5.074589216876883,-12.997622173160226,5.268269315281438,-1.18857616180224,-1.508331544552599,0.3640873571454569,20.592348220345624,2.0795096051341355,1.5422995538198003,-0.9559412352267614
1.0,-6.8123551374805755,-14.807846569158073,8.128689957649495,0.47419258633168176,-1.5685225060087988,0.6387297660982079,21.97735909136777,0.044157496559579845,-0.9021682452270365,-4.42123884762541
0.0,-11.14255862124519,-12.374077329376492,-10.764493967140709,0.6590842998113425,-0.761647472303483,-1.4155911580432687,20.659099627353314,-0.22961076231963887,-1.3402811158349255,-2.864235226258887
1.0,-6.121545106205405,-15.46071486360248,7.009096832372074,-1.3456868624672078,-0.7399591479508789,0.8536646968150483,22.16187067491531,-1.7111851297183023,1.7792312777914903,0.9225517670025289
0.0,-8.188818563105839,-8.576805198439292,-6.1471533356200805,1.0038150135523585,-3.7685088254222086,-1.7633939943273023,18.054444143164822,-1.7943036658697464,-2.922089731640682,-4.077871080803961
0.0,-8.56503177075952,-13.040075757784328,-7.965613102734283,-0.6502062933695647,-1.5644427147859774,0.39512947000718635,21.91110652435331,-1.198295176960931,-0.7411970185576995,-5.593513337805467
1.0,-7.513877670422542,-16.58044213219369,8.883222360281371,-0.7843312330000765,-0.35517733879751456,-0.5484821256371837,23.132923441447662,0.12206859668805137,1.5174696768770735,-1.1763418120404106
0.0,-13.907611404447378,-9.668734811998712,-8.57058197423676,-1.8246677921234749,0.833254151667467,3.96843894707878,10.907690251998845,0.09718317936464782,1.4342774356982437,-1.0544884461349275
1.0,-6.458441905093258,-14.846463823731721,8.633423133026088,-1.4214691007255238,-1.9445274111406503,1.0446721206882814,24.225180737834616,-0.7025305708297869,2.2500724498752707,0.5001969584471855
0.0,-13.525614693141506,-7.537724690147333,-8.818477177608806,0.9855625281613158,-0.6731424901638695,-0.652085281176376,12.02901304490148,-0.6204172334462071,-2.180220529453744,-6.682507176866417
1.0,-6.971572663448023,-13.392471984119375,6.640221406452203,0.08750353399260685,-1.335573852034794,-1.4821733172863931,22.358464119533043,-1.0895803183020822,-0.20217444168901352,-2.653911204638497
0.0,-14.267205418579682,-15.26975681463251,-9.989876507195326,-0.3177306733506963,-2.016429150904981,0.6239982973719388,26.35000942555905,-1.7625587825868094,-0.6109192009467378,-4.249000541577867
1.0,-6.371067500642692,-19.24448484374074,10.73120697575687,0.1548391911732796,0.34684130727567597,0.508506476948074,28.636909055093223,1.0042757428100306,-2.392398137510554,-5.07389424905951
1.0,-6.462277705038699,-18.618095130077627,11.334844096341246,-1.085754076155593,-0.8754835654099623,-0.5656106192011356,28.81852407682533,-1.2125847611364222,2.2498922620113624,-0.6561981440933395
1.0,-5.170078533698559,-15.48851758347762,8.245649515906495,-1.552955770699176,-2.195937176807565,0.006099625336247,26.221245025963217,0.2695794497601195,4.245462104407638,2.692718851765562
0.0,-5.70353219355673,-10.570196976862846,-5.928902362995726,-1.6594476726600251,-1.0890401652182984,1.2387482539256993,15.373493724875619,-1.8962529185858772,-0.4663399305260323,-3.605613042154542
0.0,-10.437874768058325,-10.808736509298825,-9.040742879365338,-3.368456962295924,-1.7909451173619517,4.415729475218788,16.818819323325815,1.3556883762910403,7.074825418550972,4.178012408996212
0.0,-9.136992126827131,-8.669942364963475,-6.2791866198089865,-0.6567614329557246,-0.41160912277024064,-0.6257640361824013,13.070402220911502,0.8346465543339183,2.1053592878735876,-1.6590023434369214
1.0,-6.503405239420843,-23.306992403646056,13.122350600091933,1.1260106298893835,-0.864707766369117,-0.9905628805792417,36.63265501170756,-1.3441495145379287,-3.853473094880547,-5.771139370247073
0.0,-5.414724095829655,-10.113504881833782,-4.860740725863412,0.16874133093561378,-0.7574587908414628,-0.09505287466392084,16.966455589079178,0.025413020844928413,-0.9518785100506051,-3.3988352831897224
0.0,-9.966080258342595,-15.214182784410513,-8.09046371414146,1.1218760138040158,-0.23262692287933828,0.7478902703520722,23.204762543631222,-0.5338893522701775,-4.59124212643167,-5.60422908127128
1.0,-7.248060967929964,-15.795642449623495,8.246706471205439,-1.0137196881954333,-0.9406736953046261,0.6154685822187571,25.926141360000397,0.9515972603776589,0.5793796920238645,-0.6790113306239842
1.0,-6.130925632438092,-15.165090323951159,8.485814440900816,-1.8149833414825565,0.008455150957143331,-1.411869264410384,21.83974230869663,-1.3315215031209466,3.9808385709250658,-0.3634533113223487
0.0,-8.622858241730615,-12.962026482044624,-8.301121560788907,-0.5945420315515282,-1.3723191726461745,0.27830618002167196,20.546173017030977,0.35364031530412754,-0.16485936377255128,-1.7243649805691588
1.0,-5.482568355212424,-16.15294896235975,9.82920227369997,0.9386448822047416,-0.09650091373581082,-1.951924898720934,26.00605680991402,-1.4872280016944066,-2.761194525838336,-4.118058035495804
0.0,-11.873794700171558,-11.342871229837359,-8.79306105158056,1.1152570413980527,-1.0153081166252105,-0.6347784686923992,15.98428074141706,-1.9942229488277243,-3.118756458781819,-6.7622731108632
0.0,-13.816271470290967,-12.147383026121759,-9.977478168296889,-0.10032778332364506,-0.7837950616093329,2.6796818938651215,17.897610952411583,-0.7340871294444586,-1.7174898399431036,-4.027397122010808
1.0,-6.929532505469818,-18.945439258917098,12.111394446835694,0.6918401519853121,0.5361082383591058,0.048961454235835755,27.50578534513175,0.36859624233976607,-2.2055863234552606,-4.260759365601734
