0,0,-1.2960042241242007,0.8531292336943976,0.987270840530002,-0.7306374369341775,-1.474898071669144,1.4779500593438009,-2.3405504543622944,0.7707632202957665,-2.5755931597792188,1.7458661216256055
0,1,2.427921724382136,0.21849592696516795,0.8377943663883918,1.9550289757968429,-0.6358839062277026,-1.2510437772469527,-3.312196164116819,-0.703263158638401,-1.9155484221655266,-2.510436618203932
0,2,-1.9527932793894105,-1.0059953190148818,1.5354653283196174,-1.7729719871503384,-0.8873632156434582,-1.641661178087242,1.1539023909860886,-1.907615399073848,1.7502739449533389,8.189492953856636
0,3,2.629388505448171,-2.0315235074871367,2.3783059878991386,1.322114053837708,-2.4781517727499747,-5.970646036851413,-0.04072984861775897,-0.7368174776429842,3.9377263299082967,-17.66985240041242
0,4,1.2283289015602346,-1.327312652882612,2.3809030189628806,-1.3895189111308202,-2.4377791848972654,-3.6428422366963966,2.690105309574414,-2.4380622960446314,11.010954855236436,32.57262754566182
0,5,-1.1949671984139933,-0.5486034051058434,1.0812989225327132,3.671784391138597,-3.416013010862727,-5.047165942233695,-3.7977396494332245,-1.647757255006493,18.596927916119963,-79.63400782562827
0,6,2.191396930123852,3.187379373517702,-5.015081472062051,0.019609160752198984,-2.915667383019514,2.120368366012113,-1.2485878386798723,-2.9303609293638053,25.48386870206437,153.5381328245745
0,7,0.23044329868737304,0.2916516238237492,-1.0488287911740695,1.9297223141186859,-3.7536839671893265,-7.438760778656857,-1.8987304239989586,-1.9279022100106726,34.692602777847156,-328.37654367762167
0,8,0.34601509945771736,-0.16281715860312654,-0.636688094563409,-0.23416456155594223,-5.208222836025691,-4.940598755522748,-1.536056272068779,-1.722970043536328,44.303032260670875,646.8953788725636
0,9,0.2441486332146905,-0.4312977992757719,-0.22359492785023172,1.4958688166432803,-4.749393687779356,-7.585599285689652,-2.1521057084758475,-0.637520018040851,53.29034093619954,-1337.0421720074821
0,10,2.6752779929719193,1.0375693997148552,-2.24237925885994,0.2097711629155954,-4.067711996851776,-5.156846757548397,-1.6469419379136438,-2.4025389389049434,63.164682246392395,2678.7468429578557
0,11,0.6158923779019387,1.7178100725891974,-3.753337740643638,3.2209755953636217,-3.6415006177977745,-1.677944321577241,-4.126418103923123,-2.7757551185088927,72.53476890527614,-5468.510611803239
0,12,0.14202420876062982,0.45049680129578495,-0.6491377434928512,-1.584569609103101,-3.3921532903521108,-5.311481096993681,-0.7536390627875018,-2.4948568121522587,82.42575948280452,11045.120593210488
0,13,1.8738057894402833,2.0917608218560892,-4.055318915568487,4.550787380254148,-2.9438075508660875,-1.080753838388182,-6.640728426683612,-0.6999512978179944,89.13236525507996,-22433.939882004743
0,14,1.7192566353490464,-0.3269048932471732,0.6378228593190787,-4.177435674555711,-4.336104671730249,-7.391275293851625,3.1058201360065536,-2.335105674359892,101.97795830018497,45420.24377887172
0,15,-0.3890677948118785,-0.7831227507832377,1.7003631596269586,5.856046106364339,-3.4939847526316226,-7.18657261413493,-7.270314421313625,0.9841494900253352,107.47304763693721,-92108.3649475972
0,16,0.5141437748735389,-1.5850407217362168,1.8812314600808047,-6.577141712698112,-4.95878913455223,-10.415641881316917,7.156112625612524,-3.217891161465163,121.85435003930621,186613.60814181028
0,17,-0.026561138532206208,-1.582091067924454,3.1773220286053947,5.942304526720745,-6.356969399784924,-13.713605873553993,-2.9927621063528163,-1.6745733963587277,134.7247308058856,-378263.255168705
0,18,1.9974486557895859,-1.0550379938479557,2.4218338031054825,-5.450051344412639,-7.127910052159317,-14.712217288372399,7.107770364262434,-4.205305940149138,153.39478490223388,766516.8811014683
0,19,0.7427038122120078,-0.22445752648449246,0.8107182360637271,7.506751583456897,-6.002343322438028,-10.507299422236443,-6.602639319269776,-2.878057867937521,171.67234948619398,-1553513.1350933656
0,20,1.769444221120286,-1.3447602027424943,2.11616640060925,-7.772290042660067,-7.518858623813017,-13.824307142199485,8.872989591463266,-5.672423200654669,195.52373586330526,3148250.2628405467
0,21,0.39448557811701435,-0.5795075368399147,1.6477158096826958,9.597749207311857,-8.284852154126778,-14.204906849793376,-8.627599090576894,-0.3530051012547101,212.0175022167985,-6380339.431641965
0,22,1.713630181426924,-1.3566914363120472,3.336548403348398,-9.79035511903187,-10.516349274398406,-21.770780596482467,10.3904405604573,-4.033996335580774,238.71119506783256,1.2930243868799856E7
0,23,0.682691058228425,-1.1018839680322423,2.9267750913404456,10.16337272883821,-11.198965318398512,-22.06603069372437,-8.775482247308052,-1.7476177527615577,261.52967883792235,-2.620448506226809E7
0,24,-0.09156215165487991,0.39437381212324807,-0.5430262557088619,-8.839976824992934,-9.921068104744503,-14.83087983517646,8.219586818003043,-5.728628352759383,291.5435536566017,5.310568960486102E7
0,25,0.21664277406595644,0.4347978303405262,0.41612475630245105,9.785214281141313,-9.745299898335938,-17.31424439588532,-9.431789004900635,-2.6940044607405595,317.9232985713958,-1.0762379184179966E8
0,26,2.3959721285067475,1.6576729973141082,-2.8047531466849707,-7.200785937295973,-9.431222375648963,-10.85911144715214,6.441433331146289,-5.5833383013128115,347.08058366245956,2.1810945454961908E8
0,27,0.4115374506358457,2.1784040974704224,-3.295093437889851,10.242713091818615,-7.534662797995011,-7.161567382188345,-10.004712127633958,-2.042080475443548,369.9319677444957,-4.420192958081027E8
0,28,0.6664797344128176,0.23643464252933954,-0.6082907143022727,-8.572139908903296,-6.978397827772211,-10.396545151213962,6.808976120483862,-5.255789862613095,398.5559824758303,8.957930155333979E8
0,29,1.9257584552106803,-0.004013249014172937,-0.9275069063267987,10.115824549138862,-6.739586706448416,-10.967700012977799,-9.858341529381658,1.1242013061905343,417.9142178457894,-1.8154080808408766E9
0,30,0.6170539373977102,0.4420541796904388,-1.2758767617409745,-9.353357132174056,-6.677625681677204,-8.13441741075102,9.193487731707647,-3.9348210950179965,446.91766594320507,3.6790930853579154E9
0,31,1.9539852915700298,0.03852813582704129,0.35750151159109445,9.550786622451819,-6.62391252105422,-10.967780334685008,-8.929950036686,0.6926770405036226,467.09693224456765,-7.456024540684634E9
0,32,-0.9260793695076037,-0.9936079369738867,2.29694064234169,-10.10882630383073,-7.972133166447031,-13.773965072905204,9.744816733994755,-3.180604594072484,497.57524534753986,1.511032688263163E10
0,33,3.2777212181441806,0.14841694037724557,-1.235673057582055,12.325737570517946,-8.959794061425857,-12.40703209904568,-11.2184561885208,-0.5151122330898741,524.7090068765896,-3.0622482945092083E10
0,34,-1.5127866575920799,-1.3672630000050234,2.2731035547085345,-12.855353290711685,-9.059696066954546,-16.86244627716362,12.771627196666783,-5.587421977344747,562.7267906074774,6.2059309246566284E10
0,35,3.387464681824639,-1.2942198490484422,2.775322969418159,13.262338518832525,-9.365791801239347,-17.548330278651893,-11.087800919787417,0.6590461311777723,590.0299001779308,-1.2576896190724132E11
0,36,-1.024495872684637,-0.45987987574668165,1.7306949564162861,-14.573554657417091,-9.447870963702131,-15.843247636614754,15.10929858850975,-7.798569243777923,632.2336068298321,2.5488249727048767E11
0,37,1.1174080519758476,1.1936981913932398,-0.5141472322767078,18.510757541894492,-8.193571182891958,-12.78629729599673,-17.06334620639957,-0.8056387505469218,664.249032332959,-5.16543084676844E11
0,38,2.4845425345319403,0.9597028537388351,-2.5528611526590996,-17.229509461417205,-7.897108757039264,-8.107977422379282,15.81733103270911,-7.378464373765913,706.575017626031,1.0468225982824463E12
0,39,-0.12360637977430977,-0.5505960225877103,1.3704444688707857,17.650683683227786,-8.783520709109146,-15.776034911756168,-16.08680970848972,1.0984059683560112,739.8775566705963,-2.1214833483489543E12
0,40,1.197666880635826,-1.5000023764993933,2.8290142132204883,-18.48475818349148,-11.341693989025398,-23.845795641934572,18.185450083949778,-7.589285499467225,789.7559674035863,4.2993832989841055E12
0,41,1.8771834534709737,-1.6508361656129575,3.9937116828383936,21.640728094881517,-13.47476720126463,-26.21731050491678,-19.827733853550544,2.43070281486571,828.0767065056386,-8.713100090370053E12
0,42,-0.5608697031495998,-0.7881508012189504,2.635248598499028,-22.21527025842473,-14.71615729448892,-27.558151192824283,21.313417869416387,-7.139166904620231,885.2523866613949,1.7657907634550234E13
0,43,1.8895951236382902,1.215828619236639,-3.0810230670414986,24.631729531486428,-13.448032408926897,-16.532849516857596,-23.551712833281208,3.834627720085197,924.4223554322265,-3.5785391973969516E13
0,44,0.9167291041232889,1.0289937554448056,-2.6055964148545607,-25.136909314813437,-13.15300865711545,-17.4387519468754,23.748434380925865,-10.136171194177905,987.2320413208159,7.252242480860522E13
0,45,0.6770434507663273,0.8074163847774254,-1.8025605433890481,29.092100924324626,-13.166062257647068,-19.01378980244047,-28.359068476222458,5.482452739618593,1026.6545363770963,-1.4697343832368722E14
0,46,0.9005739348000726,1.296940270142748,-3.200409382065687,-28.47996212415152,-12.244313840430488,-15.016770974558483,26.863846306815006,-8.669405784097595,1088.3817799260821,2.9785534101448106E14
0,47,-0.4326663128186532,0.9391317976504243,-3.4531522969022554,31.25999837187777,-10.216113795588894,-13.27143488002608,-30.221184678292346,4.026277974856125,1131.503352518698,-6.036315485503976E14
0,48,3.493767513778189,-1.2891974060198501,1.784158955768751,-33.11982944719384,-12.41060361574473,-22.177701950863156,31.06051539468815,-12.08738895649518,1201.5403515042033,1.223315469730263E15
0,49,1.0733891192239484,-1.1324839162239788,0.5877276204563411,36.07833475410423,-12.501258652123676,-18.8792185657573,-35.89269329847072,6.035659038183362,1247.2382420033064,-2.479162565436331E15
1,0,3.929276463486299,2.1045306411468596,1.3226809950957523,-1.614682764709034,-0.6687823796743271,-0.6525512688773186,-3.6189459415623,3.5580369544364348,-3.5699075389823456,2.040847749306168
1,1,-1.0752317220688974,1.7994760755853214,-3.066977941535593,2.496209849259717,0.39596862228273816,4.281894494133702,-4.4553399168047845,1.2595559455594565,-7.296457059972694,-2.9629363803556243
1,2,2.143319269230621,0.558893763119011,-0.8200613066528449,-1.4674011502030553,0.17193351471860496,1.333085560830208,0.5642342498234683,-1.3781158890955663,-7.470770263363373,13.203621516144095
1,3,1.2186853852673676,1.207600894850955,-2.6428043239661183,2.6147434700412058,0.04130320139693833,2.6045733027906492,-1.7596468410603123,-1.3071550746584195,-6.716645932319735,-24.914610031866165
1,4,-0.43998212188260477,1.1482137066072124,-0.7772528228806654,-1.4092203630332585,0.41851792053867654,2.499188381184628,0.47516856252610573,-2.713726568359303,-2.5156296147547708,55.80839539294307
1,5,2.1535782206164833,1.7173152277409605,-2.7865422658249637,2.8479072103086533,1.5764235987090336,7.6118709585549205,-3.974767157135539,-0.4107937890574672,-5.707874556636383,-111.93045416412367
1,6,0.5586028489732744,0.8333464166243967,-1.3022292748693742,-1.6023594810320354,1.7940536213209946,3.794028179411423,1.343863395562861,-1.0388236160534507,-7.988999694662541,233.1979678001551
1,7,2.4572443156887314,0.16835963124691322,-0.2371259990267402,1.6043743800046513,0.9101632079375523,0.4510033705067018,0.49052326699456605,-1.7991556957141992,-7.595401395640437,-468.53847008695107
1,8,-0.512492666398522,0.017929081278386466,-1.1448645968064706,-0.18160653543413008,1.0432805848399234,4.2420357776418145,-0.9769352893999881,-0.8404900908092848,-7.485319841560387,953.4453856220761
1,9,2.2591168655070724,0.9670324957981373,-2.7200918148055933,3.192679850953044,2.0142425292035084,6.788936801632459,-4.309804886941987,1.8849990534909815,-14.422093022693666,-1926.8961650063125
1,10,0.013730147540144705,1.1290629274973263,0.11955986953392017,-1.447334108334886,3.614742387644789,6.854258050991724,1.1764497306834394,0.26239915992636575,-19.815005413033298,3917.547572543745
1,11,1.2664132710462206,0.9686178697384469,-1.982384705084797,2.1327659193597617,4.673945966730486,10.330410895451944,-1.4061317496450139,-0.7803498062334899,-27.000040953434183,-7928.605017194425
1,12,2.40976447428027,1.3196980330767463,-1.719558242775887,0.26461607718210617,4.408171244313518,9.073214441493354,-0.34340740790421864,-1.0254861588952067,-33.879997117251875,16085.487702429786
1,13,-0.09794619576734895,-0.6830028069077523,1.1635179683144485,1.3337574805703385,4.0976647399613295,5.791998059895026,-2.0243810805261755,-0.9434995090645214,-40.644734936391295,-32576.87034085472
1,14,0.9271262427576348,-0.11290672357227324,-0.9648857886379901,-1.1870808626717988,3.4430509195942625,8.52690784107544,2.7428608656580913,-3.1388631262245945,-43.96099808769058,66043.88494714974
1,15,0.39857383027582927,0.8277018428236591,0.16089299863888984,2.51937341339286,4.577446817552532,7.953202622217637,-1.6847156241866814,-1.8120725838004392,-49.54234899377466,-133819.7182284008
1,16,1.7821916429631361,1.8649626516025575,-4.445951925167962,-1.2101044511637722,5.581927263228141,14.695362892157716,1.149877458332102,-3.5347810723977213,-53.04836488715299,271227.70345836045
1,17,0.7779984320403908,1.0605124862200823,-2.8199679781817863,4.038441115309203,4.586572388260524,10.103821884826017,-5.101010727185247,0.3116958925105511,-61.15800898422566,-549642.0662654082
1,18,0.3052490073031192,-0.8885345854469707,0.8406287405541184,-3.576348368019746,3.4695231239058124,6.107182977541381,3.34681959077196,-2.3308538659810223,-64.83888537318968,1113938.517459913
1,19,2.6615970279577303,-0.17990783564108018,0.24444400690458343,4.780299837146865,2.8333048118755184,3.138147942955689,-4.047717326306015,-1.7286745032185449,-69.97833729793366,-2257468.3819070715
1,20,-0.7427387119948861,-0.4072802653568751,0.43113990334197905,-3.485087057311432,2.0095442762855766,3.0455520230682382,2.501451555537718,-2.4643883485247913,-71.64806876721153,4575011.842671719
1,21,2.12206765349814,-1.3223938399852746,2.7596886160874714,3.8982206133905444,-0.03950790897717715,-3.0908420407674533,-4.4712946768536925,0.6235656470555296,-76.48744174674582,-9271650.695901595
1,22,2.504575027961252,-1.5758877545094745,4.373648893166805,-3.2176367215269552,-1.8210493974071125,-9.030033896607492,3.126491942920019,-0.051084590712047184,-75.70259032012227,1.8789908485306453E7
1,23,-0.8155187104392111,-2.105286593927632,4.140627509413261,3.2675462379220175,-3.1521993689140597,-11.016374543230416,-2.916546798195461,0.4826464967453965,-74.65119990486238,-3.8079458456096485E7
1,24,2.0125741381857476,-0.07456030756673271,0.10097989127740939,-3.1979700961759714,-3.3355151866391743,-3.9450042008285098,3.29110940753296,-0.9769192417484187,-72.37678580746751,7.717160914943355E7
1,25,-0.162257189726896,-1.1840043542589533,0.5941783677163761,2.9937707631143478,-4.596217364249248,-8.64206088830882,-2.7251437755697756,-0.6161254488766358,-67.97698918715237,-1.5639540679774967E8
1,26,0.7972799317662728,-1.6783892203246484,3.088531429312424,-2.3318397190478377,-6.255477821848637,-12.508818574822422,2.473062518391906,-2.328086112703045,-60.56646265323238,3.169498762323513E8
1,27,1.049183540724679,-2.141299597426677,4.840928472188765,2.410804714786645,-7.393495654537787,-17.990057085617345,-1.459352648629226,-0.39763543659886147,-52.55557322031866,-6.423283713616538E8
1,28,1.213020746453161,-0.8087293596856597,1.7247911512250587,-1.2627344164223318,-9.300851226165861,-15.696684596774238,2.6802775164027577,-2.037231888164189,-41.15824398091074,1.3017382094730003E9
1,29,0.052951833056765873,0.5034232664704908,-0.6561495630506073,2.3318412651462403,-9.04683256035902,-13.757777176147506,-1.7097239708902099,-2.3758022483049133,-26.74255730192846,-2.6380935238878856E9
1,30,0.018089824370079333,-0.35173945420171165,-0.3485663933324714,-2.2179794779967357,-8.407611813880525,-13.200367192102352,2.271892872414781,-3.204956996524612,-11.198359632396846,5.346341879518467E9
1,31,1.923444075108488,0.9029605799678126,-1.468130705918577,4.471211642785861,-7.786684053626344,-11.181223564290198,-5.128636660088962,-1.3119652994269986,-0.8656393909065647,-1.0834859018646772E10
1,32,-0.12608622680464499,-2.1833129170424255,3.621973868273928,-5.095574475428658,-9.850847485720557,-20.060757364423257,5.299879490631819,-2.4655467455095597,14.716350146528256,2.195784942824639E10
1,33,1.3287885416863647,-1.0342287753464576,1.7453242631368828,5.851900403539483,-11.117161671838344,-20.779406314479964,-3.9422105001074437,-0.9502882491021601,31.89003793472539,-4.4499623922173515E10
1,34,-0.2702913464654293,-0.8895247027350004,1.1216481940407461,-6.359652719406732,-11.808326069813136,-19.757914776044437,7.168954232864645,-2.4988734847733105,52.90986666528153,9.018262624519727E10
1,35,-0.6241290149574659,0.3395618948149335,-1.6567843023193403,8.28184594743617,-10.115257321237173,-12.533464957577296,-8.01720271695881,0.5849390104831192,65.80771749490859,-1.8276347893923447E11
1,36,2.443719717769864,-0.27083802021341263,0.5872828729131983,-7.769759062639216,-9.790151125459433,-15.574190072372136,8.075540698064149,-3.304104640526943,85.69810193607461,3.703871866983467E11
1,37,-0.8671944281905528,-0.6208721431951051,0.6647890290084039,9.381124584258737,-9.156448723300015,-16.448288035507215,-8.46192662936597,-0.032223330180751575,101.38706310877507,-7.506240792111492E11
1,38,2.5511839577171878,0.84699683356309,-0.9556057226271932,-6.985046679501634,-7.746244772766766,-10.441930658671215,4.656878377778538,-6.034030105192529,122.07612002654614,1.5212095030923965E12
1,39,-2.078841312180533,-0.1297211478918187,0.24950393790526532,9.051099301993231,-6.548027577685542,-9.930786714704851,-11.30049593493113,-0.19894114587886846,136.41636653331332,-3.082872527703795E12
1,40,3.502655924376297,0.7638787123759024,-2.2561003272964224,-7.3278380503656395,-6.3889720612564975,-7.8317094801011375,4.745452272634989,-5.125726578373258,154.64382530577788,6.247727878643353E12
1,41,-0.9705697445481143,0.992454709932352,-1.4298226677533388,9.932975748991236,-4.693140490666259,-5.515235455613818,-11.895486917738179,0.6606004580216027,164.48410768884654,-1.2661601573053406E13
1,42,1.6667709292369537,1.4941116429382282,-3.278289291701039,-8.495155356264641,-3.249157464945613,-0.3048395469009555,5.796015940369967,-4.19075075041837,179.34600671764136,2.565991309273654E13
1,43,1.3174672130946399,1.6938102064209923,-3.6667040680240155,10.122917088501257,-1.9003071764355774,0.3891308886342518,-11.263668637956988,-0.483245986190477,187.73287366672264,-5.200220020597194E13
1,44,0.16931493741471992,0.8694436767017499,-0.8782780716603031,-8.133525117309151,-2.68532744104,-4.191465229360789,6.356809796076384,-3.349568468471694,200.9624879167764,1.0538729482367102E14
1,45,0.5245642243952232,-1.443433054024048,1.2794965556715678,8.461827778450424,-2.5190588562353353,-7.497065555105955,-7.572883494502334,0.3152924526157013,210.0268663383858,-2.1357715377957875E14
1,46,1.076498401168712,-1.7223371147868507,3.6846963737559033,-8.698827245503454,-2.878178874036159,-8.716467070169756,8.31513959991979,-4.248708895164801,225.92205962778505,4.328339644059643E14
1,47,1.5492096237500195,0.4269892988859727,-2.0270723943209927,12.23007571133554,-3.440094263599123,-3.825490596739,-13.434228034677716,0.9575150885740928,236.33134511187228,-8.771782816096844E14
1,48,0.1794547559311035,0.5965776531085756,-2.4335169577299918,-9.949450351400397,-3.3319411822567604,-2.6497075653506683,8.101228397063593,-4.831777985734434,255.09942708765712,1.7776833636046902E15
1,49,1.7404323339681795,1.0473812823641562,-1.160345522610223,12.537276013360263,-2.131784696629563,-0.43146246225802143,-13.294594834008604,-0.5815175677142723,265.88487138401587,-3.6026406575389825E15
2,0,-3.932462903450306,-2.741384813778992,0.6912567900329798,1.4075931162293027,0.8484088398923744,-4.2837159111956655,3.1134343687519013,-0.536340843534874,-0.5334069691968049,-2.595056956318385
2,1,4.232371012249299,-1.724545205764579,3.2216588255532708,-1.5532657028842713,-0.19574192630046527,-3.073681629433235,3.860840335800443,-0.5291841183055372,-0.8070189621147891,9.70847729220395
2,2,-0.509909464041591,-2.6621263208981087,5.592800557501066,1.4309541259766458,-2.246342563964693,-11.365187013072678,-0.6279359522048733,0.8909562749935238,0.45053868527753665,-19.160221302368136
2,3,1.3831671042394031,-0.7568954554898613,1.9548138254455953,-1.500416699127621,-2.3991624081248646,-3.9897654109743037,1.909136998714486,-0.7195365383899075,4.688894261757611,43.61237115143901
2,4,0.9398163099500464,1.0684937072038823,-1.6280739494663128,4.332052213688138,-2.4877101979853107,-1.3804722251342925,-5.154162495253168,-0.9432593387335563,8.409703442635044,-95.21482343913445
2,5,1.3148269981810152,-1.1260855423356424,2.1006405628346334,-4.023509085766568,-3.1321683836139242,-6.22903500358975,3.729895210427971,-2.1965550157909686,15.029202020017259,193.82725430347824
2,6,0.8797152253181791,0.8635299131399001,-2.097282673746014,6.2366233388590695,-1.8779849073017192,0.5333117728579267,-6.304219530988482,-0.5405214231145419,16.645775145846745,-407.3527875204842
2,7,1.2286843832570489,1.4815787783812477,-2.8549511702608745,-4.927349075982311,-0.8412858269800059,3.6759331164719953,4.509669026084034,-3.0592406760724504,21.42314866382466,821.4091492868106
2,8,1.0034931455426424,1.6025232966136964,-3.5410544320596262,7.426367610141904,-0.025686580326721414,2.734091202157531,-7.179441395391631,-0.3294858319150127,23.103597702793213,-1684.6346111941148
2,9,1.5846031746360048,1.6801890466083467,-4.062342206292565,-6.028213919114254,0.6255945464754769,6.50767200714991,5.298801788991886,-3.6925198080369435,27.847304316457294,3409.5723855695423
2,10,1.1849814820020192,1.2524454952820374,-3.9024686716282844,7.64080343130372,1.916669574903695,7.52624117408746,-7.285259150237673,-0.6736586154936421,24.706399934485795,-6931.479318718691
2,11,2.146865685886494,2.747686829017753,-5.167350353249437,-4.757914129518051,1.8392107478651412,8.964856456881353,3.2264712352566858,-2.4166101794967396,26.06888997570099,14039.923384366997
2,12,0.5504769004585732,3.0312126230771392,-6.0706051919610875,9.114764046294265,3.8222267071440785,11.860901523220587,-9.796387197426576,1.430038615093181,18.410419461459494,-28472.8888925442
2,13,0.7140020836704581,2.2677486350650264,-3.4352167564976677,-6.086343601435389,6.065816186224657,13.611593689322037,4.113343162197881,-2.4319557121924484,13.435336819002613,57702.3727213302
2,14,0.25008088884927016,0.9788061325802246,-2.6711901081531737,7.133858755966649,6.316849051936748,13.30956027964594,-6.787109288816169,0.19007753785800677,4.454395207874972,-116950.91352129716
2,15,2.4991512041155843,2.150715121135996,-3.74679166089804,-4.966847600905013,7.615971813618901,16.96516728780736,4.6373278398465905,-1.7812558567147518,-4.679926914927479,237018.19900253238
2,16,0.7114355528432821,2.3226087246016895,-7.107388907947575,8.862659844489043,8.816740072600862,22.844854860535552,-9.244882401660758,0.9490354638481823,-18.283517733905107,-480343.4594295823
2,17,-0.6000931672529468,1.6821503044933204,-3.9654576830954777,-7.3248917972601175,8.836179849064875,17.16697480621023,7.024810203445035,-3.295771977576488,-25.705506128015642,973482.5486553402
2,18,1.696027613615903,1.500501573262935,-2.427974081268595,11.584795154836748,10.046707463694712,16.97130935260468,-11.747305328657404,1.3119695721226239,-42.563300701374246,-1972846.7190615216
2,19,1.4895636764510596,0.2519732113170865,0.31482290196059315,-11.033371207351168,9.242478985980123,13.600203400276055,9.139746902490339,-4.45470424445707,-51.261351995794776,3998194.385348917
2,20,0.3309351585781371,2.1205541369031904,-3.2518515397721757,12.806406068103316,10.445072520047193,18.959241739899003,-12.675411394124833,1.222899702170286,-69.23648975271395,-8102693.085151076
2,21,2.2442394562568233,1.8053700681454903,-4.758532674291066,-10.312930515223412,11.124284649524244,22.45484495853232,9.556879499193315,-5.1874807128753435,-79.69301591368982,1.6420913474573122E7
2,22,0.4530414725583947,0.4962903559755897,-2.130384548874054,13.62980856184938,9.788872245632472,17.64008944075475,-13.971502643947254,1.8392235123324028,-98.122148350883,-3.3278474725944165E7
2,23,1.92121351041428,1.6018429818598736,-2.707994094246505,-12.180190004887564,10.890355334029945,18.572033152117328,10.445713747839577,-3.272357662805712,-113.28413223420584,6.74419948704413E7
2,24,-0.1412179471915661,0.6071471525506775,-1.4215560241634135,14.02345152686056,9.09571180262428,16.217399802840667,-13.579953330839103,2.642085948208847,-135.84832360366056,-1.3667742075098044E8
2,25,2.951558638242125,2.5150235893350126,-4.791960557601123,-10.011681476631749,11.135661849270681,23.998948759962566,6.76978929926497,-1.7298177515335151,-153.48955671278037,2.7698959181069404E8
2,26,-0.09194304268482673,1.2631015236542769,-2.3695115959857134,11.019256758921408,10.84023919717129,20.12122308079234,-11.804020430571853,2.480899961506854,-176.58554246456694,-5.613450903566756E8
2,27,2.3474183580702097,0.5426883209670431,-0.8065623698005505,-10.741543870581715,10.50997085667894,18.79132290196148,9.346269937208016,-0.8867017174175043,-195.6902219248244,1.1376181435086493E9
2,28,-0.2613306701142737,-1.1960695589636061,2.2166475401188914,11.692054266602492,8.626682078353683,10.77218915215289,-10.347397298490224,2.5286179560046893,-216.0615046504842,-2.3054888656238675E9
2,29,0.38172420619651803,-1.988487214411377,2.674056829479385,-13.112225593125956,7.580962206796189,9.224132463592007,13.307142041534988,-3.5065150129466907,-229.07117072945337,4.672287728329537E9
2,30,3.3557061606741847,0.8313059741092335,-2.4377555578935777,15.980501306302967,8.195454301465361,15.989672493812582,-14.336593369376061,1.9941678301845296,-251.35650248294291,-9.468825484455334E9
2,31,-1.3559068492047874,-1.6189359333992073,3.3869499865208557,-16.919619524785627,6.729365410837975,4.793409782237946,16.17475555017518,-4.748411647808383,-260.6486158734281,1.9189455584790276E10
2,32,2.9002089132082673,-1.2432814751534775,3.8498054587409554,18.56487779056019,6.228514265628174,5.471046047994058,-16.458413071978097,2.9263499157661133,-282.3315393377015,-3.888921620100262E10
2,33,0.2809667382287628,-0.8812947143430628,0.023360091504713187,-19.35098996247376,4.812419555261302,7.097945545198023,19.378750615744366,-6.6539952273560665,-287.62964496667473,7.881261342867546E10
2,34,1.5993294507891178,-0.23401255824875394,-0.37965442386723397,21.132636795095074,3.97724921898183,7.590516518142196,-19.270310842231652,1.278498713475307,-304.7584307573819,-1.597210904043299E11
2,35,1.8450543069432448,1.2169094849306943,-2.5730192084227324,-21.116841286219593,3.660782108538947,9.904005661745241,21.44706469146903,-8.233872036878706,-308.28763239713055,3.236896436530254E11
2,36,0.6224577539584091,0.16453280331914244,0.250300155974887,23.299175667900442,3.086136516950793,4.217016011523812,-21.729565587960895,3.053941928580775,-327.3795993328003,-6.559871652438927E11
2,37,0.487005610455732,-0.5429962269036622,0.6625874571000354,-25.627567405903157,2.8738143000519605,4.255959660518555,24.404652773714137,-7.648606184840242,-330.72233830252134,1.3294189961411553E12
2,38,0.8065101115955845,-0.4122440539870599,0.38570643147698985,27.99357962260705,2.3310702085915627,1.5001441876370551,-27.25505244710105,4.599937775219749,-352.07884170350286,-2.6941912289811104E12
2,39,1.0319539999631897,-1.1231710355594462,2.203703053992968,-29.567221451745553,1.1558398162929338,-0.05317491227911747,28.24589084659587,-9.122143289005747,-351.427304853271,5.460029080447601E12
2,40,0.8039003723441502,-1.3172375562591594,4.014014004482933,31.963826493972835,0.45336151654337686,-4.2411360969134275,-30.97975956410797,7.3473138833214735,-376.08978706230016,-1.1065256703753229E13
2,41,0.9497345582894737,-1.3092932049262371,2.3346843998846283,-31.715044351032326,-0.8205537279259003,-3.476944608820508,29.91529264051465,-8.872685044247545,-374.94873524633874,2.2424771758362273E13
2,42,0.5275187120686624,-1.597652150443082,4.624679986199571,33.72181145965411,-2.5046553869436385,-7.948184524247616,-32.32149679169675,7.495545666529788,-396.8937434770444,-4.544588542955407E13
2,43,0.18634519412054384,0.7639490517083856,-2.2073985544443993,-33.7884128606663,-0.743611542767179,0.5910739179000781,30.715524516399917,-7.413939044721085,-399.0492518524325,9.210031320472142E13
2,44,2.401871998206523,0.3362858330313722,-1.1017845986665518,39.55045846020853,-2.2723004215021643,-2.660365992474622,-39.61830110553551,8.754034842610178,-423.99351363244233,-1.866498498642978E14
2,45,0.3700846442049682,0.2787494221124485,-0.20939384720667964,-40.315249359975674,-2.9273708628371766,-3.613177502858031,37.858574263170134,-10.436497726828145,-419.8695154072812,3.782632788336411E14
2,46,2.590001385528918,2.1632218860224603,-4.59402037376155,44.23932037329068,-1.6574980526517893,3.194260340511194,-42.88589596627991,8.162038603075613,-444.77713161735005,-7.665857123264028E14
2,47,-0.03541126996806012,2.6694530978970095,-5.920858608306236,-42.64006699484872,-0.8623518966803113,5.801852168727304,38.51342799488695,-13.35067481279958,-438.5921264724158,1.553557237052542E15
2,48,1.090363501336013,1.2909275871646566,-4.320613503042557,45.98057729723593,-0.5004117089548251,4.623600678340689,-44.2524855631691,6.912388542783885,-463.32129282544844,-3.148428218774422E15
2,49,-0.5796021646942617,1.433356768332804,-3.0587668283042495,-44.66326377773152,0.4907330157267216,4.413435739820498,41.3021853103408,-14.036106797836453,-459.10631764504114,6.38058258322213E15
3,0,2.1449284493689182,2.4433557251991833,-1.7456797446688668,-3.795863999019129,-3.3080901035443646,-1.6660375760106336,-8.441981165642346,4.201267103978822,-8.268465689040246,4.385271138416703
3,1,-0.22641056606423432,2.3252503213046696,-4.361963011550867,6.6853439442800155,-2.7853455818433215,1.0838573275406787,-12.487105832252169,6.017504547124789,-14.192650897230836,-5.826097879789442
3,2,0.3997247808478246,1.2579021435040016,-1.934311794984414,-7.2381345250079665,-2.46906573939709,-0.6252019696650934,2.914105039316145,0.9748196347694831,-13.803567356691405,30.41895685877258
3,3,1.1365809114783878,1.340984850259673,-2.7718052494304737,10.593128755140848,-1.4360140964877688,-0.18179525483437842,-12.691055921843793,3.620241906557328,-18.09711756787026,-62.24078229076565
3,4,1.1193440574104807,0.9641695107000968,-2.45443540992731,-8.627601915269567,-2.3168758042067887,1.1022402712202501,5.447104516346442,-1.686168755822597,-14.735734696420845,146.70797628734272
3,5,-0.3933369802375941,-0.09239955616364293,-0.3417653495811398,10.14259701295209,-2.649941496535271,-3.1930555603947446,-10.76577486358819,1.6746112380223135,-14.206942023783856,-300.53518545336044
3,6,1.1155532255435145,-1.0379197151224004,1.781843232745579,-9.917615189514812,-3.4108002084089963,-7.51274908653216,8.379611061741324,-4.9633366068777365,-1.9965185119141335,625.4614541992172
3,7,0.45854376044091827,-0.7378954021729531,1.6003785271411015,11.456760554149312,-3.607380269886274,-6.7131738140108395,-11.772716593453353,2.083831549477977,0.12071194899695592,-1279.888295271318
3,8,1.081780584945637,-0.5279210808807083,-0.22298126453099798,-12.534153791209468,-4.450328149252952,-6.879818522414476,12.967904425294968,-4.908867138327529,13.494341995713217,2608.0047363945537
3,9,1.2556158599408964,-0.019978242828228965,-0.6018158419151673,13.415506255281539,-5.021655961694093,-7.781575567176502,-11.742801969761976,1.7048513610703897,16.345025017497143,-5307.0447175480285
3,10,-0.7809538199542484,-0.12608351749834212,-1.7058030024947444,-12.94449726616285,-5.199394663603487,-4.943747076445417,12.195181263832309,-2.94393854800907,29.396829439577125,10760.224385748475
3,11,1.279958749282265,-0.742765489475776,0.22533084133580028,13.663307507143449,-5.816947080685912,-8.893084845550188,-12.972372628464274,2.7408688236620673,32.39870888466272,-21837.18530291894
3,12,1.2175366665440155,-0.10323949538733188,-0.3704605820486286,-13.464819847223282,-5.922898959557781,-8.75694615249373,12.173468904751799,-4.739664219019546,47.91667951815397,44250.59741877535
3,13,-0.8501342945996891,-0.26675364685844444,0.4491401702921102,15.66380092836721,-7.405973503566878,-11.126503137810722,-15.711166267870631,3.082805880515764,53.2263926139434,-89720.04676325094
3,14,2.7970426382217695,-0.4909868404634956,1.778509318544724,-15.714471826258567,-7.255714451834607,-15.56375466228812,15.234378013790542,-6.057089819420492,71.94430929629537,181813.3587506227
3,15,-1.943139188519646,0.9513684233115522,-1.4847333221209453,17.40075084100202,-6.77463012516616,-9.779585785418917,-17.710148722979035,1.9824835538757002,81.24181332959509,-368520.85690139764
3,16,2.9663154309677475,0.6356346685896894,-2.243390037428005,-15.496484313657362,-6.607944692801412,-7.712993775510401,15.107236822034618,-9.159964811805395,105.43507510475806,746807.9228114383
3,17,0.2785241670901317,0.39775364420713516,-1.1203389880109345,17.47743311892079,-4.773622433882884,-4.832132687885743,-15.279445671763877,-0.22946215878196174,113.78576429624312,-1513552.8756988584
3,18,-0.6327619406278324,0.41693432657051,-0.16643358477665793,-18.08429271259588,-3.7799376592407636,-4.608724634393576,17.09534279811202,-8.268065825103147,133.5179709422667,3067311.595597982
3,19,1.2411018375220597,0.08969541305343331,-0.8230587464205106,19.942660227647075,-2.5600362771450835,-0.45854981832153063,-19.80696120909697,2.604303268630312,135.49800030346495,-6216286.331187616
3,20,-0.4358524728550158,-1.655215507084318,1.1537074468307396,-21.79651734281671,-2.7869960557029794,-6.093231436871284,20.86053723491921,-5.217696398105079,151.0130727643162,1.259783141696892E7
3,21,1.569369633194548,-2.3250437351121174,4.5945734108416225,23.14911192707732,-5.595008230875902,-13.594343943606868,-22.582960163322234,3.706583645750068,156.74427514792285,-2.5530785122790452E7
3,22,1.445609226333957,-0.9308974235442051,1.7108947938256813,-24.95065994975448,-7.155908697526032,-12.072423030779536,24.372922575260215,-8.709369418652402,183.6914345187323,5.174045048923401E7
3,23,-0.23998233640122268,-1.0365954258692587,1.584540229965308,28.74930463797197,-8.172402810659495,-15.888120410453372,-26.870942330110324,3.295778659186922,195.35700192301252,-1.0485696695322965E8
3,24,0.8089768044965248,-1.753395156834014,2.5558236826682292,-30.824334405940903,-9.415133199218737,-17.313017880899622,29.662954440035342,-11.129695135935963,229.72072431912213,2.125023170195024E8
3,25,1.536254638927583,-2.0596553095751196,4.21643279121606,32.18788714570906,-10.36632493792455,-21.24676641540295,-30.266161345005756,4.044374156252988,244.0562707526667,-4.306558702916328E8
3,26,1.4914703601347572,-0.06864990748941158,-1.6119273066493562,-32.918549998626155,-10.27247975315953,-12.339639185154148,30.558433925563307,-11.36643734598196,280.4803945191748,8.727640709412203E8
3,27,-0.7817796298595141,-0.06527905675650073,-0.2562331254152612,33.72574477966381,-9.983381479582494,-15.977737334069943,-32.54159261415404,4.275462175751242,296.8264472786054,-1.768737745800492E9
3,28,1.6879560403943985,0.9963066100125233,-0.7343907627237247,-32.71494609859924,-8.684103793724328,-8.907377632374303,30.738976146594567,-11.209150299888252,334.31477018630585,3.584511400896191E9
3,29,-0.6644429601460662,2.6654538277247766,-5.809358061218012,37.605906975724245,-6.120004336840881,-3.5337243630102053,-36.4918884087188,4.895081944846671,344.88331359809234,-7.264345930418769E9
3,30,0.42054054748539227,0.7523532398537083,-1.7297018236019324,-38.68286972335107,-5.130778360920663,-4.846946366913391,36.11981430785453,-11.339086230061683,378.542776030103,1.4721872449529306E10
3,31,0.3652230733609928,2.1798139614248195,-4.199732018404894,43.97459834154688,-3.7708479604205993,-3.4857112834981017,-43.706664210087666,8.423986613354426,382.88620401444246,-2.9835243877404156E10
3,32,1.3901152579394178,1.5722393588506405,-2.563476907652043,-45.461449982391294,-2.2164584791610045,0.19554219158828057,42.61912353531736,-13.601112105081297,416.3439597449037,6.0463896178189835E10
3,33,0.9183275728500432,1.2637269615795228,-3.291313342939028,51.435134168063286,-1.233010591812232,0.7642732844452611,-49.90173345293579,8.9012966076365,418.91904546049955,-1.225357089172533E11
3,34,0.602853478370825,-0.14652782225000027,-1.5646099391768145,-53.52633845813134,-0.8012064614936782,-0.20018818164169727,51.68806514249044,-14.085090525622322,454.5604596356868,2.4833000953955286E11
3,35,1.689877492198782,-0.1644899459762655,-1.0213105198787595,56.36901722126669,-0.7533984137438142,1.1313282940574279,-53.35526515244145,11.38400228634702,452.53870215980896,-5.032638588598812E11
3,36,-1.1232709684924058,0.13569630857306592,1.168567723962823,-58.529980138817265,-2.7109168701798456,-5.744529488426765,54.68147369184325,-15.537830075237054,494.55581602341636,1.0199110123806066E12
3,37,1.5564098288555566,2.4601733826304155,-3.514663691079053,65.34114278857169,-1.4529178639564087,2.6566907083131137,-63.4195881176086,13.570649073991692,491.3284871588901,-2.06694451672336E12
3,38,1.2557740531785733,1.310120236802021,-4.251020633796083,-69.00066693376635,-1.9020024739127375,1.5264095235916755,66.00524572059133,-19.97940435784119,537.5992315698066,4.188855284877913E12
3,39,0.37479680694324125,2.690719019893796,-6.321056398983303,75.97590045753549,-0.7354612106890992,8.49761213343172,-73.04452412438306,16.18942864945048,531.1729238038286,-8.489104790803236E12
3,40,2.2460960973190973,1.825142486051487,-4.197932144315951,-77.10119171233767,0.23683646367667419,4.474386669660804,71.22142669433927,-18.757369212927255,574.7888034860293,1.7203960329062582E13
3,41,1.1116950148515454,0.5470149897889276,-1.2285496949347199,82.41404031386503,1.0652704733441414,4.173891662399473,-79.6857595929739,20.44266317020378,562.3561369441327,-3.4865425543046566E13
3,42,1.1436684941693667,0.5598263289119155,-1.3441806123479083,-87.16201343494517,1.0024341986965757,2.83998537825631,83.14574028415625,-21.839777616107998,610.2858063570558,7.065802728147022E13
3,43,0.6406131506321882,0.8423395367005608,-3.228293504308966,93.35971708685766,0.19633818917886336,5.391990850827552,-88.59404170845721,20.955462418417024,598.0056967057769,-1.4319506334935756E14
3,44,0.589579635545632,-0.21526316504939702,-0.49588003578719486,-98.03637179182563,-0.8188367806241368,0.8952059640211899,93.34049121593183,-24.38463245992049,655.5876451858198,2.901981127475789E14
3,45,1.2029184726660722,-0.06195913688509796,-0.03352386902939723,105.1695669315544,-0.6557079480335065,0.0188991252339058,-99.94175249628293,24.450587849731733,640.6575068715898,-5.88113463359597E14
3,46,1.199726399136897,-0.23417854732969318,1.497316382304163,-110.05569061508614,-1.4812126464824682,-4.434815262448221,104.49904642799932,-28.9002739656526,705.089842381296,1.191866626938855E15
3,47,1.3793730079945208,-2.0041746916163024,4.1448424632567695,115.90098449295739,-2.619166197008103,-7.467946234753664,-110.15162054183784,25.462598634554357,692.3274156651855,-2.415428560836395E15
3,48,1.2209516138320204,-1.5956220150715583,4.146563772005727,-122.84824230350833,-3.7248179210146253,-10.15953315081735,118.66713503409024,-31.719746639737597,766.2885987959221,4.895090608826967E15
3,49,0.2491751410027082,-1.4711692824469536,2.3597929605241603,130.28311487965658,-5.536074910456811,-10.156188757083193,-122.3235498502043,29.46693104057649,753.3991626766285,-9.920356352965866E15
4,0,0.7480814561420928,1.91009210308725,-1.2422164277246184,-3.6840836944112,-3.583116323798548,2.2761285270314153,-5.999325375536534,1.08762195694199,-5.396809510777331,3.7792452014740268
4,1,1.5960176568536415,2.589072942337626,-5.38084919504594,7.51881148647831,-3.034129788904833,0.9377512662961269,-11.950193096290754,2.4538153447495326,-6.429693488793018,-12.118110745299987
4,2,-1.2711723348136847,1.1700625027988714,-1.9539306070125013,-5.425690562007463,-2.9187788813214532,-3.2061874136633706,1.391303555100925,0.03324433058308296,-3.797633988191389,35.051105530341616
4,3,1.4576265405987474,1.8150852684959644,-3.4910929449414367,8.414504732868732,-1.310583123002028,2.629604681276359,-10.77149245349317,0.7363579684730155,-5.496296495182922,-76.98451219100471
4,4,0.8221186780036106,1.9436740182742631,-3.7612275925309655,-6.61490125740689,0.44271393242384827,5.415482885447775,3.8455914858107336,-1.383029526209978,-5.835959424724911,167.99713027815875
4,5,1.6834951716054052,1.3316207122526609,-3.100101476705677,9.659939830962632,0.11593054871524355,2.945029104089767,-11.5512348733989,1.346008928862453,-9.024109340789048,-345.1714862873288
4,6,1.2358141940764873,1.869000900830665,-3.1180480838581293,-6.982208197430641,0.2724631964146089,4.57950185102848,4.571506612456556,-3.7445549389972674,-4.16900035923839,711.3461362345536
4,7,-0.6046873792388244,1.8443722578280843,-3.597438948550288,10.029868257645118,2.5541987278523726,7.548148954331113,-11.639070730815725,1.1137541243784193,-9.04409748265235,-1449.3776826383203
4,8,1.8590065644378495,1.3480640361008815,-3.870242047412596,-7.561221850550697,3.7215185364755428,12.367041411568177,5.059988136609897,-2.1946265474942477,-13.289164340703303,2955.3913406071724
4,9,-0.6062340090808735,0.45445814415577984,-0.7807600310450005,10.95448643235739,2.873873419314872,6.834285290147995,-11.64596466253596,2.490393862566819,-20.790753374622458,-5991.6882036603565
4,10,-0.4217468206755792,0.942189729714632,-2.570895898335491,-11.033822324771403,1.9226650647301753,6.294084464767492,10.155873625291553,-4.394322606970676,-19.372771075949824,12166.564534049594
4,11,2.9737373875474438,2.304501666806382,-4.165565652495442,14.617112056545484,2.890317230061138,9.02557662871735,-14.559231189529374,0.40683806768076014,-26.930790778587,-24659.76289939994
4,12,0.7513093255836181,2.6424941172413186,-5.034070648960637,-11.784603775628186,2.9383173865698717,10.475125766308153,10.306129603819237,-5.191888713577694,-26.15653343863462,50003.849080387394
4,13,1.8362902587339942,2.7683404221757555,-5.000177698438482,16.05367234208404,4.0399378711610625,10.713265739133734,-17.063639622607045,1.1207919254591063,-34.60833204946177,-101338.09304567584
4,14,0.7410933986674557,1.1458389697747309,-2.7115496987434926,-15.12877663595621,2.8277047914166458,6.762829311024435,12.825594218473476,-5.447684541662575,-31.272541496479324,205405.69173159095
4,15,1.823678950112264,2.3776643746172192,-4.55010521502909,18.955979186418173,3.014186112069386,10.584041257894995,-19.878813412222712,2.7878315890789973,-41.52934253602147,-416274.4387282459
4,16,1.0882449668057683,0.7529978371739783,-2.2715462710920526,-19.367578865797725,2.456216199301115,5.294406787782591,17.675033484663,-6.42782166254018,-37.29472548984688,843661.9452770806
4,17,0.5149755895506716,-0.6592859240964037,0.5446132819092928,21.12320793823384,1.5068402647852064,4.218770243710524,-19.889550974208,4.452821243831721,-48.53675744885503,-1709759.6004635508
4,18,2.156607525497981,-0.9591245613089565,2.4051186438667242,-21.3714496631301,0.4099356701181131,-2.1200119464320952,20.33571925111589,-7.19268009345329,-41.86473016884689,3465036.0460493825
4,19,1.791331501779753,-0.11701548703995585,1.6522789061055685,23.654131489981236,0.15362219612275582,-1.6978628768907444,-22.605405743576643,3.6319290285975425,-50.586849981611735,-7022220.766644062
4,20,0.5883877707770103,-0.6555351460961774,-0.09498518778434084,-24.794324553191252,-1.4762914645368577,-1.7643359254343434,23.914322368425964,-8.051194442217966,-39.35931343165478,1.4231237695292607E7
4,21,2.467490625298648,0.27297918611194666,-1.4815674639677312,28.057775995777064,-1.7738902260577896,-1.388331649102944,-26.22071931941353,4.213722670981776,-45.22394006054,-2.884093488754195E7
4,22,-0.7294672141594745,-0.6906575605864331,0.8097390843994395,-27.981284873856584,-1.9542353787279068,-2.7674554937854356,25.129041715518177,-9.278074210288233,-30.505564142309012,5.844888862992607E7
4,23,1.904035307663525,0.7803324420086879,-2.080353753120437,31.46641537574404,-2.9808698438353822,-3.8187993796232753,-31.107837620919156,5.516387520007177,-38.089339676069244,-1.1845212529841202E8
4,24,0.6285510934387754,1.341308612607897,-2.37562338084189,-31.475353277703906,-1.291965847719791,0.04467522778460198,28.85226581636943,-9.765762746431866,-24.4332468635461,2.4005430254022744E8
4,25,1.411746663715056,0.2088052191300841,-1.8857779601791975,34.41005847770758,-2.445696849848653,-2.4215753427032833,-33.163875350741364,6.2010548837131365,-32.07855687165926,-4.864923910976286E8
4,26,-0.3060915046855881,0.3322390844663728,-0.6315011868568383,-34.71131760826106,-2.0273432276502534,-2.346267683803089,31.877084702306345,-9.13281621222377,-15.721096967767439,9.859221264560674E8
4,27,2.10534822462054,0.7013704657839399,-2.3861858835681184,38.27500443918834,-1.327722135559965,0.9678604969078857,-36.629537537975196,6.952452720098984,-26.049049398309208,-1.9980629085323129E9
4,28,-0.015037207342094183,-0.816428402057106,0.2707419566557213,-39.16093074651213,-2.3487551657541346,-3.478414366491516,36.4457297841059,-10.85739607984151,-8.401496915720442,4.049260355292106E9
4,29,1.679692078798574,0.38919151674846353,-0.8154645799259048,42.94757395999524,-2.1552856905720468,-2.775300575454285,-41.60016697645398,8.985215636993557,-20.501825121898804,-8.206202722077254E9
4,30,1.5899665070715854,-0.45414448380553873,1.5601726977151755,-45.55107982625646,-2.7645160430856914,-5.047448270894458,43.58929482582806,-11.90978354760485,-1.1216672125696556,1.6630633036465616E10
4,31,0.3924700621346797,-0.7853764103284986,1.1442239961230602,48.746807732370414,-3.5302664596572595,-5.60863130894426,-45.75952837440202,10.612807349141287,-12.551435404828718,-3.370352451616856E10
4,32,1.7901771145441,-0.9715271121270758,1.7856373397998886,-50.90196801734515,-5.5965044593152715,-10.978676754627296,48.52276593138235,-14.138417530809267,14.009331951855295,6.830332685595575E10
4,33,0.4117535457586322,-1.264846580290679,2.1610948809571875,53.36847999014105,-5.951969956371992,-11.695566543760611,-49.79018337353647,10.417962910001496,6.848962601499246,-1.384230440187286E11
4,34,0.5533908788353524,0.6624591466516568,-3.508963251247121,-54.48869886298677,-5.829382218720676,-4.946416649999657,51.892672328283204,-15.558184297246033,36.9127695819558,2.805271718364889E11
4,35,1.4337107547880499,0.45180869554102354,0.6838095823505781,59.074001220409656,-5.382647380050812,-9.903471437942551,-58.103794758088185,12.80710459114515,25.123046199494233,-5.685144023069219E11
4,36,1.293943796304736,0.019369245257184142,0.3227488668328081,-62.57450050425566,-5.749999178203166,-10.673397378356636,58.786297294262496,-16.362347697652314,57.04048369534129,1.1521473070912864E12
4,37,0.8587901467252147,0.14975918830043983,0.3972335497912954,68.05793351512202,-5.376300977319937,-8.01133706999596,-65.71013249603268,13.416652021473016,45.03931070291347,-2.3349336654487046E12
4,38,2.007573046161824,1.2970455948926987,-2.2466243128812,-70.56665033567005,-4.367438953370011,-5.013142966398932,65.19733400084132,-20.0301115670024,79.40891684551111,4.731960217498802E12
4,39,0.6710624378540717,1.3374295193875168,-2.0636091216414707,75.79039066126033,-4.248782267894998,-5.545036526401946,-73.58564524191387,15.066360140442523,65.44941920843333,-9.589757444244404E12
4,40,1.2203073315110096,2.159781731077434,-4.62203710954524,-77.19518330779208,-2.9917217376139087,0.8120451160461983,71.07657650418653,-18.891842023606394,98.27354471286722,1.9434535290129695E13
4,41,1.1372214356970327,1.4261745312523253,-1.5031010994377956,82.88953793504287,-1.8534492134036662,0.24324669134491628,-80.93219323010443,20.30485146887275,72.85299078991372,-3.938589314064702E13
4,42,0.38977211072578405,-0.2757630954946261,1.0504551971738505,-88.58600942961154,-0.8391488607947688,-1.682044553760767,83.8110914730035,-22.173961273107796,108.70314150667454,7.981917526321786E13
4,43,0.9637827753238117,0.8864718060879583,-1.6330407737055939,94.76466994255863,0.6293861614793292,2.2429633002200724,-89.69583219941022,20.593616271525438,80.33882107012704,-1.617609817035518E14
4,44,2.086490985110924,0.8095404333815366,-1.2948966106663948,-99.64040819882005,-0.5191304583537002,0.031199082108529508,95.9903599118805,-27.28189844464138,122.82678970699187,3.278236728879632E14
4,45,0.6001135479908537,-0.2007334764399401,-1.1403275310721204,105.5973513860551,-1.5197517087073757,-1.3399054094529834,-99.20476569096385,22.683319995767892,92.95607988165203,-6.643651600897986E14
4,46,0.8672954912076426,-0.4461655861605265,-0.30856411970446196,-111.70703241454521,-1.6056944789367866,-1.9637507541218908,107.31126366395623,-28.362152709917726,140.99960285604712,1.346397781626627E15
4,47,0.6285421460911345,0.8927070459265353,-2.29466763380314,119.24192491695462,-0.6253201040221459,2.525454064368611,-114.83231839195048,27.126114742915927,103.83145087534096,-2.728600316916265E15
4,48,0.9103798907868027,0.6284486015784954,-1.0529880973529566,-124.05719546663856,-0.7946733557968321,-0.3268141620806866,115.37397185237252,-28.76393803298894,149.9808451790389,5.529762296904735E15
4,49,1.8033940625024278,-0.6899316809660638,1.63420334210231,131.83431688143583,-2.3807784363184226,-4.999970219298495,-126.55286006417415,32.46214794179367,107.62137689722626,-1.1206577552122918E16
