0.0,-9.499188871742954,-10.251257345369552,-8.081802421141413,1.8948032218214435,-1.0494895742949872,-3.8676501025056798,19.15507157541163,1.2436541101667515,-2.4542041772362664,-5.411409714206618
0.0,-8.358126702996461,-11.980419041051174,-7.224431550376192,-1.2842362314711622,0.46151367270109445,2.550429246556972,17.361279490254475,-1.5510435340931847,-0.3663024465991213,-3.269607887637829
0.0,-5.462175061101725,-11.605601459878402,-7.576973894295314,-1.9966388007043627,-1.6953947410423476,2.148888997995073,18.18960852945825,-1.4191919025928903,1.8810981957819723,-1.5860068773520808
0.0,-14.848200042987424,-10.629417844054512,-10.492633720907566,0.6845410239664727,-3.6053427129519378,-1.1405977968805958,21.29633689851764,-0.21862051966118135,-1.1837822152351318,-1.7316646164847567
0.0,-10.46061977809246,-11.126695594396107,-7.83854657208697,2.0207888498754953,-0.09979190608357658,-0.842123315934308,14.472581153005518,0.575913117324708,-4.194046890858736,-5.674394626118469
0.0,-7.938149018706917,-9.029186331178263,-6.506582762393305,-0.005038446482339143,0.039693704523413365,-0.30548360163613575,12.69264128876116,-2.5874959546501497,-1.6930377994720045,-4.146034966668499
1.0,-5.715062826842506,-16.856054696574358,10.879536406157255,-0.6356694963485312,-0.39483494984678136,1.1083768564131662,23.23363249045233,-1.0336738626158175,-1.384115089228528,-3.927572361351196
0.0,-9.316854034694535,-10.730332653158563,-6.855830754597436,-0.46510611392628154,-2.029314982007199,0.9601795756023547,18.40984604206464,-0.3334396178716894,-0.2745559215913988,-2.566246405884667
0.0,-8.43355938626625,-8.616957775238685,-7.188771561647878,-0.987136675418152,-0.941109734786468,1.9249113067439447,13.20849050315633,0.17593292841286756,0.3089414163676134,-2.6116803694271415
1.0,-6.752733108881767,-20.120805363417173,12.513146065831208,-2.1596573625609934,-0.09879589870912997,0.7464082821415914,31.66711802079664,-0.5816530878752442,3.2665515942367276,-0.29921539281982884
0.0,-12.980347906479338,-7.270893759839533,-7.005945662672841,0.5088501391801994,-2.3962341065545365,1.1685559760730428,12.780799021084958,-0.518050239703501,-2.821284860669295,-5.370798361864031
1.0,-5.753864030339266,-17.37527576116193,10.123513211929957,1.8404337812172737,0.1960592537869572,-0.3029610950017302,26.618812711782276,-1.8568230484397208,-6.624770321234886,-7.462050620244395
1.0,-5.724062038558068,-14.884285721073496,9.521003759080916,-0.40948117682491364,-1.4278365909043798,-0.8169917237473641,21.97714006815039,0.2985783801036588,2.2500682865809347,-0.84973813654929
1.0,-5.5470371120952535,-15.546824605504831,9.706615219421085,1.7697400678625956,-0.5389443726553417,-0.4116240570280768,23.089360125452316,-0.14616473040920114,-4.183970522791834,-6.721988779895142
1.0,-6.040297777344176,-14.805350105638475,7.963988511073002,-0.7544357456450027,-1.278598084717993,-0.03257578857551216,23.145198637941203,-0.3720023139556721,-0.7782857380141757,-5.253191903959076
0.0,-13.685076966922022,-14.378257729119657,-9.691043861236123,-1.1215625348984974,-2.1599611658805435,3.9820732273094555,21.65246362388989,-0.5157603877975264,-3.36003130190745,-5.190624328077634
1.0,-4.806544366385798,-13.089102439480625,7.197265562145262,-0.4876833376755693,-3.2395518046924585,-0.43430250667864134,23.629404812577818,-0.6327053812384448,0.851579379504706,-0.7295107305040625
0.0,-11.61097122813281,-12.788432258249678,-9.281025649031395,-0.5897464501399767,-1.2264333130982714,1.5063073347796343,18.451690854566703,-0.18544164031623317,-0.7162474602020634,-4.288487156820784
0.0,-16.597078275355486,-15.373943519217669,-12.948768505112024,-2.371627516532871,-2.582250789972653,3.4886634528443325,23.348079305163168,-0.562861961665925,2.560376713441008,1.0248940931919979
0.0,-12.10013137157612,-12.607063636876303,-9.895183723929538,0.8060706674335323,-1.1249470666284944,-1.7023013802506841,19.952897968860633,-1.684742707217354,-0.384795698251426,-1.0585613886560858
1.0,-5.6906750330274,-15.489394026456043,9.892908138037786,-0.1356820882084862,0.18610937006776163,0.6021187284392204,21.832732520508124,-0.5147237714478102,-1.0956462041819355,-2.9546279518565246
0.0,-4.815535177107146,-8.57366346792898,-5.037403612284331,1.1693250917293612,-2.687742456619575,-2.559557192609576,17.78317054882045,-0.6931015755185436,-2.231362938730665,-3.9149423873490306
1.0,-6.715210891068506,-15.004876357886701,6.279886927902414,-0.2878885663428026,-1.8697734322575714,-1.6816146413133908,24.72375108394521,-1.6133287782597545,1.7263649387978468,-1.5947760700985398
1.0,-5.224706082931256,-13.497443497695226,9.805704214901494,0.3158667296106311,-1.9575558128974224,-0.7563709248902935,24.059698820475226,-1.0187746120405523,-1.6874938347928132,-3.2351236810733104
0.0,-12.430482169009343,-11.777209118280929,-9.390333278312196,-0.848539468793287,-2.075347010001958,1.1341070626611978,21.286817973353976,-0.22404895289957832,0.87343980833891,-1.2160444678882454
0.0,-16.070730376741473,-8.968662487112649,-9.24662977769599,-2.2246399429869608,-1.4787214320571063,4.244767019505931,14.53524061636089,-1.324652375584758,0.2194532287564408,-4.834810672699673
1.0,-5.266190545593716,-14.161871758298936,7.253507320389973,-0.8812297670716518,-0.20907292471077954,-0.03905041376300049,20.14446913030537,-2.065515955938952,0.5907174137171076,-2.3422500789962912
0.0,-11.988920947321695,-15.120028483243445,-10.345176065481573,-0.7046864527824739,-0.6528719824622515,1.6350366189712309,24.451535152905393,-0.9953806287571949,1.2258009674894226,-2.0464921619439993
0.0,-14.506527564665298,-8.724713635358956,-7.631854324079863,-0.6118766903707686,-0.04080829576235434,0.4071275062153411,12.90484560441657,-1.3122180577170535,-1.0107863026196546,-3.578755591389535
1.0,-6.655838880869632,-18.318752967192452,11.036705848027394,-1.4841345326225885,-0.41035759090713875,0.6655734838501095,27.658928358226525,-0.09877766297511537,1.3591287261573168,-3.5499356017369035
0.0,-7.345784215121505,-13.186155024977944,-9.172489355040895,-0.7081787886274706,-2.0521420980220304,1.6602089216938283,20.811932068712185,-0.7562509840341497,-1.3802697877440835,-6.199495989876251
0.0,-13.218182731068703,-13.075479380465891,-10.133170813599252,-2.1632451978323486,0.17933309875947945,1.8729144098219563,18.411551412975903,-0.06467243520343291,2.6406003441975803,-1.0564558709261924
0.0,-15.91133775521077,-12.285682621390949,-10.625516632880725,1.8900988122067917,-0.9587811250440812,-2.3806793969800797,21.416218487572387,-1.486176070256032,-3.494045292101206,-4.6503024425781625
0.0,-6.246344008951039,-10.996800788271345,-6.020110257786285,-0.9642855185408933,-1.115632684603616,1.9195171076839688,16.871907135835745,0.4128071149936292,0.14403277550796262,-2.22315710792057
0.0,-13.544568824287296,-15.397926158246225,-10.24434017127368,1.6667298490357714,0.2338661698203539,-3.7747791861915454,23.392544057975467,-1.032330822564503,-2.8141102958474646,-3.9864337431294565
0.0,-11.134634121577497,-12.329829583712515,-9.753018676611099,0.20395734561294748,-0.766353821551075,-1.0619763889272626,20.586288035247136,-1.6369043759714885,-1.4329075980907557,-4.383974805891701
0.0,-17.860211580498692,-10.37878463870095,-11.322608230371763,0.12327550553074418,-0.32739437784379133,0.3724363676484651,13.973331058333919,0.46331792915618336,-1.2264994490957986,-3.4794201790954045
0.0,-9.215472647151037,-10.040379942433006,-9.28754224508124,0.005774736147837467,-0.8869214894597813,-0.4783001901762741,14.49886976530631,-0.7785911914495275,-0.7366873532871958,-1.6889988675838237
1.0,-6.282081376144391,-18.5300054975798,11.02548942385438,0.3866846022717949,-1.4554583130372027,-1.3296456099800578,29.205354715972867,-0.2921558452905101,-0.5382456776684263,-1.2060942431945572
0.0,-8.713824281632533,-9.999519542380892,-7.511077307406831,0.2125492254370927,-1.550172212303234,-1.143794252354261,15.931644515488724,-0.742686722898898,-0.3830409085711604,-5.408125834901484
0.0,-11.1510826974481,-10.801990024090484,-7.458880100839004,0.3472140315939418,-1.2571579605141612,1.2868819513826988,18.115804859326122,0.2856261216124505,-4.810790062118863,-7.598436154971141
0.0,-13.574199044061091,-8.028540732898133,-9.063581578515116,-2.7128667666976187,-0.23764251855397367,4.401460219766427,10.15743703082059,0.370401907073442,2.7899036611231924,0.5992269655198627
0.0,-12.286110999493,-14.13109422379793,-8.103311261289068,1.2930535053830747,-0.30999440919181465,-0.331998936625578,22.267032021524862,-0.40548225059817367,-3.777463004905243,-7.233905916486725
1.0,-5.342991549794982,-16.47976565419609,9.82229576391424,0.1651557423815066,-2.679807812222342,-0.3280148246197148,27.154780665214126,-0.3884517036430512,-0.5823052116725522,-1.708699240596372
0.0,-8.554987058663277,-12.045071388896996,-7.247948303378505,-1.2369547194449062,0.09185771050681013,0.7060783604744056,16.89816900759198,-2.285666960669457,1.1012318656590079,-1.2211071406994072
1.0,-6.879844033656275,-18.83676174977923,10.172821976519225,0.3014818924570829,-1.6692279343492453,-0.8664279013310006,30.961827050398984,-1.1632840051389128,-1.3409648990291492,-3.4732859978599397
0.0,-11.065038656992431,-10.221029849194574,-7.681484661795734,-0.8780135184718015,-1.3641055029043079,0.9682839447081896,16.270929992168693,-3.0747844068059598,0.7477125982311758,-0.028633940555075732
1.0,-6.901432338863424,-18.225317397134546,10.173560283555197,1.1870506191308012,0.48982745253456295,-1.1196255356843108,27.292099638719797,-1.0433409954931663,-1.0927348456622326,-4.300432929811429
0.0,-11.060043033157044,-9.78856158607393,-7.272167079046758,-1.941159107170063,1.4743734619114195,3.2569753941016506,10.261575406683576,-1.6432870097216714,1.1238811272826925,-3.2969299452301266
0.0,-8.210028313544033,-11.836595976483617,-8.038259272647386,-0.8959317205648427,-1.806066860098071,1.0562615266357227,17.578585639479996,1.1947621199338965,1.5392710392672992,-0.9099622015043158
1.0,-4.896470159819559,-17.81145826923658,10.489166343592577,-0.5745322542957335,-1.4272744662684638,1.114680332202551,28.441644196358915,-2.2786289155481962,-3.5824022349366667,-7.054844417584317
1.0,-5.360149903329712,-17.16728715949696,8.882864446545746,-0.13718510243018883,-1.2590872157527067,2.688028492111111,26.73007086174401,0.7461397646422266,-0.6211964958970138,-2.999780247749381
0.0,-0.5067484182153361,-10.5559379344437,-4.663767985052564,-0.053814063544632335,-0.1785988233902116,0.08974493422525442,15.929327333845198,-1.3163987021750705,-4.480114887507339,-5.299073590379006
1.0,-7.389859770619939,-15.062494561463458,7.941578062213232,0.7423407718440933,0.43297425097873066,-1.4490324940044312,22.18811903409462,-0.39594120795872845,-0.36760663147543915,-2.1953631470701613
0.0,-9.380061951365468,-9.576184517460426,-8.601302532544029,-0.5703038453628602,-0.08143237066254594,1.755653840778327,14.425571627642379,-0.5565893231587047,0.42251159863444165,-3.3517958662199137
0.0,-16.1337830535281,-11.034927643890544,-11.510659207964208,-1.9196967382549384,-1.6059271197050178,2.887006483087824,18.25049773488466,-0.4979850401871322,1.6349798297340388,-1.3805520379065885
1.0,-5.323555005523169,-15.48055528823508,10.71775791047342,-0.1342773533201577,-0.20062286529411866,0.08909424411379901,22.54907913563863,-1.669290701370298,-1.1369248289063634,-2.3650207102808647
0.0,-15.59118322575896,-9.659720127197147,-10.662676170061948,1.2557366083241956,-2.1517513143772016,-3.180983049987552,17.3419989409991,0.9584300471899215,-0.9531076760275217,-3.294106932445442
0.0,-14.439820786551728,-8.478638062603519,-8.947765459549485,0.39202479978405846,-1.4257293804646012,0.02945365366135158,15.187091900932359,0.6984012283843366,-1.3171881086496404,-1.2001843962459025
1.0,-6.525036584878558,-13.817638153683607,7.306137658047329,0.33201602378021544,-0.6598736334454234,0.1382844047674393,19.280039368784163,-0.6082414180501743,-1.0920928023168517,-2.315813968755744
0.0,-14.562312273561277,-8.65481689299952,-9.22354497004551,-0.17465300152583046,-0.49109119211833296,2.082089628738675,10.508437180763908,-1.3180105682718362,-1.3289837244551432,-2.8349235481781196
0.0,-15.565007480693222,-9.161792546138921,-9.016617839259256,-1.1140968586297022,-0.6023680470253938,2.7818777335541,13.316520370823598,2.0983163843636503,-2.094060084310312,-5.241974353388823
0.0,-13.116702618348583,-10.061687765596437,-7.873700110265059,1.012389298522898,-1.307955160268919,0.3347607973315021,17.387856622272515,0.19436214695292642,-1.1778460783305587,-2.8847087393085666
0.0,-7.461489792137407,-11.564198164664612,-7.044982253187922,-2.4318912562842803,0.5132800528065826,4.006979331863423,13.825181137816905,-1.7095882250626442,0.9267139366655597,-4.252904024527508
1.0,-5.949903698216512,-16.72873444009013,9.825762670508578,-0.22156277406041242,-2.1091132730549025,-1.9077451978689712,28.126603516871167,-0.7876279896929779,0.09059738529250394,-2.3927759619219806
0.0,-13.625226831451911,-12.818068481607918,-10.852601350611026,0.09398600320059852,0.300061314647758,-1.3476625775641053,17.49694231623449,0.23994183543176584,-0.5757111830351649,-0.914902492556513
0.0,-16.168421072271666,-11.630011934637519,-10.054773399161132,-1.126379150285536,-0.9994841341287591,2.9057237148246218,19.938739399388087,-1.0489966268151651,0.3651819409804048,-1.0633974749466792
1.0,-5.8942126194546125,-15.322408186153549,9.439551616486302,1.7065310702342884,-1.041205191142731,0.2623884558515206,24.60143082232227,-1.5264507600710766,-5.784851223401313,-7.333030305001067
1.0,-6.042878400353149,-15.403352401388432,8.36724317171311,0.8544483179056397,-2.3769800496355247,-1.5748458025803076,25.911083001123654,-0.04404630679849236,-2.101331427949525,-4.228075681524748
1.0,-5.76772982150708,-21.149751199257327,14.693730669181676,1.3905307135256413,-2.6838645040940907,-1.1040650771681129,34.27207568754626,0.4733635125173077,-2.2799065546815878,-5.019953276337031
0.0,-10.242362039041499,-12.967604006745955,-8.589656647202801,-1.2285346006052724,-1.6954697610187184,1.5301393724539238,20.489893666019594,-0.35916357724448994,0.34048374747431925,-3.057597296146586
1.0,-6.477635676265905,-19.42101481967424,12.531413111811366,-0.48245969517174525,-0.6080420008647746,-1.118999328466403,28.96119173687274,-1.4392149381911414,0.9613742751601755,-1.912840733205341
0.0,-9.668981866685435,-9.722692121655646,-8.37773284279413,-1.0226454382751555,-2.641291853605818,2.3798695515903816,18.009785370219095,-1.7575094382702223,-0.6597595374786842,-4.221081989042036
0.0,-18.622848856873077,-10.710980412921508,-10.269803973212298,-1.3805723749059235,-1.09166928002464,2.6382807648362063,17.32576256738266,-1.739125160623742,0.8359924703194548,-2.030192417149576
0.0,-9.154371603015358,-12.194057025406682,-7.495717900749729,-0.8723127107747919,-1.8738389146054768,1.5854948301085623,20.946478575383708,-0.8022046024671212,1.3283459238144506,-2.5327869574802913
1.0,-5.4630808341481965,-13.687890822569042,10.17016519011871,1.6246939527852897,-2.4343243255885803,-2.5222549849219753,23.51949121158065,-1.0827308512606324,-4.115433202995133,-4.199649276007726
0.0,-8.733216217822578,-13.316747143534382,-8.353919776176301,1.142669772083012,-1.4437079879897738,-1.0973461961149302,21.491069205595313,-3.135557561012706,-3.8703705635511603,-5.88986545845751
0.0,-9.321420161699043,-13.680310152208342,-7.6425102725277165,1.6546364629299963,-1.9681659251749375,-0.7227288258166222,23.50448976018793,-0.5613430793314056,-5.00904821002219,-7.871080285796395
0.0,-6.733934953584967,-11.425151062846066,-6.985888053607249,0.67202690536015,-2.0605199666260665,-1.6613786166976003,19.831325516661575,-0.7379687598063622,-0.04415344092214646,-1.7508653034803663
1.0,-5.809706618154662,-14.22284886687584,5.259002547648101,-0.027685884213418277,-1.1693745407646352,0.11898191827973525,21.31078244346985,0.08243888317133918,-0.1885457547782612,-2.728796856777422
0.0,-8.365816113999216,-10.997412095634118,-7.1901940740900745,0.42153517507278454,1.2023409397747626,0.1784294573181106,15.154589080605321,-2.5798205119820476,-2.903059097337868,-4.437046142050097
1.0,-6.509014338640348,-18.18388330685165,10.447244787792556,-0.31320638183684946,-3.39802999146355,-0.6129281523537644,30.66749969196824,2.3802221733729456,0.9439616679906544,-1.815482133120227
1.0,-6.749423220231977,-19.25088099570383,11.05630330354166,-0.3395317715255404,-2.148981232079125,-2.046791065397519,33.37774642833203,-0.20166655238606862,2.7356738846122255,-1.260382491636332
0.0,-12.812741987111028,-13.540474516313173,-11.425110608965625,-0.13803739275387278,-1.0879089095985999,0.272236646085164,21.250531039475465,2.1153533429847475,0.6784403415574495,-2.2104722214959214
1.0,-6.741218708770982,-19.805651034635396,12.05831727733895,1.2448079308847317,0.004511020883186889,-1.565363875759342,30.646167680919834,1.4271279083019772,-1.4209845628006006,-3.643310747797631
0.0,-11.026594480423539,-10.064477833453992,-8.81721917942774,-0.7060789639065992,-0.8515306198800046,4.188322153302311,13.791403056479599,-0.3095294237500835,-1.6870554715828374,-4.3004476837140455
0.0,-15.482683535621167,-10.110296974369165,-11.105788715361012,0.5356980068448646,-1.1114666867975993,-0.49533143682917613,14.72089902885557,-0.8070435953406077,-1.4030081366977614,-2.626525540128509
0.0,-13.78501155401686,-8.335860056699733,-8.255133740566018,1.5899417455592215,-0.234407478420813,-3.1317027804757043,15.077985553315912,-1.7209051769664985,-2.3029595851413824,-5.358081715916176
0.0,-7.979222243738217,-9.456547145686098,-7.3401719402393795,1.8394435405900702,-1.170112817596721,-2.405573865391886,16.92310682659983,-0.36071778390279285,-5.037772242544682,-5.689503897944047
0.0,-12.431211903615619,-10.468109766975783,-9.824620139817572,0.44688029716705113,-2.762799094801472,0.37367740269244604,19.022797614078712,0.24727502532129686,-0.9736934094987202,-4.295583372347843
0.0,-9.938957004260923,-15.18979487602321,-8.536087669719262,0.07451204243511694,-0.03739892426232916,0.14891312553431865,23.381922213186424,0.07848200037294945,-0.3886848332988625,-2.875921831507043
0.0,-8.571565477679515,-13.056584359189412,-7.804231387305799,1.2065184580112194,-1.1233784727038192,-0.7176039529569818,19.45829612378261,-0.22980530951664016,-3.606373597596407,-4.849234544630645
0.0,-7.524150029147731,-10.494324643618917,-8.379056850434239,0.5025389019251494,-1.0259042473027926,0.005239034665356246,15.71857054017424,-0.07051597973423068,0.20486958678796552,-3.7130509239768963
0.0,-9.141856684170731,-13.400126434694375,-9.668757703258713,-1.182027427933867,-0.8961068743673435,1.3362369487109111,19.482148361233158,-2.340893118682922,-0.24806233653067988,-1.994724673281074
1.0,-6.616486412973758,-19.04524138093627,12.75391487011788,2.058835300073764,-0.9548233087081446,0.04960586178853643,27.328481516791356,0.21697852870893652,-6.950728573200065,-7.7413254043162745
1.0,-7.12427165411542,-15.98855963894429,8.347733091151929,0.41820661698434936,-2.4208693705366695,-1.6448229678397912,27.064849536474227,0.5367552689942724,-0.963662357318089,-4.142978487884806
1.0,-5.6375691690617815,-16.779835187840998,9.23003425041735,-2.9971153145909253,-0.5863061038083666,0.7997954038463473,24.857092179939965,-1.704173132625601,3.860486644663264,1.3388732363297047
1.0,-5.545578126362836,-18.82554672833338,11.685702381837611,-1.1167985811661043,0.7675644026562307,-0.15289941668600074,25.538651035653352,1.1204421696378373,3.2684307753826753,-0.557388389140649
1.0,-7.1375104094355,-16.600678561013066,10.076338127867022,1.3296956160269,-0.5744474409433563,-1.4623119511222091,26.80644279331453,1.030025691270109,-3.468940889637447,-4.653168895654822
0.0,-16.529550045865186,-9.47856351474598,-10.584710390338419,-0.5014579999780553,-1.1915150755876331,-0.0038022428075783488,15.106799875609092,-0.7849829424771649,2.2147148685201055,-1.1135726191954858
1.0,-6.412068417326222,-14.130264985128413,7.864414168811275,-0.8217653481654966,-0.8841655186628863,-2.0795945409086745,21.486381717190866,-0.42957440753135234,2.8704551402819822,0.5085139399933152
0.0,-12.777337386957495,-13.55580645199706,-8.690653625451603,0.21227329456297167,-1.2816498731418735,-0.10309387716973284,21.94984191578663,1.596265559452047,-0.48414506729843965,-1.597877261237285
0.0,-9.28970639859993,-12.0948978664447,-6.15090801297955,-0.8584818219311116,-0.2217139595258637,2.3583153443519334,16.081103742578534,-0.22049910246615362,0.35254445335070983,-2.7590575106755697
0.0,-8.818443921694787,-10.521436508992476,-7.533305204110623,-0.14511246075830853,-1.0835142913803788,2.0827744339455596,14.512106873242443,-2.0767929207652736,-2.5570496934475058,-4.304279340149895
1.0,-6.2787390067112625,-15.769204953311702,10.170558079493846,1.9422166277044328,-2.187443275943723,-2.7179729105175117,27.49942203760412,-0.453991746702185,-3.955592255734356,-5.954822328294721
0.0,-9.385076210381452,-9.185980203771123,-6.889688485597589,-2.091548819382161,-1.4870141559036567,3.9433254317665725,14.258713236448862,-1.6051747170104225,-0.2477180495021568,-2.7784242844517366
1.0,-7.224219305287595,-12.873938082035108,6.618352295469169,-0.35741314186702067,-2.2493484131510497,-0.7257976553748785,21.569764550309543,-1.7339252424174794,-0.4147638468882878,-2.739690207948183
1.0,-6.110344235143155,-18.357460280932425,8.500584831493343,0.7157143346183119,-0.8917930106308491,-1.3172707014784828,28.514201532313958,2.668949843782655,1.283075397025773,-1.434007244280371
0.0,-10.024966378326454,-10.571958563809408,-9.208885778258853,-1.9920238410533677,-0.5379219840983644,4.2090894366634,14.014319730109445,0.21583407684314737,1.800253476936159,-0.8299052057843536
1.0,-5.946809237557623,-15.978022372934186,10.491319281847032,-1.1037711839049151,-1.5459383602255596,-1.0265834591665446,25.32089582937859,-1.094277052269967,0.4576577789228622,-2.4691523066382017
1.0,-5.156722519293014,-16.020203306964998,8.942804221205982,0.172238125847861,-1.583034991721067,0.7409543473117168,25.583179020170718,0.36131488237825216,-1.4335846958096958,-1.8074784858746042
0.0,-11.852282032263147,-8.892758177054755,-8.955344723094582,-0.7169628684137774,0.3860127677223337,2.3725472928589073,10.278734684267668,-0.2173507562707136,-0.20007648276073287,-3.468675829727646
1.0,-7.1392948370698335,-15.82323765091333,8.992366654694045,-1.006582314241035,-3.137658977808248,0.7937996831204779,25.70574954772686,-0.12207267447131126,0.23094866509079215,-3.959274948017467
1.0,-6.877496935174133,-15.156540306141764,8.306379770024078,0.60456256348027,0.3247156399604929,0.37772945217893394,21.596997668054335,0.6668143846679595,-1.4569491885307704,-4.252706220141919
1.0,-6.098292344508659,-11.968766755069161,7.845982057800157,0.3315429024393686,-0.2839789502759297,0.892010795599044,17.706445523102516,2.480846814314984,0.6578784402012579,0.2866072527734178
1.0,-6.848562655567683,-17.5644526271286,10.17993598249421,-0.12666627784494744,-0.046878460672173716,1.4768357344442768,25.86559842029054,0.028553493144490183,-1.7341720865236603,-2.9418591385641566
0.0,-7.273919359169772,-12.07408449072105,-7.463943265002141,0.59256360927243,-1.1776476425289422,1.4749100013286514,18.865407428738987,-1.1226568049301004,-2.155648436173915,-4.437844505497129
0.0,-8.806972693042294,-9.19164370593067,-6.38195139136108,-2.6403723528842233,-1.7353205687763142,2.492218363028936,15.440491786740887,-0.825600606483874,3.59464514055377,-0.07922458262324639
1.0,-8.141074111377888,-17.824497285203314,9.043825819541835,-2.646898860341613,-1.9542837198217329,-0.7158317537847201,29.176481378002123,-1.1359927743614868,5.526038343879996,1.7631588532938827
0.0,-11.782976715647454,-13.13090792031329,-10.348458008848151,0.02970043297269853,-1.4383409637452065,-0.35898795102043757,22.290735121140766,-2.142679205172653,-0.9656822608431581,-4.6531237344466
0.0,-6.023333589586786,-14.119393566739758,-5.2090766958257015,0.10423252704663302,-0.2013693947947628,2.1650083934897286,22.37304012029109,0.9679279939543294,-3.3991760872307855,-6.541595660291877
1.0,-6.671816110564441,-17.925025080765455,11.801289513323137,0.658555701861942,0.7147084614673873,-1.0733408848272135,25.948773193953077,-1.4978032942237451,-3.6154340521265653,-6.079480751761197
1.0,-6.101809288396567,-14.694816343326544,8.401993855806234,-0.7697583844352731,-1.2343143257807407,-0.32811357927603446,23.15306614151224,-1.2035246737020557,0.8296317567461297,-1.9614822879800327
1.0,-7.439146089673356,-17.774473615157323,9.940801461070468,1.374442318281418,-1.6076105438685757,-2.131106291371389,29.513015268603834,-0.7801114936761373,-4.8197414120873585,-7.624783712519701
0.0,-11.024230970693761,-9.594552074549334,-7.668629943099056,0.2625677936178866,-1.881965170850973,0.2069230079830467,13.45193136227236,-2.6466236017043334,-1.6414946779582689,-4.3070615833739545
0.0,-6.812555150269436,-11.482924718603307,-6.090351535789127,2.024140085829658,-2.827257959259031,-4.486708911795512,22.14695894274628,-1.75930710958795,-3.586180522671794,-4.924966652326984
0.0,-16.012678806558917,-12.0409934452638,-11.48571656288241,-0.3144680141110817,-2.1533179108364333,-0.0686579686482428,21.114582158563913,1.086108484481,0.7920107023650494,-1.1594347368590852
0.0,-5.888946451130815,-10.52170453511982,-3.8818349560369274,-0.4205512372753091,-0.5605866616544932,2.165698840869503,15.856894815503974,0.2946725801761092,-3.214946441140649,-6.408165452475306
1.0,-6.465309201677772,-13.071678058807427,6.0081979797518645,-1.9690873167629066,-1.3943330087434003,-0.2961074005789795,20.352006963750323,-0.3239502903865478,4.74960019835374,0.08659356333153445
0.0,-16.478413218689386,-11.194348437257814,-10.347915443646677,-1.3591870365625287,-0.718741678674755,3.5385800232643354,15.846368188316058,-1.5365921281929336,-0.02278314549651994,-1.4805635016642387
0.0,-9.161731064354026,-12.308018920912211,-9.04436910488229,0.40004959505537796,-0.12673102660588764,-1.1356597889656255,19.731731211688306,1.2433338394390931,-0.0894458626013887,-1.1050743239499128
1.0,-6.467635705866242,-17.4829516377459,9.212260035185773,1.4018727443727668,-0.7847614122805179,-0.07696256758456055,26.426407700160773,-0.21970266008381997,-4.782867895526029,-4.749495337761547
1.0,-7.361155453792474,-16.9767843727143,8.004364953755386,-0.5344705306437354,1.0603267375335432,1.0020888837519153,22.97760332909883,-2.1404545004004087,-0.35796041456566874,-3.551420759219529
0.0,-11.536718036070688,-8.990206899131332,-7.99329626788457,-0.6983757826631318,0.3693842334271815,0.5303018002635063,11.211228412053142,0.5891971302901687,0.13351975658530035,-0.7136715751395726
0.0,-14.16761091032095,-10.4747086761577,-8.70353055928435,1.6044231685000416,0.596636482149886,-2.615173838352361,16.742429959773236,-0.2317199366425598,-0.4809030425861702,-4.553921139275856
1.0,-6.6649230793811265,-21.7586090117424,13.382720406352155,0.1328002301535426,-1.5183470401959323,-1.5989160834176914,34.627999560671654,-1.106086416301317,-1.0834849402939692,-4.962462071790455
0.0,-13.995636922384968,-12.756776177615551,-10.62249190838981,1.4123696076527636,-0.7378340966771121,-1.5890091219298537,21.783113234312662,1.0634879036367404,-3.863502435574159,-6.791469024318531
0.0,-2.9705779555699925,-10.044459513944025,-6.395131221397044,-2.362574697773993,-0.018749760453203423,3.7460879920927925,12.542201439005542,-0.8893562561040621,1.176001519026479,-2.3916204692053062
1.0,-5.405368609138132,-17.864192032142984,10.917649809965674,-0.962842947623873,-0.38155015921038604,0.022541400859085264,25.76694628797506,0.31963142455990734,1.6247229293675634,-0.6559364586155642
1.0,-5.686038216721905,-18.26328549900405,9.516424870891832,-0.5384995411394178,0.4609049444536515,1.045024225187991,26.10688351144024,-1.440944770055869,-1.5391567951419252,-3.1490559508200673
1.0,-5.988095964803992,-16.271993489121964,9.24485941377848,-1.5090760137336838,-0.9377800571100018,2.59277811459018,23.487265909112367,-0.09893194312776965,-0.052622623007648306,-2.638165675536184
0.0,-13.526753248816428,-12.95211352720548,-10.309540641373493,-1.0622082126670724,-0.7087950436222819,1.389161534553932,20.129297249094765,0.659519403381998,1.025413375264824,-4.708280328531433
0.0,-7.949943649234507,-11.745802443395265,-6.4778130979235,0.48413783057832793,0.12835839088286716,-0.1044037464504457,16.86767188082738,0.015240111381444654,-0.4005775066462465,-3.5425160808931855
0.0,-17.626806751886242,-10.546204840042863,-11.29763861045846,-1.3191073077376179,-0.32672012699429875,2.62357975325832,13.703048968638058,-2.699284433786326,-0.35908451256084317,-2.1084514038163995
1.0,-6.507896346255692,-21.121616999414133,13.726528811456383,0.5816626521003234,-0.24948015144803914,0.06723773380035913,32.03314547731028,-2.333986175549682,-2.9382373654755076,-4.893482448466582
0.0,-14.4279463028012,-11.913636204743204,-8.180730527619476,-0.7844335006643222,-2.7590859691062413,0.3911224731073797,20.58346713245338,-1.6054463005122153,-0.6385679836361216,-0.5790140195807414
1.0,-6.5130254602138145,-15.381076420050595,8.511894250395912,-1.4027437794480186,-0.35275323990984697,-0.003352445495334422,19.06475957251171,-0.07633320043331093,1.3758893672384505,-2.550950047754828
1.0,-4.352956919843855,-17.66876171625976,9.804679041773142,-2.3704469970685422,-0.8436027888113056,-0.8274293718058958,26.33392015044487,-0.5724747068792572,5.32375011229811,2.2468543435726964
0.0,-11.11568161232119,-12.164987273809931,-8.512693694038575,-2.2092971290256402,1.1143539816485128,6.0165302689715965,12.143780450637436,-3.8910155997781763,-1.9139090924181326,-3.912942472428355
0.0,-13.705560927682477,-10.461954806045554,-10.747690252196666,-1.3281581151816324,-1.5607340779061785,4.360990451405691,15.193766550029144,-1.187135635909106,-0.31802054941207913,-4.236517384887533
0.0,-8.390527001372407,-10.539277434160187,-7.407486448264841,0.42927223640915346,-1.2055799780466911,-0.5586053565467679,16.368031924010772,-0.9823032362834827,-0.17839986917723794,-2.3295707685315246
1.0,-6.308265020602716,-17.214315639848863,10.685112173984693,2.117464787435067,-1.3828791706425148,-2.922836458443472,29.100886806060153,-1.8087761808712777,-4.787347553196881,-8.127628636321258
0.0,-8.618011161590708,-10.899455546099796,-6.290895030927949,0.37172731499311107,-0.156340564079545,-1.7392920741597613,17.814391845640156,0.2861357049574385,-0.5698029784814003,-3.316086766965605
1.0,-6.266127579603385,-14.051445252040002,6.776640570369565,-0.56226551946008,-0.7401352655223785,0.8087488432250598,22.678942479401147,-0.6176685715055379,-0.44590254447523686,-4.124171602962407
0.0,-9.385524337247144,-11.479114536146053,-8.950007622426321,1.5247663117850423,-0.34413788614648255,-1.5244780650664143,17.38249934249867,-1.9035066289991593,-4.617895630497138,-6.171687099470349
0.0,-6.97624557741891,-8.951428730606006,-6.374801650625455,1.4496970804828422,-0.38723648453004056,-1.3222379913517481,11.927768652329632,-0.1659553204732684,-3.1309339430612493,-4.670966402607132
1.0,-6.347693419666878,-16.323121250352187,11.108585898469984,2.411824211564756,0.0316641055640392,-0.212322090038769,24.556500957789567,-1.7528340890666723,-5.7481136116684945,-6.489820410110415
0.0,-7.133249509945211,-11.791769927590405,-8.196631853544158,-0.9754820940402469,-1.8268700472916266,-1.359247890111521,18.3945798197649,-1.5457306678325011,3.1177348973343433,-0.6037173270966969
0.0,-9.785914528388385,-10.125143766688206,-8.71431078040606,-0.5488636331732949,-2.1497597760978318,1.738759676163157,17.59811898715634,-1.4158965450969485,-1.6898124594348705,-3.1948315601087254
1.0,-5.873019184485997,-17.954915186624,12.01705186177005,0.9100907754007111,-1.311792605581808,0.5717698808796198,30.801722389382284,-2.0832814195603984,-2.1097063791075494,-4.254052543185972
0.0,-15.240060728770548,-11.106461477074891,-9.207210242175448,0.3344623349067487,-2.2373772789582964,-0.40014389469985606,19.341459833145542,0.6818259951166694,-0.48948836215752545,-3.1717007379598607
1.0,-6.635300549677178,-18.848181896497827,13.170763451793402,-1.9270981785075783,-0.9424549471645464,-0.1852796784325368,27.952315503310004,-2.0517165352311397,2.231810041501972,-1.462504792001862
0.0,-13.94784734485668,-11.227001413241098,-11.031574738523492,0.022136347699844683,-1.1429857710215454,2.05210362171614,17.46820566040973,-1.3987780523753046,-2.085533533107785,-5.852845342016082
0.0,-9.439108801676213,-12.751126437814289,-8.24777786930218,-1.9676000684038515,-0.36854066900809945,2.81701991280513,16.0783523533438,0.03460895006457332,0.22141242564143337,-1.233685678682901
0.0,-9.371612081255975,-13.036267307659195,-8.58092069971831,1.0381100321317003,-2.027958514673971,0.03581206407339543,21.057920018112487,-0.0821085103450207,-2.873364602666429,-5.952833077511305
0.0,-10.330165685248357,-13.88454871653041,-8.078448786335255,-0.7133849465055035,-0.5466723504404946,0.8956199423241611,19.03638362696289,-3.4117439679323325,-2.6064762979234763,-2.5077730188775793
1.0,-5.104564953454352,-17.235611650404422,9.83157174768495,-0.11649623194607922,-2.068646009331561,0.9290008108595258,27.941745944793183,-0.7059988188051962,-1.9496262064352854,-3.2229701589087743
1.0,-5.858629776046923,-16.53815412652834,7.703253905641634,-1.7277637242825306,0.06768461121625058,-0.31305973031071094,21.678219859267415,0.37030835014376007,2.6089704940295495,-0.8854621572692838
0.0,-13.58145094306569,-8.413351062010975,-8.439801086173686,-1.2729692190335795,-1.3649161195210682,3.4092504186041435,11.829464436044333,-0.6025523933955582,-2.280336456062776,-4.38748931242145
0.0,-13.984957404634207,-11.05464823335064,-9.834997422776373,-0.19837355898322165,0.47825614263962235,1.4165161935765669,12.581183891932373,-2.003704196685932,-0.9766299574758578,-4.318365504067117
0.0,-9.01555895198482,-14.993744359412746,-6.790482343074108,-0.9826975398437754,-1.9412101363991425,2.2000321624305714,21.74361383523157,-2.09696684272209,-0.5694989844852083,-2.879719750408759
0.0,-5.472141661646453,-13.176514866690264,-6.035142162478252,0.48846322706901546,-0.7285378925254278,0.05577371477526799,19.934181393487407,0.27098062687417745,-2.4065605154922958,-4.913467054697467
0.0,-11.10920805825767,-12.11210947743624,-9.266417364917316,-0.24420213626816542,-2.6535361058127336,2.4996769635731297,17.921807103255695,-0.8083493942791884,-2.6656748696531714,-4.706889049319857
1.0,-7.0378477607142695,-16.472830667095867,9.241213345920276,-0.13008443753008958,-1.6772697279537203,-1.5087435527528403,27.454210836758573,-3.912971173242029,-1.4631529542898787,-2.7039009478356837
1.0,-6.200773599963519,-16.09122781072269,6.072448768817203,-2.9913420096497783,0.39043801706599546,-0.17317972099858125,22.32229015285833,0.42596168021152847,5.466749651613814,2.5472834065898926
0.0,-14.175268541903606,-9.03877179435706,-8.066920371687488,0.9296159641123922,0.5654154156459259,-0.1888895132071643,13.046323570796327,-1.0484599105623267,-2.0298985220174384,-5.743459693077004
1.0,-6.6900479027631725,-16.503850811231246,10.280508818543145,-0.517936499583075,-1.7759831287993497,-2.191368094330777,26.393840496029885,-1.6092284444608598,1.8261749370394067,-3.027794221101197
0.0,-13.637382085270053,-11.427521879100956,-11.227168958877234,1.182539038055429,-0.5913244735473269,-2.951627661283652,17.668249678901198,-0.6487164008313697,-2.077594062418037,-4.312307471276987
0.0,-9.07203745634767,-13.815644938417845,-8.431072601743251,-0.8363709762237295,-0.6690329011421199,0.7248080103611148,21.405091491510245,-1.0447651040389998,0.29220367033613825,-0.9292743352417796
0.0,-5.936298072827473,-9.843635440342581,-6.060609532542488,1.0618741369361295,-1.6663843905023832,-2.52191576551448,15.693884050941879,-0.023517429212454644,-1.5885328241542829,-3.5097921516554216
1.0,-6.4628985677692805,-13.239606663770234,6.322562029129755,-0.273292504936662,-1.9305246963387332,-0.6759528357407353,25.44095643799927,-2.0147631759905558,1.5171776464032334,0.3718852488387039
1.0,-6.537344899635135,-15.165246235808603,7.937486442116286,1.09164218688297,-2.054100261917461,-1.4698250754495765,27.16745811137726,0.6364825843218282,-1.9891259269695125,-3.794322690688751
0.0,-12.147848788621774,-13.621728701195853,-10.542845270415908,-0.4501836714174182,-0.7920145668506389,1.4945872080754645,17.924491669064533,-0.9329856801778709,-1.7764419618009002,-5.708937075559497
1.0,-5.791435698490727,-13.767683332853991,7.2876063538300855,-0.6517527807822235,-0.9799949476971085,0.474853061426076,18.226618496008417,-1.357022769615131,-0.7531225319452354,-4.441494935647429
1.0,-4.681352507391401,-21.91123081532955,14.322912415047794,-0.8294719702870967,0.005356133454650802,0.8477493013215622,30.914871693706814,0.1626330032602561,1.1671860876011888,-3.132219742116552
0.0,-13.50130087898822,-11.879713060833934,-11.195898035769451,-1.467818250370601,-1.6196741824135268,3.4706153442646435,17.357511613896985,-1.1442840256604683,-1.0526260815999318,-2.377591422944983
0.0,-11.817649449935438,-11.373645801888362,-7.674000571034917,0.5691047848034929,-1.094256799601874,0.5176690055625723,16.71591107461441,0.3559124589045677,-2.267650794392552,-2.829103578434567
0.0,-10.42103639572202,-13.176481665068064,-8.020029098273053,0.22626116752822195,0.6075936183040671,-0.4282267127496114,19.67992087713726,0.9342747930844862,-1.9315744167641742,-3.5643814890388006
0.0,-13.301470962044487,-11.685496236301477,-10.136886134774821,-0.11813854673636012,-1.4748957551638693,-0.10052087218362205,18.152939431530836,-0.40281668677941884,-0.8556207809338187,-3.3593385597606593
0.0,-2.769359295542193,-10.576073663515368,-4.902788378431525,-0.006699938123127219,0.2499200522741385,-0.30464138899862936,17.18012768149273,-0.20071002739823995,-0.6924336730847872,-4.1965751277013785
1.0,-6.030685029056032,-14.937542015866422,7.82169671487847,-2.0427968295504906,-0.6639089755141223,-0.45851643084145793,22.737283568936217,-1.3529821302724145,2.485556042906986,0.2424914687955596
0.0,-12.055918283433439,-14.709226495556303,-9.32705268699274,0.15666359902663884,0.9914899970356088,-0.19260379715292453,21.479043833295915,-0.353025428966318,-0.9135406249672058,-2.287731196807508
0.0,-11.44585761890556,-12.13760486480087,-10.490265608486995,-0.16372793702140465,0.12219000577323258,2.0804957128140056,18.346013207187376,0.8904683487307002,-1.4721042347381295,-4.734082626245401
1.0,-5.729675159632485,-14.52132623856973,6.566002498059109,-1.4116528552844754,0.030337190839372363,0.4062197106476714,22.176340806468286,-1.4838706447076468,1.857217539928204,-0.5212721077322885
0.0,-12.218784783470069,-13.37669406226656,-10.949281758759764,-0.41224187049785355,-1.3461846969339653,1.411681456698859,22.18544110735998,1.0213957959513444,-0.8081363269507058,-4.99431482612852
1.0,-5.9861622039510864,-18.079779221070655,10.950689874152436,0.03261113037070845,-2.0924931069827206,-0.117490389231301,28.061502576720134,-1.6425297056834158,-1.1115622106279899,-3.7162348123339606
1.0,-5.452283895911291,-20.002509335877356,11.758092653281105,-1.508658036579195,-0.4151005759702857,-0.6021956829320199,31.915928305951855,0.7814189607633496,3.533154162397485,-1.3641240673899007
0.0,-10.34624180667214,-13.013582918768384,-6.72449720532698,0.2772902314148319,-1.3237263202892127,-0.06485283465812808,20.84544766338914,-0.7504607217948742,-2.1900568180592126,-3.804081637485279
0.0,-10.270348977438164,-11.363007546435062,-8.570391319704314,-0.8448878228609034,-0.4421959200782244,1.4098022548615838,16.5543926700984,-1.0847846139266901,-0.325449433652094,-3.082010711378764
0.0,-15.594366048530024,-13.000018256275332,-9.224372305557687,-1.0732309837029161,-1.2540368056038556,2.25078555813917,19.780375844709216,1.9722868188508416,0.645430233440856,0.5116510943196437
1.0,-6.816496721144657,-16.401406399909035,7.447442799667058,-0.7027087708171893,-0.9506194185000988,1.6854150518297017,25.4109176131231,-0.8751690722899472,-0.12283749535523447,-1.9075265114294824
1.0,-7.978675244783762,-14.658037427215055,6.554015975085452,0.978715262134592,-1.1087512827609574,-0.4410504953079928,22.658080235479083,0.84389561883817,-1.1436211621087276,-4.268683270516051
0.0,-12.352141535953223,-12.114947745430488,-10.035812328089705,-0.20411995717934162,0.27857171895555477,-0.1466319409711997,15.066358188588193,-1.9031934832817043,-1.0065494075496457,-3.6544284309065844
0.0,-8.464549439198965,-8.008135100400633,-6.598144847404456,-0.33698178786684546,-2.2322887437277443,0.45465200514394943,13.153069519518802,-1.7687610365822428,7.918651825323808E-4,-2.3582330398862195
0.0,-7.805768496525156,-9.418548770706671,-5.802412961265435,-0.24185621394962814,-2.228861726439444,0.11279476138715516,16.336604365147107,-0.9445530706981826,-0.8653481770889102,-3.3528948689728346
0.0,-11.49183996904709,-15.892367837567779,-10.063134272012961,-2.1150036077817798,-0.6470256113506394,2.2870376899529017,23.785910389354733,-0.1472593896475639,2.8780810095200033,0.48913175360159683
0.0,-10.53584979053598,-13.772003518528326,-8.921141741875136,-0.1937672167420491,-1.694510176030684,0.3816357077915592,18.955310917661237,-1.1649667553808447,-1.4589258411939037,-3.163827899964991
1.0,-6.441296693032865,-20.458839024780403,10.67002400635057,-0.41729500634896244,-2.162987264783464,1.3536890476285908,31.214485530243845,0.3169428227847436,-0.41451970366039176,-2.7005519780742593
0.0,-5.239527881515284,-12.896862967037665,-6.607580904156791,-1.2606523842405144,-0.33073290288330015,0.1002461029807511,22.055349692318483,-0.8688233623354942,2.613988467963483,-0.8060178533131426
0.0,-13.196143246269886,-7.663380637109069,-9.244090673747092,-0.2641533299530142,-0.8752635620128199,1.239103710776389,10.516432446069924,-0.004621578454733211,-0.6376650073255588,-3.5298560955757363
0.0,-9.638747380017527,-13.482362190444558,-9.406834180154858,-1.4331660417639345,-2.1632270645792664,2.846560523895723,21.099665350151003,-0.7023990565554649,-0.29897110596306675,-1.396067575407862
1.0,-6.294540112600192,-20.576555337437664,11.912580128747493,-0.4684903423746702,-0.7943455384624442,-0.5092008197157288,30.53035878938487,-1.0014067204396715,-0.49929136982236266,-1.9510122840902413
1.0,-5.844743923123548,-13.937538354335137,7.897731485958837,0.9412685866469384,0.7284698046060789,-1.5617400521092346,20.28661155549535,-0.2260723933543743,-1.371476972708087,-4.059161603452596
0.0,-14.848466642146914,-9.030901255039137,-10.197432100434163,1.0852772014597294,-1.2834926250803824,0.5713511621626504,13.652655479839009,-0.7515413254750347,-4.05928038271569,-5.268727966857487
0.0,-9.782314693227764,-7.47992940441608,-6.326450609895091,-0.728933492700378,-0.24666139454833125,3.2008484481535815,10.803737311628952,-1.3825019431047343,-1.8823857096863539,-4.468531626126905
1.0,-6.097573779916086,-11.198008546543182,5.257866860714265,0.21424878675544817,-1.6759912624536426,-0.9686254089738677,20.237207025429726,-2.484315527133037,-1.4557895697091066,-3.470305010439006
0.0,-11.871799593414787,-15.333353544428045,-9.784983749641029,-0.15257778276395642,-1.0740779794474515,0.8289165003512127,21.433745167222536,-0.4893604307712984,-1.9333497940095967,-6.45245290602899
0.0,-13.479791890351873,-10.469191076456179,-9.344986723642423,-0.013119267208065943,-2.400475799709121,0.8991625064945932,18.595953377477002,-0.5458084013212143,-0.6593644932053258,-2.3168381772567708
1.0,-6.288737881010774,-19.18884107603268,11.475519590388947,-1.0141712187888705,0.26273375541545296,-0.21459855464418462,27.908825506524096,-0.18420097676145158,2.9402717979333106,-1.5402792617187169
0.0,-16.177517595890066,-11.691553688721429,-11.460827233939547,-0.7216615968734391,-1.6503034649087054,0.25010414264445857,19.772194247513983,0.12803209810827054,-0.04207566474494062,-3.7677213306399517
0.0,-16.137723914405917,-12.91042428211576,-11.007427575479408,-0.19163174410835418,-2.9049329305979104,0.3970882038055248,20.714741320161494,0.20660017905015526,-1.1806434058865038,-5.587262338709871
0.0,-7.698333855106809,-10.834251545359825,-8.398482081902829,0.75461825607286,0.6726637841063225,-0.9372496731557718,14.103582385838374,0.8248895524596456,-0.7386137721666938,-0.8840246029703405
0.0,-14.447787903322219,-8.811737919689621,-8.842222925957678,-0.1944540202749335,-2.4741867039876078,1.5963011638228837,15.697634914779925,-0.9909419206057615,-0.9644690382589931,-3.8233804332325163
0.0,-11.91103637699629,-10.731063750293268,-9.478109193455262,-1.0722319521538677,-0.2206713657411986,2.090661143443231,15.0649258847594,0.4315244396408533,-1.5573244239631763,-5.687447295121816
0.0,-10.565548834011285,-12.272657976063982,-9.109033602354181,1.831916724348329,0.06300832393824618,-0.45621512625936966,16.932539187745757,0.2979336540521045,-6.053845306733686,-6.150485691443949
0.0,-12.652944846131108,-9.501819393588967,-8.414426179325767,-0.2870978199157157,-1.4540704456352371,1.4279451583416651,14.30452892280074,-0.12639037461218816,-1.2923829801735158,-4.360775202116279
0.0,-13.617134187922948,-11.788033625785564,-10.59212794134646,-2.5413485871870343,-2.2027213254978975,6.170753433070506,20.491148422774085,1.0264858147253453,1.0930515813364694,-2.024903471121482
0.0,-11.210867231528605,-12.79232168665099,-9.359048265246175,-0.549598970201501,-1.0878739762585559,2.0752821992188517,19.78129769262303,-0.6519147526094398,-3.074890164497962,-6.232142060800247
0.0,-12.075089222543495,-7.673916463885293,-7.275331873378979,-0.28504694224808186,-1.8689833693530358,1.0587857030376993,10.180963089114673,-0.2151718219909785,-0.6278558422346854,-2.401534679329078
1.0,-6.460852787757663,-15.517714798640625,7.729667695512775,0.08997344683665401,-1.1902660867549597,-0.8679629338330093,26.712711966587406,-0.18781664854211233,-0.3466681185976144,-3.7065578344539563
0.0,-11.13528933472332,-16.82668644328303,-10.302988874875304,0.8584881255042196,-0.9913579688680567,-2.4430178720303726,26.21527790831891,0.7453403305231978,-0.8724120371056767,-3.4729671997663805
0.0,-12.621079728618662,-8.746864290088883,-8.317790616349576,0.7650618873144861,-1.8795106812701736,0.3211450973868859,15.319754341876973,0.5756007532775169,-1.6806424465582936,-5.021728047150361
1.0,-5.138064295701975,-16.906423670652437,9.745573225729567,1.0145669574783394,-1.38602928520576,1.2302073749986706,27.08566674602335,-1.0466370244108865,-4.309220622284857,-7.838828201770402
1.0,-5.772090967692733,-12.252192182859858,6.985387356789156,0.38296601606231406,0.2860107319589895,1.2357884241435577,19.229534838696818,-1.0940476822799023,-1.3578698813181649,-1.9363883542560596
0.0,-11.941284362860996,-16.760405286572944,-9.282296525899632,1.8162869818644587,-1.0141728230484586,-2.148509976222557,24.954037224371444,0.5560610373963194,-3.7332535719107636,-4.471029336905209
1.0,-7.1141526336662135,-22.700033298718736,13.4103853419065,0.6005130703070677,0.5179091943098724,-0.7882138204993743,34.388185121930995,-1.3151005732905767,-1.6596234466234163,-1.9241975340354105
0.0,-14.722396270334844,-10.622317333064261,-9.286577097626425,-1.6205629133003674,-3.2954591294930786,3.8574709287618,20.284995094079232,1.4223913428085315,1.5961453939868022,-1.2502402109705337
0.0,-10.830049716432383,-11.8075390319063,-7.986460371577408,2.1063856730144837,-0.14170350071876392,-4.756192470960711,20.27179242969881,-1.4583213866302398,-1.6130404072974156,-1.9474251811255854
1.0,-5.367359780209352,-16.795720958628454,9.482590627636439,-0.4285702137977295,-3.767880780516845,-0.8732173463245637,28.978093832122124,0.2582313289980651,-0.014846814322136082,-3.767786491999767
1.0,-4.991403974613685,-16.325867456533274,9.606798894511423,1.0657981578770743,-1.8510626274638802,-1.3112766286931001,26.823646636530547,-0.11676997158078589,-2.540464684520235,-2.4163537126420027
0.0,-10.735409910316934,-10.524440178363404,-8.288546949427646,-0.23179887471724736,-0.5612627441034364,0.5511940555470871,14.957419537243283,-0.8542978012073879,-0.4904391172506679,-5.351658328407945
0.0,-9.880873737158932,-13.543019193264936,-9.472892396791424,-0.3733777302892328,-1.1559569078420568,1.4738693328616626,22.86137887494141,-3.0174108301133242,-1.2117968425308772,-4.687149279907962
1.0,-6.8435746596504465,-20.728663211692666,12.475168669911499,-0.012356660275236242,-1.0135099439598383,0.8597329235116276,32.89021343561247,-1.5120285961392943,-2.213210089686133,-5.845022014900556
0.0,-10.996980472067078,-10.580970524511462,-8.386357582959002,0.6732647190024088,-1.0954781105384983,1.1294607948009574,15.04290740932978,-0.6828803756112878,-2.5172104433981275,-5.192080850535191
1.0,-5.989951242093438,-16.761166739670934,11.096153541927036,-0.46721243399770984,-1.261367836716572,-1.03371121109353,26.03316999188645,-1.203041651563736,0.9822580468777704,-2.1381372189677323
1.0,-4.967345170397579,-16.068452925858793,10.096349221977963,-2.7338569846356164,-2.4317957405575994,1.8739274612189154,24.362279907800133,-1.2744111926885786,3.1228379515438034,-0.12723801924179232
1.0,-6.358131764950241,-17.10763531467492,9.723772733869586,-1.4749459041253377,-1.0943291079915356,1.2831808850449404,25.71357480959417,-1.4160133677036097,0.9763539886683037,0.07858251438705888
0.0,-14.302364807468168,-11.610315627072183,-9.044537040208056,0.704899076109899,-1.3356718369778082,0.24234925599065005,18.929098895579745,-1.7071151611786841,-4.273814644013138,-6.686989401556592
0.0,-8.733749509185605,-11.732904311837956,-7.4531355934786605,1.0852738398933175,-0.0618261783140297,-1.4260098309911102,17.899803223260793,-2.230161489930299,-2.4148756191314824,-4.838321632713883
0.0,-7.947175819188119,-13.172221970009607,-8.040002929541311,-0.30630027616690064,-0.569556012772387,0.40113267851404055,18.20019563190465,-0.13981066915134083,-1.3054958192271073,-4.036614503140411
