10,1,1.0,-1.5954563952585683,2.094475940244588,-7.650221535463585,1.346903132818185,-0.9907516044252922,4.847069569188817,-1.3141462524755836,-6.937814579690482,-8.54085742733513,12.52607640250866
10,2,0.0,1.5589987714544102,-1.1635925452563463,9.237717995012028,6.121098476752702,2.5578987958595567,1.0003041464774727,-3.5843938315815773,-5.696191270448849,-11.929999729208994,2.2635110337405617
10,3,0.0,-4.040959093527766,4.763060729600082,-18.7932487670845,-9.955912945257245,-1.6033452586076546,-6.086585607745704,6.786594141730651,-4.346261816133415,-16.62268792166291,-2.4399357329623585
10,4,0.0,5.087618080877473,-8.340959212467887,29.506700431574835,16.778617394667823,0.7952378365476748,13.439963253103516,-12.76962558321093,-4.147520697843411,-28.33066002078167,-4.346106278940968
10,5,1.0,-4.8370799640578195,5.778187837029807,-40.497585993293455,12.736960012358482,3.233695006113683,39.059638029623024,-2.493018593222662,-10.890883991292503,14.315768402061558,10.607267333214336
10,6,1.0,6.083914097302865,-6.706124098032603,54.664133145403724,-20.499142837402943,-6.881514772058637,-32.37450710506142,11.065348054556555,24.68918752751673,12.496390277863188,-21.96766955499227
10,7,1.0,-7.076324575595879,10.919130120078895,-74.20023487910686,20.918347708415197,12.768366491840432,52.30905015387417,-16.6063376863244,-48.03414452209813,-46.44335298564148,44.216181010663824
10,8,0.0,9.994778697109677,-12.544298864826445,100.47164090266136,61.86665976650027,-22.199392641682117,13.903697822112179,-25.667366377529298,-13.91235539841759,-64.76880767990545,14.688680645077214
10,9,0.0,-17.82635196570577,21.72350754969263,-144.8182010685661,-54.16388886912007,38.57544834363318,-63.13267085150132,38.362380238715694,-5.061813373737782,-135.64218529868748,3.0312009468879
10,10,1.0,18.289244486173153,-26.5617207862204,192.03242358013802,-65.81078570841339,-58.636148618456,-180.0249621324339,17.54093132933122,72.42569616280569,140.15190394985405,-87.67794106239835
10,11,1.0,-19.412696663888372,27.233623544098677,-250.76801680858978,79.97368604338945,88.0098670436175,147.3741762718051,-52.46446329679983,-127.84100683241297,-173.80697131707095,98.38407761281059
10,12,1.0,20.25008078934708,-26.627007929515482,316.94891082201445,-109.28339123099258,-125.72553773455739,-212.23658481940447,80.98205167709504,172.8251437048249,225.7420831110907,-143.32999467503814
10,13,0.0,-33.14906405012494,41.9682404004504,-416.0579028243636,-255.77355887753794,183.5074859188027,-59.05043876664826,96.97145433550398,41.75811425798246,293.3138007168501,-48.16053903743822
10,14,0.0,55.496805193290434,-62.37322211393979,562.4424376028395,167.97766288833338,-270.8812082288878,247.7387779943935,-133.34170302714324,1.8077041194172865,685.0133603734203,-22.410289409780443
10,15,0.0,-92.63921345548972,108.31527110576094,-786.6550490344563,-349.6236118667113,406.9404113875328,-431.2007235458801,242.9179599165556,7.426763632108407,1028.122149844847,-7.7748630380128665
10,16,0.0,153.91033142711964,-181.66409665189866,1135.9531046089614,491.9908561402082,-616.9801457330442,654.1898658996056,-369.10549955936904,-18.860321023460372,2228.2457790377484,-12.444515682353428
10,17,1.0,-157.7810996005242,211.66648845134839,-1541.5348108145324,521.2917481842034,901.6421895434282,1494.1596759754618,-110.58594729140944,-531.4837204705498,-1673.5967398004495,639.8969269886171
10,18,1.0,163.3414038728694,-227.47524599532358,2012.017640307544,-655.9103396165829,-1281.7768783484216,-1170.3372742814388,393.16262192779504,1017.8621939844463,1458.945178286443,-811.6901310074717
10,19,1.0,-166.6480591157766,235.19811149256142,-2561.3790196724285,853.829884784343,1790.9771541008888,1734.330486394353,-626.6389393013421,-1435.305310710915,-1353.0904463877932,1208.968525903462
10,20,0.0,275.2111676346308,-341.07609748943224,3360.1940954927145,2047.1875859409354,-2522.1883551069036,485.3691417024794,-800.7906717127522,-370.14579191163637,-916.9669265562762,407.24617188101945
10,21,1.0,-284.81811793632966,387.2194666152078,-4290.024733057892,1550.0864925791332,3503.7970714807034,3716.3698572754724,-461.71382901551567,-555.2256642410063,2545.940356905177,947.0566727461577
10,22,0.0,470.44001457083596,-578.9101685416077,5640.3272595726985,3498.745205688273,-4901.9126053241525,427.42721291817094,-1637.5731922313448,-185.72510301602097,7424.587035285731,361.8776423076289
10,23,0.0,-781.503963732574,941.7426447427769,-7664.4301286813325,-2412.8775901783647,6920.932761527249,-3215.6464746843935,2001.7691299918295,39.01935184224739,9787.218130373307,184.25419272101976
10,24,0.0,1296.1224968268484,-1554.7186250919667,10761.43762579742,4843.174667710253,-9868.963250421117,5772.642729471739,-3447.704232863552,-135.75070009052612,23356.182485024317,28.47453006546066
10,25,0.0,-2149.4324838430443,2576.0572044172377,-15603.932906973285,-6848.280671614345,14222.63151116111,-8905.009962063777,5146.808969227245,200.87305517741189,34867.10572508498,98.40682178065941
10,26,0.0,3564.162077104722,-4270.117655691611,23291.240367090253,10972.001062421456,-20729.390664064736,13429.310867772094,-8081.71738690123,-344.04040611667943,75267.97906206407,-100.01557061354038
10,27,0.0,-5911.043639186389,7081.091821529753,-35648.56691599264,-17314.904029085697,30568.9173310986,-20458.98199537435,12732.51105662258,559.7517828610286,120736.08965669938,188.6361167263604
10,28,0.0,9802.183770168487,-11738.815918279177,55688.18829514717,27887.19961228401,-45620.64786465932,31707.223547087506,-20382.734203027605,-935.9698341800927,246223.81948196757,-307.6042428613661
10,29,1.0,-10067.236075339988,13558.381639451902,-78936.65294100593,25901.197471588155,65811.32517109322,75978.406209147,-4553.890176656175,-35088.240805104666,-184893.4050912668,42540.983694013004
10,30,0.0,16692.90136442585,-20498.857637512672,115757.13920126791,80822.64553930103,-96018.60222771461,8922.78108448348,-40570.67946048967,-10146.497476793451,-280906.8512274964,15552.411352271567
10,31,1.0,-17143.23922894973,23257.092889487227,-158508.9538279261,54374.614397434365,136500.26248095487,134368.133331241,-10551.72615347361,-50933.594438385495,264472.36682075425,72404.70437529667
10,32,0.0,28427.891214764313,-34966.149197614875,224877.1773656022,152250.29519175444,-196068.96622832367,23701.33731641101,-75541.0991357919,-15207.775455323772,598202.4416611231,27339.167246068293
10,33,0.0,-47144.16901967422,56779.30771130155,-329347.3502265765,-125042.33688444331,284776.478941251,-140741.8677398125,99628.29120790612,1570.7392114478625,938119.9927846965,13398.130605347613
10,34,0.0,78180.1458639292,-93753.78629962119,496015.6974385853,246969.89337657878,-418448.0113621299,262476.1135498478,-174653.39392313978,-8158.630543203296,1948511.0502378931,2811.0334136687247
10,35,0.0,-129648.30315749427,155341.07460072986,-764790.0611423124,-370818.68762374617,622215.787787893,-426571.1252625567,273421.13877726556,12191.822038317652,3218978.583145067,6438.121105473265
10,36,1.0,133143.3200166022,-179320.23450436455,1076561.3866433082,-354894.0035347736,-895522.2948124873,-1034252.4257966088,65011.03214157282,462682.1917033248,-2698318.899110164,-559337.6908580962
10,37,1.0,-136732.1894811085,190790.02899318936,-1440036.537308103,459870.9845220827,1261553.038040346,849859.095292428,-271421.01716598397,-889946.2390264735,2114370.2473985646,711599.6499759953
10,38,1.0,140420.6576474327,-198157.280571337,1863908.7942082915,-612644.7678812094,-1751210.107996241,-1262535.2166500837,444086.2545965445,1270540.3635401877,-1609409.798908902,-1073825.700069501
10,39,1.0,-144206.02090841945,204247.19973014208,-2357750.5211082967,790361.3461062018,2405675.717068054,1534706.2193487643,-614839.6817564338,-1602625.9494286897,1325636.6409779957,1237131.0812975396
10,40,1.0,148092.4153356829,-210000.7091232311,2932439.4047266017,-997658.2293901537,-3279834.7535084602,-1920605.173969256,800324.056055678,1881482.6030858168,-1417212.2833536235,-1468064.3673505762
10,41,1.0,-152085.3645071939,215747.16852777742,-3600474.9604727784,1238928.4306724144,4446842.727464475,2346075.7053343863,-1010300.6504153239,-2100159.251518857,2062318.6753292098,1580656.259183721
10,42,1.0,156186.05719184803,-221591.73929417247,4376241.533745953,-1519388.9311498115,-6004188.323691446,-2847691.262397639,1251861.395232209,2249806.328785947,-3476374.6112410435,-1687966.4916063452
10,43,1.0,-160396.0303238837,227573.49339906147,-5276315.693218298,1845048.996424602,8081804.927082746,3427037.877740062,-1531352.6474647955,-2319770.739046909,5927950.509642698,1701731.3453763076
10,44,1.0,164720.82740647526,-233712.27700258585,6319800.525061131,-2222866.9287754516,-1.0852858918221034E7,-4099419.8962036395,1855259.4084056336,2297544.2237378354,-9758624.1625958,-1665485.504633837
10,45,0.0,-273160.54222200817,339419.0368906339,-7687717.976615789,-4205986.1655880585,1.459990693061422E7,-1047921.5051245976,1388808.5668482454,573483.8517911659,-2.6098975401623443E7,-534795.9476244556
10,46,0.0,452987.5697701487,-546726.2135877147,9533312.51363829,2218757.6871273885,-1.968322670501882E7,4247909.028655114,-1789465.316234596,84995.77689324606,-3.7041489810885295E7,-213433.77362889075
10,47,1.0,-465201.8517026903,627881.1945750637,-1.1667668425603665E7,4247699.219647009,2.6463999922077E7,1.1084361275810149E7,-1440168.4855398794,-1342085.874086293,4.584765088735797E7,1492750.9290493336
10,48,1.0,477744.4571534204,-667066.4054126954,1.414201426758893E7,-4918189.875685141,-3.550718131885101E7,-8037782.158889314,3235265.16433526,2082796.75004799,-5.818962299326359E7,-1543066.6444148552
10,49,1.0,-490625.80845571606,692510.5357265647,-1.7010908550931055E7,5962428.191254974,4.756571444017751E7,1.1428907751255628E7,-4587004.802550048,-2428097.9498944236,7.575084405936259E7,1930193.2082924293
11,0,1.0,5.530602409217423,-1.470812778601098,7.070042361852682,5.651651186416394,-3.0926143601228877,0.2327129330312685,4.409438012431572,-0.05722823905509067,11.650743192701206,5.584280485682084
11,1,0.0,-11.025949110357287,10.306697739438194,-26.375979648864657,-21.27304729234128,10.05098339847276,-10.818408973747312,8.602985318794545,0.21758035516570584,16.034390772320002,3.971525394652528
11,2,0.0,18.550347248180813,-20.956141759387464,57.377538559770066,39.18736818276483,-21.328125750138643,27.928595772394686,-25.501268408740447,-3.5511316334733056,43.19042904657348,-1.6077407319746606
11,3,1.0,-19.718730683078242,26.36569256477482,-96.9896945071212,28.017873311745536,38.710801881291616,90.36223884241694,-2.9956500700308126,-68.47639637981786,-73.4619302655326,83.8723897093779
11,4,0.0,31.151193559567677,-39.54559628618351,158.2824779784781,123.42290449499501,-65.83412744545602,18.880008256783675,-63.36860513535002,-22.645439004934016,-85.89076215138205,28.420627338850817
11,5,0.0,-52.41817834016266,64.14368755055973,-261.911276578567,-124.03181286301508,112.57896674164151,-113.05981375417694,92.45078495562943,-1.6991036285940122,-216.8277382617499,12.279923945326976
11,6,0.0,85.96796019352507,-102.82913549247748,429.7715575100809,235.52953531961168,-192.8445642426358,221.53157967939387,-167.46369944482947,-11.006284117395596,-283.13286180788725,0.4399467270407428
11,7,0.0,-143.863344760338,173.40601640976732,-709.7070493254889,-380.4919521181419,328.0616800411752,-384.19538973392287,274.68535650232013,11.063803042432147,-701.875950578672,3.9822455823110765
11,8,0.0,236.61172114566216,-284.4409139441357,1169.9834872873143,629.6497781406146,-554.41146031439,643.6006892938151,-455.6041867528924,-25.171679883365396,-967.757715037601,-9.598098701892111
11,9,1.0,-243.76453100355516,328.9442355274364,-1706.1989628378028,546.9745971497343,861.5501840420022,1629.3790358410981,-85.5133290064902,-856.4693121124362,507.10880862831004,1036.3051283667694
11,10,1.0,252.06715725223435,-351.6084012478566,2332.9783301271677,-732.4178642531394,-1271.9843087262868,-1392.3059805530263,422.300933045909,1670.6788467117651,381.63042565222975,-1344.1205444039472
11,11,0.0,-418.6605733567207,517.4373122963874,-3309.6617734172446,-2213.395378182014,1904.778222677067,-632.506485199118,977.2237920818905,437.0468285796292,-550.8857004120664,-442.06091746627635
11,12,1.0,429.86176842388977,-583.95497836231,4442.520468801566,-1546.5102059853484,-2751.163039020163,-3892.8761139272483,378.41132548959473,1063.9595331152093,-374.1682269602746,-1590.5542373328942
11,13,0.0,-714.067977628561,877.9222935951844,-6179.633859589678,-4094.4294827430263,4021.707648149533,-554.6537262999868,1986.9801352627187,328.5905822158001,-3037.0161185600714,-602.1799121759905
11,14,0.0,1184.2788884587787,-1425.2094119564003,8883.637025037584,3232.8473696119627,-5948.937923705801,3753.9099068662326,-2591.1595407840364,-56.63076119729178,-2280.5111655256073,-304.9250883463326
11,15,1.0,-1217.6177541762315,1643.6685179091978,-12023.50360809536,4055.8918111184103,8535.091485209077,11217.062951537495,-983.3721045849859,-4166.346764276289,3480.7777689666,4873.84761958737
11,16,1.0,1253.1996042478008,-1748.002164212227,15682.69219645587,-5119.926634809713,-11997.95416938425,-9271.199211195792,3136.633707409557,7866.6516757091795,-3133.576839503534,-6335.356078566818
11,17,1.0,-1286.5873219188722,1814.8537420335895,-19945.806619341685,6654.987590259187,16630.8139804381,13454.636067006064,-4908.42899231786,-11078.001440418968,2839.7855996740086,9275.822559473865
11,18,0.0,2133.012244691561,-2646.426841258198,26147.946725185382,15923.682582100311,-23227.105436572558,3800.328779425975,-6204.376732725732,-2856.864975742939,19257.270094170843,3119.1126485189675
11,19,1.0,-2190.740761201055,2982.352252574471,-33338.58613606739,12076.373479674536,32046.124610505336,28900.331414451026,-3597.1364419052356,-4266.806708940227,2187.5698681927965,7275.799820383754
11,20,1.0,2251.1080611553716,-3151.168203592561,41700.297353064816,-14098.197178959314,-43828.48517570851,-24957.120790168457,9035.886301677583,9886.856584635927,-21595.27368586827,-7198.979226593009
11,21,1.0,-2312.7092477595024,3267.9902137121544,-51422.52525485444,17631.512153789354,59565.17495450244,34330.67274249351,-13328.965446449729,-14278.495936160612,43266.61424204143,12600.222472496624
11,22,1.0,2375.17193333453,-3365.673779058911,62712.0019675845,-21708.39717211636,-80566.1358840209,-40573.12852875404,17389.29026345008,17492.738965172874,-71426.80529490611,-12916.028009699901
11,23,1.0,-2439.726562289729,3458.344953718072,-75816.21467581736,26448.212135352573,108587.87211035159,49358.9496764954,-21705.13857755343,-19456.791666722205,110690.46882540738,15101.379677323443
11,24,0.0,4044.4311367444634,-5023.070051561486,93363.58651818823,52055.88539181812,-146730.280159818,12931.419010499005,-17752.24701598829,-5055.027724064628,285033.5031997271,4909.918243480156
11,25,0.0,-6707.684323644393,8094.704453602911,-117575.42154014167,-29119.237017722393,198891.62382316,-52393.82828995274,23271.99069657658,-450.0345778517802,413083.3441236459,2099.1381330588492
11,26,0.0,11122.336284130317,-13343.497971933737,152058.08237747394,58954.33730638957,-270605.1339309895,84911.52559689184,-41464.53068507472,-1333.9687293645352,904027.7864651877,417.1271307610634
11,27,0.0,-18445.24710275025,22103.968728125034,-202712.40687979042,-75304.10674385157,369825.03575586434,-120442.58421642399,58200.49423934068,1706.9185992269054,1451094.663696081,912.0850414035325
11,28,0.0,30587.911151974353,-36645.401238707775,279178.16793850105,114828.5045145832,-508102.46297800593,167556.7361155733,-86508.86760827915,-2945.9211877129537,2933334.489235395,-815.5963348955705
11,29,0.0,-50725.853339462315,60766.63545096936,-397307.28095164016,-171652.19465150105,702412.2623233176,-236606.68302398053,129095.73335543054,4841.042146827504,4980353.108275647,1655.215501387186
11,30,0.0,84118.88861877256,-100769.03952730862,583195.1009660563,266294.862526252,-977999.1963673861,342812.565292095,-197993.65652808052,-8033.567252782562,9648544.74545628,-2608.791765602472
11,31,1.0,-86387.29691636065,116343.44361691843,-798733.9720341952,268932.66119508346,1346413.4980512348,776094.9651187127,-53373.19520469744,-296350.4783310051,-7019409.537417583,359269.1151017967
11,32,1.0,88716.25963726922,-123787.7184085254,1049834.886410179,-340342.35402717703,-1838567.3408377483,-612232.0169582055,203219.10758853727,564646.6121709929,4869474.4732524995,-448569.20034891815
11,33,1.0,-91108.31016557779,128567.56043997704,-1342450.3096999025,445952.0042119192,2495668.0041942527,909279.6271101777,-325779.0681285636,-799366.9769085424,-2954699.795154987,675029.7336278509
11,34,1.0,93565.33336710534,-132518.48552463338,1683141.3842416701,-568640.4158640548,-3372626.5291450797,-1092931.3662559707,445155.76565411995,1000038.7631452874,1044458.1128667122,-768663.0735816103
11,35,1.0,-96086.00630736606,136252.97294443357,-2079381.5290333834,711642.0614909213,4542630.9242990455,1360339.7811488593,-573822.8275969002,-1163746.0114172627,1096014.4077450472,905731.3984635584
11,36,1.0,98679.01912427151,-139982.5289068668,2539745.2325589918,-877989.5231188915,-6103222.091054454,-1653049.3252342409,718937.4895119444,1285855.587129023,-3722834.0423813034,-963196.6497672336
11,37,0.0,-163641.8377236513,203326.95361987042,-3169366.9716227883,-1802745.0325905094,8215407.06373771,-449808.2747342113,629302.7520855044,322045.7570400057,-1.145067377225328E7,-313333.64286999166
11,38,0.0,271370.3715280484,-327523.4020709775,4056225.8464432396,1067150.2453411736,-1.1084005148439506E7,1809290.4363383402,-843413.1195025912,46012.39650159035,-1.491950565572808E7,-126643.79277780889
11,39,0.0,-450021.2376213039,539903.4273055489,-5344698.088644075,-2148817.6480971724,1.499600163052403E7,-2969036.3878560676,1509137.3665176043,60337.32625115538,-3.5507678380033016E7,-33629.43698336909
11,40,1.0,462154.5351941771,-622679.7004648852,6836658.772438883,-2430224.9891106947,-2.0215678201202236E7,-6654453.897570139,607308.1712347162,1462302.2877389332,1.5906426889802508E7,-1803734.253599677
11,41,1.0,-474615.07077533077,662331.4354076337,-8570533.752883326,2893891.682091306,2.717829886875205E7,4892124.613735925,-1796474.9955222206,-2665086.899011641,3124308.9421482305,2045287.180380396
11,42,1.0,487411.1519040755,-687853.3728514465,1.0585996861652307E7,-3625042.4919280154,-3.64639635857997E7,-7148801.415614151,2712697.6624021307,3606848.4332007235,-2.3525606501068547E7,-3031643.9668817082
11,43,1.0,-500552.16653759306,708967.3126315584,-1.2927227051380334E7,4470094.0760365715,4.88457874951867E7,8339280.657785141,-3567123.393203098,-4301841.533105059,4.7341181874893524E7,3221375.1746618547
11,44,0.0,830074.3480222565,-1031002.3724214688,1.612779952034866E7,9169611.976532495,-6.5511447971287735E7,2323783.545803639,-3240986.8168386044,-1109676.6751748677,1.2290001821461992E8,1034209.8749915537
11,45,1.0,-852451.3274327113,1160320.1423823084,-1.9832961675445236E7,7392442.373167147,8.773341526909578E7,1.7213311882418957E7,-2449821.2335295277,-1312469.1170480812,-3.940557011414964E7,2287574.59503156
11,46,0.0,1413637.2403981762,-1740048.01430114,2.4953659954232424E7,1.4601327652713656E7,-1.176286480863742E8,1522744.4388009973,-6602809.712352266,-470415.9262911933,-7652332.892349333,868011.5157513951
11,47,0.0,-2344267.1796695148,2823849.4690390546,-3.2246320082714725E7,-8660327.270361448,1.5793418233230948E8,-1.3396272669048198E7,7512315.019950867,147541.14396809245,-1.0027712923405793E8,466512.5559747915
11,48,0.0,3887549.4264724995,-4662167.664856594,4.2951569191658124E7,1.767004169483083E7,-2.1241880766063872E8,2.3310077359377094E7,-1.2667352123503655E7,-392216.67314163345,-6.730543753479892E7,52383.88087589064
11,49,1.0,-3992362.6497051166,5378457.592982613,-5.534970219645931E7,1.9565062860412836E7,2.850842763888245E8,5.3632770411000505E7,-4658180.948195355,-1.2951950066995095E7,2.328078019142587E8,1.5812595280181838E7
12,0,1.0,8.043100881884168,1.524015528982839,7.889420228313582,6.732357898450846,-0.17930436598443433,0.04764565945553112,0.305592093647413,1.638900191398386,8.76269000609317,6.336193906660818
12,1,1.0,-8.813282088388824,8.29441748735745,-24.46209849164943,5.105407530394935,5.489168370028409,18.432355160148045,-6.451604668582462,-21.084578501739294,-20.538317669417022,32.277894146641515
12,2,1.0,9.165518517632146,-8.882992804909152,42.62830575132783,-15.197023024353033,-11.862881808312443,-27.917807352508834,7.738770658458557,44.082711955866394,52.16419956667237,-32.521550589550344
12,3,1.0,-9.591974736191087,12.592679470296881,-65.31703058840507,17.677362896770887,21.66890692668235,44.6225394846072,-13.038376960945888,-71.07884610915768,-95.63034851446665,66.76072830711185
12,4,0.0,13.944881370061134,-18.845092294577572,94.39886501532708,67.02577220438326,-35.55664200702544,16.41989987446486,-31.02859447970324,-19.574323327682272,-144.3583804985434,22.092971913540193
12,5,1.0,-14.162050893591093,20.397085212728857,-129.62761370062094,42.409478339099536,57.09199401359896,113.44347489519127,-9.071584843493948,-34.22547267177708,121.4336613650225,56.201802472112384
12,6,1.0,12.803737468325696,-21.392295993696557,167.65223436777816,-54.14910805905573,-84.58739897023949,-102.04820997956728,32.46433724228601,82.80434798939086,-68.32525190111375,-62.80789860482202
12,7,1.0,-14.902426305349064,20.721945665302357,-216.82483997172577,71.3062154648818,121.35412661713897,147.34604437478373,-52.34856726934807,-121.29073751439675,18.03869119939334,106.9726479910866
12,8,0.0,22.258329785024554,-25.89559225330011,282.44273788273193,168.6579331836844,-170.87121303844867,40.047776576642065,-67.74978098843197,-32.72914297292755,142.04072142680835,34.837115280222775
12,9,0.0,-38.09358964722654,43.652369587258974,-384.19733258389095,-118.83182816132584,247.1327267272179,-172.25629399022262,89.56844242643889,-4.904427098909575,127.71281823455794,13.16121733545265
12,10,0.0,62.43041993272105,-70.59232102623297,534.1123593118402,231.24108628601365,-359.18071216812496,292.4546394575917,-163.05781452334134,-9.524944092857325,436.231657393816,1.5216465647439175
12,11,0.0,-104.38846242202996,123.42812663793096,-770.9372838254213,-335.76421014990586,529.6777246337265,-442.9807890335936,248.16341636015073,6.199123784292957,506.242361356148,1.825060022595832
12,12,0.0,171.7081841174108,-203.59798423135513,1143.129163842917,529.8104857297806,-789.7819767257602,661.6816334077641,-390.57318087821903,-18.750719461412146,1367.9009386828632,-6.835222609247526
12,13,0.0,-286.5670995529255,340.8447590330677,-1746.8159351222585,-843.0359293737155,1197.011734346742,-1004.1702235210834,616.8777869163139,24.518721940828968,1839.3171449595386,6.472869023536927
12,14,0.0,473.94899994150734,-566.6458556781565,2718.207283434258,1353.7616936501252,-1831.843446085459,1549.472653446689,-990.7978514584735,-50.14705712846672,4388.518174219442,-18.4779259434694
12,15,1.0,-487.23593285626345,656.7229875827245,-3846.2364137562363,1261.788268231791,2684.159652835216,3702.787516890644,-223.84265269780505,-1691.5724308215258,-3317.564042692253,2050.7347918968667
12,16,0.0,806.409946922169,-989.9227551704477,5630.139392415943,3923.232957803246,-3977.914749089632,429.8813037587884,-1970.925072963123,-490.2155267212586,-3660.4076936550855,749.2239108351458
12,17,0.0,-1336.9932105670327,1608.6191219634702,-8480.925151352236,-3418.191679504553,5968.4073584403295,-3537.7009754864016,2679.963022984443,27.06706256282615,-9965.312670667943,358.28250836339845
12,18,1.0,1372.7040318978702,-1850.642638217815,11783.686004254592,-3902.328200933454,-8637.692870942781,-10945.817410541606,858.5798279495899,4809.944934454768,6778.25059124598,-5619.342120702008
12,19,1.0,-1410.2669155637104,1969.2765031353515,-15637.175560913442,5026.147950983999,12215.244029868943,9322.85531193653,-3033.739148943913,-9142.541926241209,-6085.814328171487,7397.444941337443
12,20,0.0,2337.552347532651,-2891.8060126929786,21487.223742362763,13858.723255202609,-17441.365291711605,3956.8053545447524,-5952.515169371796,-2424.8070746499043,-437.4158232951407,2426.040366570304
12,21,1.0,-2402.020347621457,3265.8538194244584,-28280.76482333772,9994.71405976502,24441.636313082316,24759.156804777507,-2613.1220870285615,-5798.613753748425,11148.17100048485,8680.27646956941
12,22,0.0,3983.111563732574,-4900.635543373109,38504.052032268606,24902.129621114265,-34556.44550361392,3214.4992373687164,-11961.45864270108,-1818.7196068350775,40137.26603139774,3277.7406515918096
12,23,1.0,-4089.3192494349337,5552.212405158849,-50360.54726213741,17899.701520161052,48090.40665743369,42815.64040637683,-4096.84537699854,-12224.82715154226,-11319.663913637687,17076.50691332322
12,24,1.0,4197.887795742508,-5872.927674712948,64152.79024503494,-21348.809721580972,-66178.5600036909,-38945.88850169398,13081.2340024339,23854.554518189147,-12286.798675876193,-17683.835093693313
12,25,1.0,-4311.275965169329,6091.709105779922,-80203.11382903662,27170.366479434793,90345.61295940752,53534.56261487742,-20163.07382363822,-33470.81259108452,37850.117499517204,28999.09798459872
12,26,0.0,7148.527583585003,-8875.710964628079,103024.44285165684,61060.02114204248,-123963.29247985216,14718.791758233476,-23185.871379585195,-8710.464895752195,141126.87870379558,9846.595962090852
12,27,1.0,-7340.579559479006,9990.090568975775,-129469.94760411455,47437.82005140329,168864.19001794595,112219.45709895383,-14655.250052324362,-14260.797244952277,-11813.128705327861,23929.571284162863
12,28,1.0,7537.981684194818,-10551.436572891622,160184.0575729898,-54662.99292573664,-228802.2954939143,-95475.47429698426,35354.03203316306,31391.550994545716,-114165.89300436103,-22303.59028292165
12,29,0.0,-12501.903580988022,15485.693515539198,-203139.8240062445,-118150.71965566641,311154.3106224477,-33868.86247111485,46492.7839296618,8824.671937092198,-382966.4630488136,-6680.439040632416
12,30,0.0,20730.412911762814,-25004.393760557683,264952.88775979064,74438.64930541029,-425005.00410487026,120339.24214230312,-59991.61331491003,-205.76498904961824,-468496.18551770854,-3200.0190056167817
12,31,0.0,-34379.816134846864,41241.79389420747,-356545.90518499335,-148978.37182273882,583530.5658095338,-197893.36944027877,105304.69546998935,3722.9288886179097,-1177360.0630877647,74.60111533575306
12,32,1.0,35306.34876634801,-47567.39504552855,462637.407663041,-162650.8556425392,-795263.5057753226,-449302.30879632954,38725.023187485,115122.2536342473,508465.1548479855,-140188.5768232166
12,33,0.0,-58550.37757762896,71905.59928110606,-620094.7537133943,-392260.8919383877,1089017.4134059919,-27474.16370669581,189474.2745827786,33741.0657197686,319388.6784505485,-51129.69044671175
12,34,1.0,60130.00546374652,-81569.00123367315,802651.3586740184,-287621.7878753064,-1481297.8623288432,-674497.676600909,67025.09877529819,170468.6461151596,-1084570.6466173476,-241710.66831492103
12,35,0.0,-99717.19808664138,122649.71461337667,-1073028.3323131672,-679166.3393255633,2023807.0742190091,-97066.49039298936,328068.73672783375,51446.89069682767,-3113656.829112015,-90984.65951651726
12,36,1.0,102405.39861476875,-138984.8253479638,1386506.3184094683,-497582.82205997116,-2748164.6710604522,-1181630.0166828008,115827.86439110362,295827.9970858932,901322.0878983714,-420963.32829323004
12,37,1.0,-105166.38804910485,147099.92515976456,-1751092.669891964,587020.1387417329,3714912.5456974357,1058711.2237873995,-361124.94427447335,-576192.9609322626,1226903.0365448166,421549.76496506814
12,38,1.0,108002.19194501282,-152529.30958790946,2175119.9875312243,-741135.0328675822,-5004738.306667443,-1451080.1953990525,551856.0596824016,801861.8900795504,-3559987.9177937,-696061.7192568455
12,39,1.0,-110912.32847849384,157131.7138913678,-2667905.64750151,918935.158120757,6725177.183165736,1729123.782170512,-730719.4790376747,-975728.3800032032,6396335.607870772,725042.9842888304
12,40,0.0,183927.09166025935,-228460.1877247097,3347148.219037572,1918766.5099545985,-9054402.8063577,483046.8253767687,-685199.690332894,-251173.9640411104,1.6765079877902823E7,232175.92635372226
12,41,1.0,-188882.85355785332,257105.35057088986,-4133634.2283023857,1535584.1465768432,1.2161098814992996E7,3587213.7245011325,-503544.2694867925,-298699.70437297766,-5362399.541709456,518491.9660876708
12,42,1.0,193975.39399347053,-271570.36465774506,5046191.071658973,-1742183.249034493,-1.6304020273992097E7,-2990397.555403031,1143085.2014563298,663683.0032406622,-6098751.161334081,-463173.8990668954
12,43,1.0,-199205.41250104384,281417.8698360978,-6104991.469099005,2128961.4523951476,2.1828018963254534E7,4066528.6682921913,-1632445.8247340864,-885079.4826504292,1.8678111899991788E7,769715.7811341181
12,44,1.0,204575.98335752144,-289850.3121137804,7332774.804265719,-2572940.9270214806,-2.9192690545424007E7,-4726513.543653065,2084911.8137486088,974490.1477396112,-3.3512984884625807E7,-674481.1175838949
12,45,1.0,-210091.06404158383,297951.02416303166,-8755583.093813114,3088194.877408604,3.901055776922976E7,5686529.789163116,-2558482.651784594,-926983.5391052883,5.192141263189565E7,680036.2415971276
12,46,0.0,348398.4813287721,-432860.3109769168,1.0606167544812128E7,5764277.048958936,-5.216396847222096E7,1430893.6846263988,-1896276.2779144945,-258883.65049956966,1.2358115216119687E8,207963.18800966645
12,47,0.0,-577757.907194082,697298.3404602716,-1.3082134798815764E7,-2976036.9136208775,6.98080882242142E7,-5825788.370176916,2415156.921200557,3174.2805662662777,1.8796784390324962E8,98235.15044579263
12,48,0.0,958106.094904631,-1149467.393110935,1.6502677564536124E7,6075830.785656452,-9.351226852221924E7,9282478.932426954,-4280687.500077989,-105395.0516521965,3.949532106691714E8,1436.8206033751426
12,49,1.0,-983937.7796420737,1325697.9090800593,-2.045964706708559E7,7451352.756887563,1.2511639906603648E8,2.0046449587872848E7,-2016758.8939529886,-2895399.8345508105,-2.3108210006496322E8,3528052.6030082554
13,0,1.0,6.991727038586184,0.6009450225993069,4.93536723421024,1.230530746564917,1.471318322285117,-5.387844899580949,-8.236931043842182,5.535468036848925,-1.4239852339770578,-0.7270839913073267
13,1,1.0,-7.628802108567418,7.626598848076169,-18.855283719614693,4.023246053722206,3.6121430708411255,14.265710621676218,-1.1807315189149208,-25.881530315791817,-18.582650121984955,31.0978663794374
13,2,1.0,7.6172523861065855,-10.480188508668146,31.88745611318487,-8.097244827787447,-9.384908873504429,-21.430246775468632,3.5257422650510724,53.02871891102304,63.00831679003329,-43.20656490767408
13,3,1.0,-6.516324484101153,10.092058836226414,-46.542693993137064,11.986861632509605,15.602583567168057,31.327030383316984,-10.586179092486725,-75.0160180534853,-110.19824313925608,62.5868051834583
13,4,1.0,10.194722213493192,-14.0074962604564,66.58595535205824,-19.806872762133498,-23.850700614364722,-45.21395954424307,14.957161477976491,108.29290202933863,178.01932496409202,-90.39182620850009
13,5,1.0,-10.555974094771242,14.776100945328377,-93.34589929005381,27.1693219155629,37.778134621916294,61.960694828692276,-21.814989454898484,-138.98747676161378,-249.54240811404577,109.62538719810689
13,6,1.0,7.177257724201352,-11.143587533799314,116.17946711951568,-40.78917069839305,-55.042243205690845,-75.53730540891976,30.691304604030233,158.18124561083295,316.81998061936343,-116.9997615584403
13,7,0.0,-14.400958571472538,17.017245355088352,-155.33894233690555,-97.3712831712612,80.67389547114973,-24.230815671318165,35.175582450642466,35.17640068378926,518.8652347806228,-39.37092162038784
13,8,0.0,23.495306325128357,-29.2440742947234,214.31777545292815,71.30912992816333,-116.59310340639554,97.19948194463655,-55.76611901249728,3.1888262896187847,1009.7825308289277,-18.618399782672043
13,9,1.0,-23.903296385502063,31.80029300746735,-284.04308120191166,97.43736211892039,168.47275758328863,268.93770824175067,-27.673287475046994,-81.78097942168257,-764.7918202689685,88.00884406856883
13,10,0.0,38.21312729436296,-46.27346912014672,382.57877472544993,243.52784051687914,-243.6325431792788,19.928751796234298,-117.82034913783184,-27.32586626497099,-1251.5997313895484,30.23087246102557
13,11,0.0,-64.15843051578939,77.02461899282417,-537.3925177577422,-184.71700539620073,357.5690930417399,-220.92532734996294,148.29843366364082,-2.2515666703033235,-2482.789169070723,12.071342690770628
13,12,0.0,104.53820229043428,-126.09228921453364,772.4897226158796,361.77970417915293,-527.0703759811176,410.2660935787972,-259.53863753009665,-13.080987683654637,-4246.079806460954,-0.1627429745471648
13,13,0.0,-174.45779859899594,209.92312396894837,-1150.1586320801553,-529.4759773263356,789.6719667247103,-648.285160391734,391.98409054795974,15.436589122906351,-8204.643115294783,7.314131460057301
13,14,0.0,287.99698178028416,-344.6714417306198,1754.2888044243698,851.5513181976853,-1196.7957622421798,1002.4926090110622,-625.1223516897069,-30.43237993636602,-14340.17222398246,-10.425214771585107
13,15,0.0,-477.6080063704764,570.8866250287468,-2733.2760914649743,-1362.3755247818965,1832.482328319712,-1556.1598753501275,995.3682836965447,42.11921406250292,-27251.8879059741,12.802021509230373
13,16,0.0,791.6197027191599,-947.8466343898396,4328.936284319045,2208.6416911665974,-2834.3673099088537,2447.5580148174226,-1609.3228392134342,-77.41415182743312,-48269.99419728504,-28.38594183036601
13,17,1.0,-812.3534941301002,1094.2786969953079,-6181.810160978555,2015.7761336527728,4183.292293942572,5937.563331090201,-344.8937093941272,-2836.81063316937,38249.05043805257,3438.933150394831
13,18,0.0,1346.798533973592,-1652.4112771854707,9124.59330689941,6407.992072658383,-6243.327060812097,728.1688987395861,-3224.559315435844,-822.327754344436,73777.78855256479,1256.0589837644138
13,19,0.0,-2234.2991356259813,2688.8816954859994,-13841.852940357685,-5663.855829072324,9431.65480416482,-5787.990511614032,4423.170328799227,48.872918703108,129793.6549195272,604.7272579927717
13,20,1.0,2293.6784516381977,-3095.021295733672,19311.838137514762,-6373.921431372809,-13709.718510825141,-17931.1840775764,1385.4172715065517,8055.516728427882,-104082.53696249884,-9412.029181251637
13,21,1.0,-2356.126905463681,3289.0417560707156,-25691.8373962528,8242.812339428405,19445.234698263976,15334.479276367845,-4964.315115173751,-15324.09094999031,80479.28217624556,12400.432687339595
13,22,0.0,3905.358432768177,-4834.744863767922,35400.57000790314,22911.6170475457,-27860.02185462588,6529.437602739385,-9862.444459429229,-4058.6891055996634,164398.5251427945,4070.456315370991
13,23,0.0,-6477.397547564307,7813.173486053393,-50437.73250793334,-18133.200348824434,40353.85942464344,-22949.753864489787,13959.18267013917,-248.47029636343447,278836.8952483622,1791.7561689802158
13,24,0.0,10740.528932043093,-12883.688246338736,74125.43507252164,35626.31212391612,-59126.99714610361,40146.016449526156,-25011.489510742504,-1233.444724599276,542962.7192492032,315.6247055617717
13,25,1.0,-11030.137905387994,14861.279899883153,-101593.63637236005,34249.12241500488,84292.02451512504,97566.31091945797,-6887.380984067661,-37630.34053828594,-409790.51540910406,46049.71251070318
13,26,1.0,11330.14788967966,-15808.335912839162,133600.6746175999,-43292.34065266204,-117977.28050247964,-78310.28758809884,25891.72228259898,71917.71546758484,315271.5493000095,-56940.027008344325
13,27,0.0,-18789.890661671394,23258.076334857415,-181836.97127838898,-115977.80278475609,166587.06461315672,-33757.512206693544,49571.98635393346,19084.746542138273,476569.7716599911,-18503.233514311134
13,28,0.0,31157.93163386974,-37576.82479651111,255931.05968448153,89324.67303292628,-237525.15168927747,116744.46402982874,-69211.99125846478,1083.396396634057,1000940.0009328111,-8167.203860514831
13,29,1.0,-31996.183985926567,43175.75230978809,-341832.11218739813,116519.38898545752,332483.94260250824,322177.7739093912,-30522.540618184343,-110389.21444260434,-676227.6028681031,129034.38570175764
13,30,0.0,53058.316017614714,-65182.9748027706,472718.6436457325,309736.8584706023,-469524.4982811094,30727.047111948166,-149638.79786465334,-31996.39823613847,-965272.8105667765,46662.93183042035
13,31,0.0,-87989.08557439197,105947.60740252114,-675777.9809802929,-243419.03686764484,669549.6128574666,-280172.00199946424,195102.96031649262,2083.3175930697676,-2132298.1485696835,22617.42059510277
13,32,0.0,145913.23271814745,-174973.56072583157,996153.1385677705,481387.3046907772,-964962.7874705351,525941.7660335331,-340832.8179629397,-15436.605725526451,-3366531.003371126,4044.1133551949038
13,33,1.0,-149846.3736026412,201868.4161874664,-1367660.1056302157,460509.1458483258,1360626.9142641288,1308600.7627547157,-90590.4817651425,-513404.42490764277,3079021.291821166,628108.3762448839
13,34,1.0,153886.33436109743,-214739.20437157448,1800503.2819039898,-582853.9554727988,-1889951.1564147193,-1057453.8004563071,347661.4719297789,980465.6569521211,-2750717.635248531,-776067.1153070644
13,35,0.0,-255192.4616807632,315883.4422076661,-2453486.8569252514,-1567107.529203878,2645829.422879384,-455062.9267664681,670830.7562120622,260108.18236073927,-6602227.638949907,-252194.65850464127
13,36,1.0,262072.13611453638,-356357.98152294673,3211057.949993464,-1139831.4680012765,-3656633.842090357,-2813131.5871566073,301352.22021098685,631767.9395518762,3379157.288534062,-937556.9032225512
13,37,1.0,-269138.24328674853,376677.29891397577,-4092681.6861921763,1361131.5283533107,5007280.507995813,2457344.664090717,-851978.8149074374,-1376716.8576934233,-647293.4013150107,1052685.7993436975
13,38,1.0,276391.5474517902,-390419.509324759,5118615.918422602,-1733605.0446528147,-6810938.29773287,-3426094.5172912907,1294099.9318249563,1995919.6665523627,-2124439.419042863,-1730307.423042114
13,39,0.0,-458349.1250296751,568944.238396637,-6578306.07611044,-3901261.6818757155,9305304.026700407,-936001.0460457553,1478685.054522493,522949.08599940856,-9218876.147361504,-586257.5763455144
13,40,0.0,760090.4114152191,-917182.6760369723,8712156.936778722,2569524.127454701,-1.2779823264836088E7,3871597.7022526874,-2014475.9304473975,39722.60255894165,-9908069.46847211,-256455.69358759242
13,41,0.0,-1260475.119049492,1512170.2197714564,-1.19175151933605E7,-5124379.135274561,1.7659505946863275E7,-6542055.66749049,3600314.804754257,147496.85416835378,-2.783606855695469E7,-57451.006449898094
13,42,0.0,2090271.87046811,-2504704.1307221204,1.684806845137224E7,7064830.491918233,-2.45758716172098E7,9762550.263705667,-5331039.40235946,-193521.50257131844,-3.741372558532946E7,-108173.97501122025
13,43,1.0,-2146626.2875376805,2891213.120109528,-2.2562879169768177E7,7720722.61735787,3.3821573224498585E7,2.194955377128272E7,-1689875.8101022611,-7249726.324739568,4.5314781073281474E7,8759376.035719456
13,44,0.0,3559796.283748528,-4371475.9588798,3.1288235718220357E7,2.0582469535329804E7,-4.6847058478257366E7,1733020.9960871274,-1.0094714106965013E7,-2109470.9964759024,1.0948954769913892E8,3194074.620649115
13,45,0.0,-5903289.329430407,7107519.544034996,-4.484670754706338E7,-1.6245649824277228E7,6.537308385087169E7,-1.844591218664211E7,1.3069312686830517E7,148687.6370217397,1.6453965591074514E8,1550821.5145285847
13,46,0.0,9789551.147708304,-1.1739030830596007E7,6.626621516167835E7,3.213409823671232E7,-9.199781848821253E7,3.489458709607153E7,-2.2771985940089688E7,-1033365.1885027193,3.517176674596184E8,287917.72136564244
13,47,0.0,-1.6234226561742982E7,1.945116125187426E7,-1.0055460855037615E8,-4.7585083404385306E7,1.3068950489239863E8,-5.627018097230259E7,3.524742055566428E7,1524727.910566732,5.713412983356931E8,775530.6831269567
13,48,0.0,2.692157035090802E7,-3.225094453193569E7,1.5599436718421376E8,7.767545660391444E7,-1.875751390693013E8,8.832169043827376E7,-5.667705346753857E7,-2571269.867288141,1.1488160728286903E9,-720247.6143759541
13,49,0.0,-4.464462839440781E7,5.348065851291065E7,-2.462928002857655E8,-1.2496444825989158E8,2.7221070981744385E8,-1.3919684693387327E8,9.116918641239244E7,4251642.287563401,1.9509460967652185E9,1452853.0458443349
14,0,1.0,3.1937213085842164,-0.5678787894603016,2.8636781813991945,0.9122999688634696,-0.27018308505473243,-0.8621450039473286,-1.6702991763529949,3.8715533934253816,1.0511030111023134,-0.008078279502366892
14,1,0.0,-5.685700806644254,7.655105226048306,-12.995300840931623,-14.29414812960072,1.667643112864071,-7.04336022055671,6.982651240249152,-0.4739953346092696,2.7377811934846776,-0.8642114803048982
14,2,1.0,5.839962790494277,-8.18497504860802,22.91643536925643,-7.901282299641827,-4.490391511688274,-20.637262694657974,0.4750115192017511,22.741750799687612,19.856611314502867,-27.718419390884367
14,3,1.0,-5.82232403906742,9.000079812468169,-35.7183992956853,9.356651435015667,8.903426812873708,22.80234875467266,-6.724980712241427,-43.54148372848317,-50.21354334701917,34.93267338722674
14,4,1.0,7.341540059308802,-11.110421004661958,51.12335086188099,-15.512242635383297,-17.252843324028333,-34.54397739843482,10.151254477304402,71.38803031948427,100.47292520654116,-61.9887145851071
14,5,1.0,-6.340647008818795,8.910160901632018,-68.7220928270285,20.639975397001574,28.073321654562196,43.5670204125403,-16.667992451339487,-89.445528130588,-145.5723952285315,66.75534336633122
14,6,1.0,8.798734046034363,-11.26243721860682,92.53689855925923,-31.013346472098007,-40.648464840443566,-61.44311824464209,23.16429948852053,111.43014657973472,199.632479693081,-90.76517583644309
14,7,1.0,-8.646403034270119,13.770404399874943,-119.09089099890373,36.966684250399275,58.46446014859685,77.62345095711217,-30.154034885207547,-136.5773299695819,-249.50810674320078,105.55766375510782
14,8,0.0,12.69423161960602,-15.82077424010629,155.66577581195304,94.13883903675755,-83.67811149948244,23.368953069559332,-35.46268887016021,-37.610585892585064,-388.90188012482474,32.43150751428812
14,9,0.0,-22.983809873355113,27.648415450151198,-213.90393367484907,-69.21240994541789,121.06759441354887,-95.90820040079377,51.9384804001566,-7.603113551329447,-773.6584145683153,10.528170539874955
14,10,1.0,23.365487554569818,-32.55137492444909,280.67638653903794,-97.23704364949553,-171.22598934678075,-264.09852140237473,27.54386002602938,87.47296698313893,585.7289560506803,-100.23080475757281
14,11,0.0,-41.138628803944584,48.82891665772534,-385.4092757910709,-247.8760494963217,250.53945153736785,-24.539536106971102,116.14653750811866,21.132508315018594,924.7007280201001,-37.24469951511896
14,12,1.0,43.168796681851205,-56.163397853327524,506.0622671417458,-179.15427873684476,-354.11924005696744,-428.0243303189565,40.373569903407876,121.45489577061468,-849.5229155066511,-170.11253642845998
14,13,0.0,-72.49452467790162,87.34131179720536,-692.0607231807777,-444.88155668211635,507.98899796735543,-67.79326364646671,213.6559305236355,35.5452946450189,-1848.432009532914,-65.58191091074927
14,14,0.0,117.24989301354891,-140.9481788561494,970.9573461581177,334.6482089660669,-734.6731704726348,414.1062509782934,-272.5964487963854,-4.961686596866639,-2978.721068777404,-33.71063317279211
14,15,0.0,-196.61680557497303,234.56240011763833,-1411.9211694746095,-668.4826874365368,1077.2410274812821,-753.6567657400748,473.01749932888634,19.484525155610225,-6046.297213519748,-7.49590219040526
14,16,0.0,325.11559521525186,-387.6809860195618,2110.9275428364153,973.291570490413,-1597.053364098009,1191.782630410371,-725.7637747702902,-33.0624283641787,-10170.470846577507,-17.42846132570489
14,17,0.0,-539.4952571798045,646.0284678640352,-3238.860084792053,-1589.1373386724251,2398.382213358117,-1843.4854257419022,1161.3922796456534,50.12934993677095,-19938.162966988875,11.91550290062411
14,18,0.0,893.2799515464129,-1071.010505602858,5061.3762709792145,2532.071858674577,-3640.2162214430937,2874.626367574323,-1854.8056129278987,-88.26166717779488,-34444.32207959712,-31.440096224724876
14,19,0.0,-1480.4543681755454,1773.302358004691,-8039.506993228713,-4118.249179834271,5586.658061941449,-4540.436197249549,2998.170485098599,138.48191107805116,-66126.61100523191,42.330295568550405
14,20,0.0,2453.338326798842,-2940.463107616216,12919.574567945614,6719.438725560308,-8667.364170466355,7256.802568032459,-4881.482030007497,-237.31259534492668,-116122.01220995026,-80.28449341790576
14,21,0.0,-4071.1818822642967,4874.674052472575,-20955.400704122392,-11023.376250897303,13579.306403454724,-11721.834971593946,7987.950177267852,385.79046944579693,-220025.6263925434,123.66400151101024
14,22,1.0,4179.95117674377,-5628.360701231665,30279.021691098304,-9796.733835496674,-20177.442840766707,-28998.429137314546,1594.9186958138482,14669.062422105497,174923.15600748872,-17786.460866900896
14,23,1.0,-4291.052694998836,5987.6830894088125,-41152.902138234764,12963.073557772283,29026.52572089894,24472.14221419216,-7546.113278728097,-28395.21705396425,-146703.4255139611,22745.912935633485
14,24,1.0,4407.8218683940795,-6218.910164050515,53842.33729382286,-17534.772570278867,-40878.73847989609,-36496.391454158984,12608.477310426573,40771.861056319685,128505.4505323511,-34516.6270100965
14,25,1.0,-4525.874679401408,6409.146741156227,-68633.30129854564,22851.376223091225,56734.1059901,44758.429109408164,-17673.171095443493,-51711.37998154,-114125.27164272805,40005.57559025603
14,26,1.0,4646.883813415019,-6588.770873078628,85851.48286315356,-29063.301301320014,-77925.13600201032,-56286.36547020378,23208.062814847206,61059.957018721194,97618.6183057174,-47738.461353376646
14,27,0.0,-7706.551441214097,9573.827293878649,-110363.63079199537,-65481.18432524224,107691.50455350544,-16277.328519435532,24154.440134346965,15278.352951837236,112396.23674222472,-15817.759154775973
14,28,0.0,12778.528219678086,-15422.406415077428,146200.5271063927,43155.34505688926,-149884.09459741283,65244.06996935929,-33530.62006848219,2195.814990726162,286363.243718339,-6447.547229139077
14,29,1.0,-13125.015419275665,17716.154547184135,-187715.72538717248,65901.74072894668,206288.78991738008,177300.29169307102,-19771.64267662265,-44597.46109353716,-131259.96603259534,50033.016987005416
14,30,1.0,13476.785856369215,-18819.865439583253,235968.7749208384,-79508.0020712232,-281635.83857395494,-136658.48908166747,50732.79568625792,78809.95230843287,-8783.53289082241,-62684.08015271805
14,31,1.0,-13839.094667789455,19534.915955078686,-292072.0828211532,99829.08051078799,382234.4593839923,196681.215317546,-75268.0120829797,-106074.13913854412,160750.50485048743,87469.45721389473
14,32,1.0,14212.040840618925,-20130.9611836636,357250.79016211664,-123356.83323559922,-516488.93248521356,-230754.956700451,98619.39593147318,126611.25340565314,-351430.05428517266,-95981.03769042427
14,33,0.0,-23569.296286704608,29275.154747257166,-446634.9467516094,-254721.74167138885,700071.856189655,-64445.725671249,90240.32435243479,32558.402841714564,-1040788.6630023812,-31026.744627881995
14,34,0.0,39083.44853851508,-47166.629673567724,572867.5355083098,151899.78545632726,-952461.3496466808,255969.8042033206,-120351.71782653217,3365.8946541502783,-1385706.272520136,-13042.277424528349
14,35,0.0,-64813.253646621975,77758.15933075895,-756711.8193110968,-305656.9555880313,1301636.3689509204,-420269.7583169157,214836.57589080327,7919.386883794219,-3249267.127680961,-2746.4537811636114
14,36,0.0,107481.90539038814,-128791.8626805614,1032164.0804730669,403038.55222417985,-1788232.8410912903,607451.2823631346,-308345.67804953153,-9899.807300747023,-4963167.325451446,-5444.759555182117
14,37,1.0,-110378.87171854745,148664.7710212401,-1351282.7771460493,470374.14727418084,2438177.480841639,1322123.2197428849,-110293.76721689364,-365051.62286807335,5214699.530713424,441069.63044422644
14,38,1.0,113354.44662432365,-158169.48602658408,1722503.6729352784,-573351.0875887388,-3305859.627577411,-988300.3448833822,351446.6204508154,677688.1931729759,-5692511.561455173,-531798.7332704356
14,39,0.0,-187980.05119860536,232686.028745462,-2263864.5389072737,-1382190.8349211828,4499391.847688525,-413846.4363731899,571671.5902729641,181151.32723654257,-1.2957305861372128E7,-171590.8972118933
14,40,1.0,193047.78771582549,-262501.6273986152,2891463.141014916,-1046139.5479746615,-6092571.771933143,-2534497.9677047366,296229.9984217711,450923.8706506914,6589550.535023857,-663576.837549642
14,41,1.0,-198253.32895952932,277469.5365572449,-3621036.66061707,1222771.501891615,8218441.43028928,2159012.8481097696,-776761.6386116291,-950449.0516730237,-605451.4305894584,715882.2224849033
14,42,1.0,203598.36863716214,-287595.47869908094,4469127.0466404855,-1531356.7867722523,-1.1054313638726125E7,-2986883.3254994927,1153920.8581550897,1341376.4858153244,-5660117.359906537,-1157266.1423900141
14,43,0.0,-337633.2158937433,419101.6455173486,-5650801.830670771,-3275676.003557164,1.4900487494418193E7,-782943.734047422,1211511.274572343,354904.12259134435,-1.86595519574727E7,-389937.36466861033
14,44,1.0,346735.68748022366,-471875.19022728165,7019384.97767718,-2595663.3857349833,-2.0030927187493447E7,-6079090.9656827785,827368.7705565725,684044.464401502,1933021.4000049622,-1092974.129723931
14,45,0.0,-575000.7119737532,707737.870004631,-8942635.597309954,-5322795.246683277,2.6982046809881937E7,-588809.5505927107,2436323.424385776,226585.56073698818,-1.1301471133385904E7,-413957.29719418066
14,46,0.0,953534.4353910782,-1148593.9518684824,1.17250153340846E7,3308492.4065012857,-3.6434443459305376E7,4887880.789448911,-2831469.3462856035,-51533.49573949908,-762018.1976050726,-214559.89335835644
14,47,0.0,-1581268.788228301,1896342.8303722946,-1.5867455264544316E7,-6714869.4160643965,4.93444177593646E7,-8582002.71026817,4803364.782595643,161274.1716169277,-2.840629599291855E7,-32134.529820810818
14,48,0.0,2622252.339631669,-3141932.650633279,2.219256513912665E7,9107852.478277048,-6.7068119489054136E7,1.2842422474460414E7,-6944952.943435985,-248549.94163642486,-1.5236234689664088E7,-119526.85632522566
14,49,1.0,-2692949.3616766687,3626961.0157618965,-2.952279261821998E7,1.0152885955415623E7,9.072421973216783E7,2.874303561523145E7,-2251438.2634148113,-9045281.145186407,6.436995803522514E7,1.0939107192222964E7
15,0,1.0,4.307452956792481,-0.7762541664632616,3.958706859237414,3.074877542056914,1.1984958728301645,-0.27266266353749224,-3.4791334554944644,4.431868075868409,1.3197675026974798,1.6030933093386661
