0,0,1.0,7.89477533117581,1.0534927992122323,8.002205739682081,4.438782227521086,0.4743537026415879,-4.360599142940955,-2.3040164637846487,1.479131531697834,6.418327748167779,4.021688685889985
0,1,1.0,-6.474414081999592,7.040927942549324,-19.893603802179552,3.0344777889027923,3.3646294832430335,15.65274347488313,-4.156649241840171,-19.851052439447308,-20.560256855030985,27.166372803488336
0,2,1.0,7.422514142290811,-8.751721387061405,34.256996687746515,-11.716423326311537,-5.908911023409159,-23.272279750018193,6.510091054125684,42.89787525567675,55.866229019734135,-33.885582173527276
0,3,1.0,-7.621693334781159,11.391041746436942,-50.210283231882954,13.9299991663387,11.165718538623008,33.72043332156113,-10.020342889328992,-69.58718339993207,-102.95683404776695,62.417919878437324
0,4,1.0,7.980708880650864,-9.808132995153787,67.01752233321302,-21.930524807041376,-19.86470673030758,-46.22330120935764,15.656119340632257,87.59168973400804,155.854565016668,-64.58282519830334
0,5,1.0,-8.766593651959539,13.789166924412879,-91.30524169158227,26.644802452664244,31.59312090172134,57.215566489536734,-22.378385016575113,-111.30202725393377,-207.5013357831287,93.85658412492904
0,6,0.0,13.999330183334642,-15.765032753698506,124.26358343965309,77.64741809449664,-45.91406597699726,21.029521703878796,-33.937600098368094,-30.079887442456336,-338.104258922333,30.36760763539244
0,7,0.0,-23.162406706064168,28.1930980641547,-177.23205500962584,-66.05491501682185,71.93315124216211,-80.39056861355499,47.82966713596226,-5.61753046799191,-655.6199134858488,13.110094558175039
0,8,0.0,37.24422120310752,-45.93382964294522,259.1266915108484,124.04537674167345,-114.24812804814803,138.8272981542828,-87.5152344500881,-6.447364714392414,-1133.6845958310764,4.2129634977370936
0,9,1.0,-37.00394182183469,51.24378645866421,-352.1047834859536,118.56154583297788,170.9732643708963,337.9876777140139,-24.359783584704957,-128.4450765151648,887.6528917271826,158.59520952601207
0,10,1.0,37.575045151105655,-53.900108426515686,458.790978372364,-149.66041013851208,-247.18105603595572,-266.8750773645656,90.03855844125026,245.00145639861492,-626.9349209168503,-192.51364697504707
0,11,0.0,-62.619759622341974,76.7102569940844,-623.9658564594158,-395.0105131964051,359.8441461424844,-117.70351573616206,167.49220901661238,63.20682443192431,-1372.5277659748187,-64.26001310858791
0,12,1.0,65.04487964739457,-87.77884117379539,813.4277736239359,-293.0155617542827,-510.55994995701,-713.1472736070402,79.78840189512113,156.39545787012653,897.6573332446017,-232.84332300337977
0,13,0.0,-109.55969258073833,134.6229562591423,-1100.7203941411517,-708.1302363901389,736.9113061164024,-91.80782475939611,336.9178788191689,46.808958216540525,1216.9451686780571,-89.13236967099782
0,14,0.0,181.55245205077384,-217.76841182920631,1538.448176920294,520.9463621812035,-1071.8972089514793,646.6449261458445,-427.04959233166505,-9.49430671206524,2818.0090026250477,-45.81501283626369
0,15,0.0,-303.5273341553162,364.2676859401148,-2226.890478057041,-1049.7716367268706,1578.6153760589402,-1187.0741746602116,741.4324587694687,28.36359604700468,4280.431567302746,-10.465779391136765
0,16,1.0,311.49520420373005,-417.4025625686825,3022.9670501837536,-1029.2153151231048,-2258.2614779973474,-2900.6571354142043,210.15054097932128,1057.318946579913,-3873.6344524028627,-1294.258300706958
0,17,0.0,-518.01212240611,635.3124525612498,-4252.004384931214,-2844.349862241941,3266.031093552954,-274.94638459478006,1404.704270004275,305.0536471092925,-9015.10709813788,-474.97438542562804
0,18,0.0,858.5776361148738,-1034.4218343311247,6177.884527039125,2309.2029271358156,-4780.544324107809,2558.710099956224,-1848.415505810842,-23.965431259441644,-13871.118044133143,-231.01683336945794
0,19,0.0,-1424.2176373010973,1706.731462509104,-9242.845748860762,-4556.873050844466,7079.802785241343,-4860.083672574528,3227.109518347433,147.55565005971357,-29308.722088072664,-46.3918447165315
0,20,0.0,2361.564322708642,-2827.9319474351846,14170.822250113797,6811.16766692692,-10609.064474087174,7902.941284078836,-5032.274781068501,-223.8699594238811,-47714.331823191336,-118.04721365422262
0,21,0.0,-3916.5523738524535,4693.369843078258,-22166.01705532447,-11165.38474990253,16089.276827103602,-12506.061134016427,8131.426703954216,370.8126999106503,-96247.13211852289,99.28199618048768
0,22,0.0,6492.446322243813,-7778.113897491375,35216.115222647444,18019.02118824471,-24673.81525167846,19841.462693939262,-13127.702839622232,-619.5392595304775,-162300.87329488332,-214.19090433357292
0,23,1.0,-6667.738691496283,8980.182766592723,-50360.408221738224,16414.784273362806,36201.5132244428,48343.96882886308,-2791.6440307130665,-23316.848913861897,130027.20939344473,28260.239006286145
0,24,1.0,6847.004019210177,-9552.881192727544,68020.89978898107,-21542.945891835738,-51654.49999679857,-40312.72565525462,12601.501055898112,45037.13153604131,-93616.32529513998,-36042.53778855953
0,25,1.0,-7030.67169283667,9922.210202926854,-88623.85966711062,28961.667962226034,72342.10532270205,60063.76256544465,-20890.806497392678,-64530.02446088279,59650.42883399856,54606.661831860256
0,26,1.0,7219.799602711698,-10226.390382717438,112632.30980477307,-37600.57995129263,-100006.49423389172,-73397.42859006042,29142.041834940163,81683.08289457123,-34607.27902290445,-63137.82139515248
0,27,0.0,-11973.634028893046,14872.639530910641,-147550.9172701593,-89793.44607574354,139241.54684363122,-22653.699468419236,34320.73197153221,20625.37202746987,-149301.82651774504,-20742.17669823153
0,28,1.0,12297.44056137904,-16736.961775329426,188036.4609937271,-68147.93368207279,-191694.14094706063,-163407.17755802974,20600.261812811674,19314.564538365248,7845.439578492968,-37340.65677119182
0,29,1.0,-12627.945118386311,17679.143238926947,-235094.99066425115,79496.52344654009,261763.21790704402,140553.9201219336,-51100.44416368114,-50819.762694699224,120496.89664298733,37038.31877846347
0,30,0.0,20939.69728982381,-25937.76689656432,301977.75565298996,178804.24285294767,-359282.51773408445,51008.27996210894,-71439.40622271394,-14368.33385747191,423503.560191716,11213.03052218128
0,31,0.0,-34725.778830470124,41883.87040043459,-399687.55264204665,-117697.39602155503,496112.0543140091,-181496.45160460754,93925.84706666312,429.89759463649114,503733.1665655316,5403.551053808619
0,32,0.0,57585.52461778438,-69077.76940856478,546380.2592941687,234643.98651577777,-689848.1796904817,301854.46820153674,-165608.17220606506,-6209.152242224553,1301061.567534608,-94.14703308416115
0,33,1.0,-59136.85317438719,79674.28188688988,-716340.8029356021,249842.31490139014,948820.241160161,694178.1485792348,-57766.381713781,-195206.31188685072,-581301.1653781326,237733.78342438047
0,34,0.0,98067.99371992266,-120436.18209350086,971148.0407749079,622749.8698720078,-1313337.1906553,47591.687929777654,-302468.356043665,-57069.473850702765,-318887.8388693583,86763.88941522985
0,35,1.0,-100709.42442635323,136624.9111756435,-1266633.938234324,451199.1040178097,1800457.753928466,1065808.0455478684,-102809.35368447032,-288126.145479561,1184096.7081036393,408770.6320175172
0,36,0.0,167008.7799235761,-205418.40391300104,1707634.6297814653,1091787.4778709686,-2482660.935219549,158125.43063627664,-529591.8836843286,-86772.02017935742,3563300.2134722294,153965.27373066335
0,37,1.0,-171512.28670437093,232779.12407812025,-2219028.3399723,792840.6472248611,3394095.3433871246,1892055.7232105802,-181504.04928668193,-499025.200486182,-1020777.9634835749,710437.042385938
0,38,1.0,176136.97641450056,-246368.50716301007,2813933.055352498,-940008.5086251503,-4611093.574482058,-1703556.8704490636,576500.071335413,977918.6855625376,-1342997.6735097321,-718135.4540806214
0,39,1.0,-180886.3575084971,255463.18939774664,-3506007.73569305,1191412.5636804951,6235388.031896902,2339931.134692569,-885343.452446713,-1368518.5146140014,3926445.855922062,1188830.711196893
0,40,1.0,185763.53694078437,-263172.44077581324,4310482.710956342,-1481616.1223986342,-8402558.475976672,-2795224.5208918056,1176170.6841906323,1674979.8837815784,-7132249.378711066,-1248677.8164948653
0,41,1.0,-190772.61222742783,270547.04328696587,-5244759.062297246,1819270.2680033385,1.1293306546534043E7,3418321.346777767,-1483976.042911405,-1892643.719172819,1.140556123328266E7,1473972.4509932627
0,42,1.0,195915.98020632984,-277931.8804940083,6328835.584079045,-2211451.4378823596,-1.5148455876693733E7,-4109807.541127178,1828095.742434903,2011496.5156885616,-1.7270898694923095E7,-1468716.3620562032
0,43,1.0,-201198.76237450264,285456.9489707101,-7585743.844454717,2666497.188366199,2.02889576239855E7,4921826.303066586,-2221564.4373886394,-2017779.4032427056,2.5373324079840466E7,1479870.0295752522
0,44,0.0,333650.1158958657,-414574.3123550558,9236231.50842225,5060544.044269372,-2.72057898771012E7,1260599.6941515987,-1675733.7614630407,-514427.8300043038,6.151595606828759E7,473148.77209153224
0,45,0.0,-553302.2119240927,667796.2117450775,-1.1467087961324327E7,-2682021.15757269,3.653340185904166E7,-5109625.9893353125,2161733.3725938345,-59945.75541290306,9.262198171898732E7,195247.049314942
0,46,1.0,568220.8401423951,-766922.2320418628,1.404707714442421E7,-5110424.597464949,-4.897201564108544E7,-1.3343297874011496E7,1728733.1442582472,1606488.6180797392,-1.0475757503527877E8,-1826950.0754039898
0,47,0.0,-942293.1201448954,1157688.1042915294,-1.758672711634116E7,-1.0151939215371534E7,6.573553818924915E7,-490494.9982896831,4579412.368564139,486112.9194831151,-2.277550817088079E8,-646783.6311481041
0,48,1.0,967698.0591130895,-1312932.274688521,2.168357299136813E7,-8071215.402137863,-8.808943439184865E7,-1.8137853461960286E7,2210138.981315657,2423770.999929902,1.2324793314972028E8,-3383316.7748299614
0,49,0.0,-1604754.7438178095,1973867.6453701623,-2.7370242182240076E7,-1.608731600259312E7,1.1819826459291124E8,-2027226.3222732828,7493066.789578298,754202.0819864934,1.6058115673295212E8,-1259199.5652667638
1,0,1.0,2.3750761967999083,0.1801815954281115,2.7368394251403347,2.694172924075375,2.0759792568335884,0.30920200054059266,-3.9234380620396117,3.308922307123657,2.6116957377156105,1.6712882937115068
1,1,0.0,-4.66510742913647,4.719901929982014,-10.904137835556133,-9.331055460999089,-1.359380990840708,-5.97488296078043,5.353282619081172,-1.7577795442857305,8.227168731001269,-1.0042469432141723
1,2,0.0,7.2604443923514825,-7.384716435251807,21.839981022673214,14.378277303536018,0.45319316583217906,10.463644502663081,-12.013576792831884,-2.3325252137689967,17.44263538146042,-0.48091839421503524
1,3,0.0,-14.493488228949033,17.36473309311677,-45.55597275129273,-33.87470797838069,7.129585252409465,-22.25169611258545,20.630286267731712,-1.542235974710961,31.51979700977711,-0.9381583636133842
1,4,1.0,14.562459832526304,-19.245759033566586,73.35476977480377,-23.036382302597193,-17.815818046907296,-67.45169577697429,2.713030354951975,53.29552110876831,18.44210859623393,-66.04385155065013
1,5,1.0,-14.52667806887803,20.431539214505378,-105.92977465376453,30.13905197565229,31.627760611249236,64.96299324526174,-17.492028840116916,-100.72968640721368,-90.685738002067,78.40414773753488
1,6,1.0,14.260635229993833,-21.530443818808774,141.27124079439983,-45.42018700798675,-50.071425535556266,-96.49018557172622,29.250815098209046,149.72612170290063,186.814977600983,-127.91840931637165
1,7,1.0,-15.404396122148146,22.43510911344543,-187.33940935576913,59.90545119663732,75.57634580561759,124.54621443985457,-48.31667830398983,-190.74465451694573,-280.5964586507063,145.97439200898705
1,8,1.0,16.98208010567467,-23.705188349723503,239.1413738458753,-79.70871453393907,-106.33032079768964,-156.44926890973997,63.98905181384092,233.02511715032873,381.67717007583315,-186.41449676024595
1,9,1.0,-13.751630852137938,21.511618340307546,-294.2801260486447,99.75935522317359,150.09951405290306,193.67418150535383,-81.40839732634566,-259.27227320174643,-453.2494935591382,192.3695635208946
1,10,1.0,13.356657904488372,-18.750140203121727,357.80179579629544,-124.39218418334819,-206.33612400835466,-232.49868556438398,99.65784383793128,273.7331951955195,490.1594959602733,-203.130165410853
1,11,1.0,-14.48613009170601,20.712750943834113,-433.92381850687593,150.39601436713488,282.3443883679169,282.6671772953822,-125.21757818788933,-284.41034210904684,-474.00277758757784,212.99272999727697
1,12,1.0,15.101869357298808,-21.375627355660804,520.3396521075729,-184.0981836777537,-384.6859763769608,-337.5089637418838,151.85732386855256,286.28660876842866,399.5382532080088,-208.01047785062462
1,13,0.0,-26.204272743148696,34.5888554101951,-636.720604042619,-358.00036265718114,524.632818605294,-89.14376013754011,118.989948469671,69.6767931858432,414.4450379103768,-68.76579616874542
1,14,1.0,27.247474580228744,-36.03305725321776,774.0749591992261,-293.06448908252804,-710.9958908896702,-670.3018751018718,100.27473591631004,-0.7028635599250059,-806.6327767786312,-43.46454155028721
1,15,1.0,-28.09934182343407,38.10011727001273,-932.306373999517,325.4720404545104,962.3439525497181,549.8188971065582,-218.05963737002918,-30.288037876755592,1258.1021732340214,8.332210246012577
1,16,0.0,45.80162488365967,-55.48087837616597,1140.9386350205232,629.323420641442,-1306.5499229418451,182.32967509357604,-235.8173652471186,-14.84691016790909,3025.44646224727,-3.0231696588339068
1,17,1.0,-46.31426586881758,62.44874126421052,-1383.5856078543484,519.8556335424743,1766.2546527143095,1207.7024012141662,-169.97543194567285,-101.18447596054872,-1300.7901077154884,120.55602200516186
1,18,1.0,47.85944594702599,-66.89328757309889,1661.9525516392284,-584.1571318946523,-2376.8730494476936,-976.4124810826735,383.0945576888336,154.92629795119458,-420.2058716615785,-107.82955976091817
1,19,0.0,-80.03572865603174,99.28733719133098,-2035.9808815252986,-1124.5507162261652,3207.123559939681,-329.2023143953281,420.1057784160233,42.70624044632061,-2536.093150339262,-33.87057691631026
1,20,1.0,83.10046159058926,-111.93083328681892,2468.180160144228,-933.6472168106043,-4316.595642116119,-2155.042278816706,305.18987332969925,168.26979526137376,-736.3718712366446,-229.02574439122375
1,21,0.0,-138.84704890071347,170.86193505145278,-3051.013071632435,-1743.0334815374317,5822.082772657826,-161.8892503958399,781.5546175640325,53.61445741403339,-4549.931309439008,-83.91719550596825
1,22,0.0,229.7420726105659,-276.3068441976769,3858.030409872306,954.0864128306653,-7874.309947570893,1592.0694938529214,-854.1471916144221,-15.347085520097941,-4017.2369956922053,-47.47736819913291
1,23,0.0,-382.73449666203,458.7350547561784,-5016.933834459523,-1973.3622076168162,10684.30662022655,-2737.2837751183033,1420.2694669393054,37.546713438280314,-13198.613520310828,-6.267967505316448
1,24,1.0,391.9561728165148,-528.6840733845527,6357.839139496644,-2278.557251420414,-14434.112455153429,-6180.1761502840445,565.8702716956943,1238.634749428837,1931.330238052368,-1511.203810395311
1,25,0.0,-650.6841119083736,801.0346023919126,-8293.119564196808,-5075.491694386101,19561.45763042495,-284.88630722433425,2421.550210676461,364.6070536068697,-7321.846022821983,-550.8629530946138
1,26,1.0,668.8729156588056,-909.200713177139,10535.72487802744,-3833.0199243297902,-26401.772790482853,-8827.155237208946,937.2469473918566,1848.4814406499818,-10193.449583469854,-2617.961617237865
1,27,0.0,-1111.9256307495084,1367.2142533848878,-13794.305628136659,-8508.313351444991,35741.532754840504,-1173.4785414942705,4064.696913471239,559.7967555971278,-38425.430433244626,-983.7399652634531
1,28,1.0,1141.701459745353,-1549.3369844214676,17566.21276013021,-6376.666764938978,-48201.54277854417,-14951.519183834396,1546.8745609695,3227.4277703405173,1077.525787912541,-4586.887699166952
1,29,0.0,-1894.9752222917991,2327.7500476540577,-23058.47773438355,-14265.07202373809,65182.456873423456,-1866.4862279848599,6827.87175702561,974.2859002416653,-34079.88837885279,-1727.3393261115343
1,30,1.0,1945.7600566172518,-2640.1410335379665,29422.18845129537,-10664.355849821453,-87839.03979025324,-25012.954853288156,2571.1214069479383,5501.264382134907,-26860.5550371451,-7849.3283711328195
1,31,1.0,-1999.5738946344281,2796.3367638613136,-36822.09973403148,12440.383762670277,118061.20280856635,22207.714880431533,-7706.372947619125,-10550.587167650043,90531.80910956285,7624.367283790067
1,32,1.0,2053.5782554625303,-2900.894654726283,45421.68208287392,-15570.504361324567,-158365.0520710646,-30270.80585557093,11646.888330477821,14469.429169525363,-164259.6972976222,-12546.424845656427
1,33,0.0,-3406.241804938603,4228.439476755246,-57394.388000510095,-33239.25523213612,212754.9733404082,-7983.313607673306,12321.636948036157,3798.832621764813,-418459.31977242744,-4248.907438928044
1,34,0.0,5648.516581374013,-6815.062004567094,74547.14630567805,20645.629817548448,-286357.1480996365,33114.63913193252,-16382.709374816648,272.6630043167191,-609334.2065692265,-1865.498360245679
1,35,1.0,-5799.397777964008,7828.0012045019885,-94409.13568831545,33487.78544338572,384523.4971222712,89271.92396209044,-10342.0126110384,-18491.483156828843,723451.540496142,21284.749463378383
1,36,1.0,5956.472386345043,-8318.42222636749,117478.9078741704,-39934.18573318175,-515430.5651231109,-67703.61838365595,25664.960555626065,32565.793479439566,-888249.2802648565,-25494.487650180243
1,37,1.0,-6118.027945063481,8636.80123223343,-144286.32385399946,49652.65618182227,689975.1228265301,97094.90319878786,-37630.55835654622,-43225.39609324273,1125937.814600243,35678.59172973077
1,38,1.0,6283.8521294943175,-8898.926231403715,175412.42200953525,-60898.10087367032,-922678.0621673908,-113126.75729543877,48896.43831535772,50627.32717035158,-1463720.949147081,-37910.280702455624
1,39,1.0,-6454.364074894893,9151.187863474795,-211528.60915230488,73959.87837707318,1232894.9712930168,137736.58321684535,-60812.77385272006,-54601.07772796311,1936361.406103079,41265.74373088648
1,40,0.0,10701.069167886973,-13294.320239379882,259623.26115314022,144029.54634936695,-1648441.7303336135,35727.05792339529,-48775.314886374435,-14110.20524554913,4448908.396174308,13290.436835796061
1,41,0.0,-17747.923724716005,21417.263929384204,-325602.06180794793,-79341.8631482879,2205764.7017864347,-145055.54328460057,63593.86719994533,-1365.287017782346,6935287.903068557,5618.238585019378
1,42,0.0,29431.196241204696,-35307.20092783917,419056.75566818326,160892.42452179646,-2954340.0647244593,234326.6036798986,-113194.90577348064,-3570.5931086347446,1.4301414568780258E7,1114.786079709519
1,43,0.0,-48808.226374697166,58483.89155099533,-555635.3748056452,-203867.08942110688,3961635.575166095,-330894.35304162995,157986.29944154833,4512.009647120429,2.399771765796416E7,2418.2188632842663
1,44,0.0,80937.43342779983,-96959.8943961144,760900.1669418873,309623.0968764196,-5320079.242187395,457943.0263802846,-233728.51063079078,-7796.610540498759,4.680796866722458E7,-2153.8330333294357
1,45,0.0,-134220.1718155547,160785.56519267912,-1076845.291015694,-460642.59782594704,7157042.787510613,-643118.0734007894,347138.86651828105,12818.115880043966,8.1715449011534E7,4389.017042487845
1,46,1.0,137838.1617843909,-185634.21888026255,1443042.9206815413,-493868.3163814405,-9607020.669685204,-1410046.2620713518,105358.03031100924,466138.7259375497,-7.069940832332073E7,-564912.4445463888
1,47,1.0,-141554.9161011131,197515.3131350451,-1869383.1427386324,613637.2391488897,1.2874031421321223E7,1080824.5366524837,-370482.79010604054,-879029.7588522767,6.37784414242857E7,694590.690556979
1,48,0.0,234741.94556843044,-290564.8643523031,2502510.7120171343,1564095.611929199,-1.7274461013866935E7,463076.1742569792,-659058.0520777156,-233905.27032589348,1.2621563392046703E8,225249.96423407542
1,49,0.0,-389279.3178980931,469459.16548886744,-3463391.0385574717,-1158110.3157282614,2.3215972552285224E7,-1582850.232443991,904638.775226909,-12464.153680011455,2.182266710885842E8,99709.73163896405
2,0,0.0,4.109967498315478,9.73713712801011,2.6884039632965266,-0.9149758119158682,8.554603374656335,0.5318847179680346,-10.548370966574998,6.094144653726563,-7.8251324141436704,-14.747996688049913
2,1,0.0,-7.638259886954387,3.815536256801989,-16.212244851402605,-11.462388224876676,-6.5779822708549185,-6.3063317557362675,9.4840430692517,1.7603321984104967,-9.40695586443482,-6.547557903471234
2,2,0.0,11.265821123931792,-11.022802365227829,36.795186272855325,22.698601809066886,4.47849238777879,16.982210645410238,-16.39847571319628,-3.9776925608606057,-15.672114628936821,-4.913323400616353
2,3,0.0,-19.060577432950318,23.928598632519265,-71.91199647094419,-47.35485354184413,5.160831713010019,-33.80115133813165,31.30115658352329,0.7973942339712886,-30.21168869392581,-1.7699427336531854
2,4,0.0,31.409177019427197,-38.461010568115015,130.8833425157916,77.61072743928072,-22.344742232654195,66.58677874706434,-54.89948371585999,-4.832111702417835,-38.721599320340445,-3.031062056618288
2,5,1.0,-32.4051048827224,45.08892750598519,-198.96426040476405,61.91407802596312,45.80773963068679,187.4661633394546,-8.037772980741211,-115.74538655987315,-49.60123110472323,139.0848097024687
2,6,1.0,33.85966251429056,-47.290683991256856,277.543554890634,-86.88781162763516,-78.16543399753373,-167.41440859718978,47.70729165216739,229.0829152617363,212.15063616193683,-185.7064303753905
2,7,1.0,-34.251719150320476,49.50490627600546,-371.15532267857986,116.51156611305339,121.88688813597061,252.84538315873166,-84.19705678361734,-332.285882665447,-408.9669562069841,280.3032874719635
2,8,1.0,36.124935125242985,-49.1957630742949,479.4033188647008,-158.3783117190903,-179.36821902207154,-314.26431361355884,118.30146828833804,422.31052652549033,619.4586585842051,-327.1290330651802
2,9,0.0,-60.56886944084767,76.28106843004709,-642.3864921678755,-404.2109760096674,268.22642438105623,-102.50439966604928,160.28750663898325,104.58887119091925,937.7437422831114,-109.35165455173798
2,10,0.0,99.02466808486109,-116.81262465562388,887.4423599364877,289.56529143195564,-405.38073405445806,396.68232437836417,-225.0368829227629,9.756294709030955,1933.2858412042995,-47.36909304679922
2,11,0.0,-165.02101201591532,198.80508002028245,-1269.2615777052306,-589.2452130464244,623.6500652332847,-690.7482685908261,410.8745466839029,19.389364384567877,3187.217349646334,-13.534403554624182
2,12,0.0,273.6990227924485,-326.6684365262815,1870.5647139271723,842.3529055935752,-966.9589550186407,1064.9810220743916,-628.6775656333277,-27.547411353714786,6373.311046335523,-19.401489413072927
2,13,0.0,-455.538823688813,543.7296884867546,-2835.309937982871,-1364.1875347988841,1516.8383769024394,-1626.040615358104,998.3207829562677,41.48059249577322,10813.44321901168,8.814280325905061
2,14,1.0,467.670900331508,-627.4899066932131,3952.6571659988904,-1315.6343373953712,-2253.3436656534777,-3816.7092510431835,246.98833882209985,1614.6280975271384,-8493.143676582473,-1961.5069778602958
2,15,0.0,-775.957645449126,953.4794986846983,-5711.474648119904,-3925.4332786290092,3390.466320668645,-407.3037728344959,1958.0885031589899,465.31384849615796,-17611.251169058272,-719.3409669584745
2,16,0.0,1285.782687790014,-1549.5413727953544,8494.267461718524,3341.0875676085,-5158.458128566163,3531.821936549507,-2637.272299175365,-30.284654680652984,-29385.300128034974,-349.01288531895614
2,17,1.0,-1319.3090127387302,1782.9657840150728,-11721.661500080347,3895.391516602792,7532.641995649603,10890.662358894251,-876.6597247729345,-4611.051341971368,23823.03021826973,5384.113092285872
2,18,1.0,1354.3637317161433,-1894.1433384199563,15482.085734400953,-4998.622408279243,-10713.970674029064,-9214.427080904188,3023.2897001700453,8743.856166193567,-17508.496896168213,-7064.28106036631
2,19,0.0,-2246.238529313801,2780.4148656554944,-21174.598639295953,-13584.261131892827,15397.510639785905,-3883.156286392423,5810.505880416668,2314.4262624867583,-41555.15514412476,-2317.8257806706174
2,20,0.0,3724.2890923543587,-4490.811930814823,29943.821745486493,10572.778430220826,-22372.906779220186,13627.32091436416,-8167.319539503399,136.03459350501652,-63872.62546393682,-1023.6399777385328
2,21,1.0,-3825.928869068996,5162.274493803514,-40116.1570085358,13642.495584165485,31722.7704046292,37787.14109790006,-3545.6604494230573,-13237.431770670037,58977.92451558811,15444.29396712795
2,22,1.0,3927.125504017497,-5484.837620869397,51954.44220715744,-17060.495460106653,-44232.58842063624,-30505.554156931456,10572.405639637072,24603.005699569723,-52397.51145195441,-19684.638196673022
2,23,1.0,-4032.3716794154125,5692.891446690726,-65745.28921176765,22041.321389563203,60959.31823200677,44359.92155118458,-16338.476001428096,-34366.192208316126,48907.1987589508,28755.536718742092
2,24,0.0,6687.771999090405,-8298.879863459086,85680.58874422018,51777.43548347811,-84570.49122248944,12318.15901733771,-20000.63678602965,-8868.043509422507,139926.6321728351,9666.662572180647
2,25,1.0,-6868.455028077354,9346.622067548453,-108791.35351456412,39540.93862202337,116129.96885859023,94278.38799251449,-11914.590915659803,-13238.637888098909,-45418.48452261083,22566.599010641086
2,26,1.0,7054.0673409635865,-9873.284789925243,135651.48373960034,-45982.23949997262,-158281.10847643553,-81104.21277791554,29553.96436506933,30443.256315087052,-40946.600310436246,-22054.108992922043
2,27,1.0,-7246.0280715075,10233.823490273771,-166870.28033563984,57344.5778697879,214554.6773560433,111362.88515124716,-43420.56849922027,-43645.95882091317,134314.18978003017,38482.15835380596
2,28,1.0,7441.572011725205,-10543.67391160655,203121.36543599627,-70435.68614839269,-289647.8155283752,-131350.7798891985,56507.8452109937,53061.96514805999,-249617.95413138508,-39012.6280769033
2,29,0.0,-12340.918811430873,15329.696777006951,-252370.4290301945,-142617.20115390068,392165.0603763808,-35950.764198029334,49948.79485730841,13927.611368678436,-677443.5231115886,-12320.439663226272
2,30,1.0,12672.818872963062,-17249.638570485207,309372.68021485565,-115601.73754306264,-528958.6245281189,-268408.13718886225,38635.64896554336,21288.59220716783,200397.89254741967,-34137.6253863167
2,31,0.0,-21016.21795093226,25869.0627114039,-387716.1998454022,-225617.79687940134,715420.8324369633,-23200.405240840348,101675.96142471854,7412.678990169063,-27495.64045907546,-12790.040597390345
2,32,1.0,21583.418080672272,-29299.885563553664,478396.3449910658,-178016.77151163373,-964205.6288830532,-404284.07154463243,48442.75355637746,57741.56684843431,-571801.0661246176,-78855.55912647238
2,33,1.0,-22165.467709218858,31005.243450267426,-583601.0784046914,201613.87724838092,1296061.4968740414,349363.75380623573,-127896.62154779106,-99740.3460621618,1228762.3894722867,68984.56849597328
2,34,1.0,22762.47274786463,-32148.75913239691,705651.6317104491,-246205.38176565577,-1738630.3279051776,-468800.0822902083,186864.49514921027,124364.57162073896,-2023034.2745804745,-105553.80405020583
2,35,1.0,-23377.61860265858,33120.23225565629,-847176.3815856521,297380.74999466585,2328761.855327842,546405.8771440756,-240166.36641677216,-133411.79892900132,3040757.765829168,92220.48317749816
2,36,1.0,24007.087802448732,-34046.52185079831,1011168.5880473367,-356772.7891936341,-3115558.8980411068,-656546.1908501356,295262.5884408127,126517.11064397311,-4383563.464490824,-92701.89026538504
2,37,0.0,-39812.61027053121,49464.88985003241,-1224262.6876378998,-664825.4097371477,4172018.605937278,-165092.50336655986,218626.5551543864,34439.060232597214,-1.0313016764489599E7,-28707.905509187345
2,38,1.0,40884.52693789546,-55656.33721566887,1470634.5371415028,-558436.31143117,-5580524.234953818,-1273985.765879989,196757.82449168726,54993.188214781054,4453890.664529131,-86111.03416329257
2,39,1.0,-41985.99244131463,58783.34496237646,-1755893.1816011432,618055.9251342373,7458232.137633269,1031983.1316625249,-413608.82401351817,-79016.43870451231,1426210.4461603735,38909.396677906814
2,40,0.0,69626.02112913548,-86250.58219094,2126696.022287941,1154548.6306419813,-9974467.994579252,338968.54752984224,-423932.7015853842,-26683.315488740685,8066434.81365086,6905.003994490229
2,41,0.0,-115464.58953907569,139271.5330223794,-2622607.204065864,-596377.7904328125,1.3350751334376428E7,-1192970.3854836342,503590.59266646806,6554.843188647641,7465795.434499891,5973.83259067393
2,42,0.0,191476.16233031216,-229691.25487889556,3307444.104115753,1216813.956222562,-1.788826118482171E7,1872583.1964289136,-866184.3406431627,-19674.49369630576,2.3431235673869338E7,-5493.627118508721
2,43,1.0,-196637.44533252614,264929.82198245055,-4099673.882288337,1493319.8425419445,2.3938108257963594E7,4021060.811860937,-400475.7858407075,-580828.4612065091,-2974176.5981674897,703891.4567218838
2,44,1.0,201939.61088406114,-281806.4318286787,5018812.897223757,-1729839.5982449849,-3.2003557014152322E7,-2823453.7373940917,1090571.1100887468,985170.1830594327,-1.825988617125605E7,-731330.5623614826
2,45,1.0,-207384.60896172153,292665.9354604911,-6085401.134639327,2118046.740549763,4.275533404909806E7,4105793.32054886,-1603251.7398274585,-1240087.541536281,4.20667031259354E7,1023591.0328566121
2,46,0.0,343909.5127133044,-426798.2894258779,7522623.753065757,4218481.757561493,-5.715251135416443E7,980017.2362760095,-1507889.990683811,-331920.8091784042,1.0831174714506389E8,337318.9009475959
2,47,1.0,-353181.1141465475,480614.06467516173,-9185808.6626138,3443075.523431411,7.634467656742911E7,7940490.823349549,-1141741.4814450303,-626263.5101943746,-3.4865647720256366E7,987544.0891260983
2,48,1.0,362703.4976950606,-507750.57022710517,1.1114046229247857E7,-3867049.6802012394,-1.0192739006742316E8,-6573006.381834841,2547992.583841427,1170678.3798915683,-3.998386344879637E7,-768403.369381446
2,49,1.0,-372482.97227262706,526193.7162211882,-1.3349538922568312E7,4684978.01094595,1.3602710939000058E8,8880797.572471851,-3606865.610772191,-1402045.5724883217,1.2199375404599804E8,1196194.7727590387
3,0,1.0,8.067225547714877,-0.0513075886183198,8.713996232521598,7.20537466088587,-3.9221669176184806,-3.7759534595248447,0.7609722480867596,2.4582521480152972,13.014539280843993,4.7319091089460406
3,1,1.0,-8.915194720289094,9.997471545607741,-24.078610424429097,4.457007166504637,9.209283633087578,19.376601205992852,-3.7942839669640716,-25.71288334716967,-27.1405774855607,35.985618557745646
3,2,0.0,11.211017758479134,-12.180919438714216,43.59713549017701,34.43131891463201,-15.837181128109984,6.917092031271412,-16.56816649458957,-9.506350820667278,-35.090847644930726,11.031443116815144
3,3,0.0,-19.902429054120407,24.048992247968258,-80.83550516437361,-45.12030348945534,32.117609915551306,-36.55881364142263,29.999113569095123,-1.713213216890712,-79.00559973881612,4.227966074722279
3,4,1.0,20.23589366332307,-29.33921617196715,122.68180817250125,-38.714807712474034,-52.22299214923365,-115.02694418239658,5.445507244717395,81.3482483048996,109.31506213867867,-97.26680866578786
3,5,0.0,-36.0255468376678,44.006345270386596,-196.20248378213512,-147.39649130833084,87.97946217558436,-21.1969593621821,74.29947118117413,20.96658323173287,143.33998945252054,-38.09421696267542
3,6,0.0,57.71059792078421,-70.06303122735729,309.23490047293495,138.1070728394527,-147.34603214175945,130.60138542512988,-108.33862623240128,-2.136936145509789,344.77263717076215,-19.77855877730958
3,7,0.0,-96.53018341736461,116.5642139140604,-500.3491195959046,-273.2426295361639,244.39177615130956,-258.0349312473084,192.59358237040595,6.518491260624078,495.01171601497884,-7.277950427584669
3,8,1.0,98.47065050364716,-132.9176339502224,719.5739420291318,-233.7533083848863,-374.96210145361357,-681.0203310114495,36.33974019879448,353.72462436953293,-295.80340445874066,-434.4067009037731
3,9,1.0,-101.79180524469416,140.86142379873854,-979.4067264560315,307.4302292788614,551.1816794808277,587.1821714321313,-180.42849013061905,-675.4110271261106,-56.06402691710551,534.0799467842752
3,10,1.0,103.79036080535748,-146.21556720854053,1278.8398305055764,-418.822841694291,-784.4633725665133,-864.6435035704438,301.220916942589,965.2149522977866,464.23489225465914,-817.9408500175289
3,11,1.0,-107.5850369781347,151.32748427246662,-1632.6066926714407,542.0016195581615,1099.4658566011192,1066.8100384373736,-421.7776358377676,-1220.288775555671,-820.5996004802823,941.2059505079347
3,12,1.0,110.3128790368592,-154.7163807526092,2040.9732635382445,-692.1449195436529,-1520.830943293897,-1338.593011448036,551.8475325168295,1440.8586433739904,1038.4603909474865,-1128.0132229068217
3,13,1.0,-113.73580651119913,162.36499642678334,-2519.9488928113456,862.3387025081411,2084.744288726207,1643.055775253626,-700.9037084021444,-1623.7503975856491,-1004.3851881290057,1225.0179342906015
3,14,1.0,116.64391506668277,-165.0440312567069,3070.5910416366783,-1064.7775709055434,-2835.9221756944844,-1997.932961781695,872.311490941647,1754.7039291362553,604.0971587910105,-1321.2705473482597
3,15,1.0,-119.82647775070147,169.03366639370347,-3715.7684811556055,1295.505978298077,3840.4212505848723,2416.4684347382067,-1073.2323806904908,-1825.8390384188408,323.23925445922634,1346.664038125191
3,16,1.0,123.63741444490489,-173.3764274250971,4461.652199485862,-1567.7335017259982,-5179.650236759584,-2891.2976592218765,1304.0797613000461,1832.271980759262,-1950.8707629739222,-1337.4347173968972
3,17,0.0,-204.03641858338696,254.95145101069306,-5442.920822678187,-2995.153499458437,7003.652821721284,-746.9876854712074,993.0497117539726,454.1696607585034,-7609.4918131141385,-433.80897736304536
3,18,1.0,210.35485101022158,-287.35502643276146,6578.246204372571,-2487.3022984942804,-9437.983720398568,-5702.500250823925,865.985161276571,63.009425343181384,-276.6949728667433,-364.6890810567055
3,19,1.0,-213.82050844920477,303.76170348890025,-7893.600545920312,2764.504593552318,12684.071883610015,4646.3358051064015,-1846.4123504276006,-290.1521268383312,8486.821686702473,110.20987818287466
3,20,1.0,216.32850847729074,-309.04181572828827,9409.648076482554,-3324.257331491589,-17009.916587845106,-6255.5542896314555,2574.040342844663,284.234859500405,-17907.164720971512,-271.4111599261689
3,21,1.0,-223.93503904626067,318.6894128918207,-11171.149528506157,3958.181178649241,22781.569463268486,7179.085929483678,-3235.661192598221,-83.60490154142082,29454.665459536576,-79.63105402514289
3,22,0.0,370.87874969333217,-459.6218773651825,13421.720191879587,7197.908571432791,-30547.084322510636,1819.1070819114136,-2350.476759735673,-65.15041080519644,70589.25662400377,-65.72289973094284
3,23,1.0,-381.3168986770566,521.4445237035098,-16025.816025285989,6111.804858038447,40902.353151824136,13888.181436585663,-2173.3532358335297,-655.5962779472903,-28933.870790968653,754.0128274675305
3,24,0.0,630.500631707715,-778.3716567957292,19402.75384474762,10736.846188965292,-54826.15034489493,940.8115724261787,-4690.937065958928,-230.31899226835287,-22891.522202105098,253.8530799032278
3,25,0.0,-1046.3067894742526,1261.029860536039,-23917.281454964806,-5332.028361096139,73589.29971652055,-9846.413332183494,4903.539166574289,59.65140023779969,-82071.38189444196,143.6686305849464
3,26,0.0,1735.387419094237,-2077.239437118924,30147.190726091932,11115.574703900962,-98938.82528134341,16572.94072877062,-8048.876587618137,-181.08368445161983,-96043.75381146988,-10.859491019451271
3,27,1.0,-1782.349307545763,2397.034061370262,-37354.95213848765,13612.315014747272,132745.18164943,36475.24719014945,-3582.6899002400482,-5263.472587895908,160370.63972055554,6406.1368921419435
3,28,1.0,1830.6333314456522,-2553.540511064688,45714.32808918746,-15761.920448459916,-177824.2712374834,-25766.460612534072,9906.171120416546,8919.956296803859,-238095.16108117424,-6600.049167643279
3,29,1.0,-1881.5786776699667,2657.2844338589625,-55420.11499603946,19290.450460094642,237930.0929873305,37373.4136226252,-14590.857204560087,-11224.19381495897,337887.8258846573,9278.037039312818
3,30,1.0,1931.507956591788,-2736.5703975720403,66672.11741478712,-23360.066412469616,-318056.80341560324,-42841.93285886067,18826.669298491674,12287.917485608461,-469855.81483094266,-8789.85029670004
3,31,0.0,-3205.176312748808,3983.159521704702,-81583.62439611534,-45048.78592974115,425480.0423265201,-11441.873603245182,15339.085204703604,3265.1779248706844,-1093356.1209060363,-2722.3488759776105
3,32,1.0,3293.114888633731,-4480.991923697092,98832.7997095613,-37280.658071927646,-568688.6496700824,-85733.06800216378,12802.806364059368,4957.173283705608,486803.70263022336,-7851.725447789851
3,33,1.0,-3381.6120976360025,4734.626835718626,-118821.54848798351,41573.06340565441,759592.8652484585,69992.13298329976,-27629.102689250223,-8769.324655611355,118279.66302610803,5451.627631205504
3,34,1.0,3471.53947465606,-4905.050272347897,141975.75618987036,-50057.48171361963,-1014059.8626048437,-94418.71952582749,38717.52397218975,9283.263829128093,-768280.6716490651,-7676.710567316893
3,35,1.0,-3564.2185345451403,5052.022080945063,-168791.9839327379,59763.282882899584,1353241.3263077491,108526.76391689142,-48785.09840855204,-6845.266043538669,1513853.720410857,3226.3114439846586
3,36,1.0,3659.746365691784,-5191.51454916424,199831.00757761043,-71019.09450113575,-1805326.1302517673,-129565.7821437843,59210.36347666071,1385.5995318556832,-2414156.95345892,459.6012014023608
3,37,1.0,-3757.632695453889,5330.431194490476,-235743.22766589996,84045.43461322306,2407884.694969812,152343.5683535549,-70732.75796864793,7392.214989451995,3541650.4031423065,-8698.567180995638
3,38,1.0,3859.3880432983347,-5474.34033442555,277269.8101950465,-99114.95910660409,-3210981.047800255,-179194.99853609246,83816.64694075302,-19914.124365390257,-4987845.354179742,18465.347072096753
3,39,0.0,-6401.673637377744,7956.145842079233,-329006.22125912615,-172876.04696255582,4282557.606376402,-43039.374129678195,53706.89942607871,-3946.720123959362,-1.1460205570727712E7,6943.251277549425
3,40,1.0,6572.296663251971,-8949.96013791715,388750.2750412734,-149567.3659008323,-5710764.873469653,-336567.7959802487,54863.614630680284,10399.098613362747,5230384.668585049,-8043.223152317223
3,41,0.0,-10899.873925362455,13416.937012902396,-464159.56181902846,-251304.45069782887,7616333.431744335,-20443.559597639647,107973.45790343481,3733.0447858985845,5409106.752648864,-2178.0047813597766
3,42,0.0,18074.10909752113,-21771.154511456123,561786.0780096942,114965.64561712006,-1.0159512582053026E7,230457.32763560963,-108797.41522884512,-1153.2200261192659,1.5441193588739403E7,-1500.8086490605053
3,43,0.0,-29974.937663914283,35948.8172874824,-692035.2335170964,-242591.60851765398,1.3554809079736795E7,-382599.48847639625,176434.90089507293,3076.1806369935543,2.084712998890519E7,594.028864030905
3,44,0.0,49708.624259961514,-59560.475320688856,871539.0623828713,280449.6515912189,-1.808964188588683E7,526255.9692972158,-226585.10968761187,-4779.136885295355,4.801311560371063E7,-1734.520137343936
3,45,0.0,-82433.62350182375,98753.94821074934,-1127161.2458540602,-407410.9648462114,2.414964369503426E7,-695726.1829441481,315893.1563415651,7951.611917528812,7.464719735230285E7,2535.6893373701737
3,46,0.0,136699.65625209184,-163756.47438918578,1502595.7427855155,571530.0757129629,-3.225300242756855E7,924662.6097170847,-442269.1164482944,-13122.607337422,1.5416736188037437E8,-4339.476418818112
3,47,0.0,-226693.1237669075,271560.20217629056,-2069345.2034911255,-844978.4732905377,4.309739089181904E7,-1257327.3426572497,642814.1465721065,21704.819957081007,2.5849159590267423E8,7107.7378492251455
3,48,0.0,375928.61415063596,-450330.02106292377,2944838.097720064,1274974.1842147077,-5.762431737932896E7,1761125.154084521,-958988.150378602,-35932.316119710835,5.0434325042384243E8,-11802.724402430227
3,49,0.0,-623411.6242197355,746789.9994153266,-4322533.163851667,-1972371.790907639,7.710798476973638E7,-2544442.963160669,1467723.6842291574,59505.69626460683,8.805039597223785E8,19531.584207288182
4,0,0.0,3.0937676917540164,8.241848914333028,5.2219191029355,2.510546080669004,7.996382521337581,-3.628059849788901,-12.0781029629173,3.5466029215746717,-11.172326220255695,1.4541837917701639
4,1,1.0,-3.5676861151258663,1.9695294803244636,-13.859019061878312,3.282579949097377,-7.552111464320117,10.097933487810222,2.2776046804141625,-11.004423009001263,-7.461169476021965,14.637441235198022
4,2,0.0,5.5109192162718585,-6.519521605845155,22.631687880893338,18.21452710773697,8.988618666354904,2.3749691446889694,-12.749859050324362,-6.4823330498142715,-13.707853477402907,4.161065379357296
4,3,1.0,-5.367585867542499,8.069457431726864,-33.72994991075779,9.722067437252894,-9.283077170643674,26.89886940641145,-2.1048410437782046,-15.537095857495009,-8.3629471809601,23.10356031647627
4,4,1.0,4.97095546219843,-6.433891585961542,46.629795316975816,-17.588037181796953,11.130350475087827,-30.883914283057297,8.791009892108239,31.318353762522957,46.87096800189698,-22.12602815535555
4,5,1.0,-5.404600241985008,8.512091498161906,-63.526394817674536,18.45626048754251,-12.392047836111578,41.62638552585994,-14.502968918875565,-47.65146264780603,-89.13427968150265,44.92352796079877
4,6,1.0,6.169131082480557,-9.145869944046021,83.04850449324177,-28.513061518330463,13.449472038243485,-54.44540173612451,19.320291907564695,64.67140090901302,145.16317385474275,-48.81855031575312
4,7,1.0,-6.018040746394935,9.49435321421306,-103.07777753575726,32.46276736796981,-15.062434735413754,67.7188672828327,-26.230531195173473,-80.9683175779538,-202.41164094912284,66.59980535946343
4,8,0.0,8.317443313857392,-10.956751154391807,131.89227207608187,77.10328363523884,16.74695600514851,17.830867408087702,-28.94483414666717,-22.498510973638332,-366.9947396559431,19.983500405745662
4,9,0.0,-14.395649379039055,19.850054065318353,-174.86278400705245,-52.97027396192268,-13.897002273044288,-77.03868343142227,40.5382772213082,-5.747786552901658,-662.8021354898517,6.917985917262931
4,10,0.0,22.11772642685431,-28.379501613245644,234.8359292763388,99.30917661695023,7.398339461446188,128.80557429335306,-72.56966498792919,-3.938479101105098,-1213.3338014786896,1.3827471513917646
4,11,1.0,-22.66881947326406,31.17098090143402,-304.24443541528035,104.74425554151172,0.8446623990479558,295.50122093661435,-22.897071759438944,-72.59651136474695,892.3564195243589,90.89587956852255
4,12,0.0,36.50506268290024,-44.04870548581728,404.314450837157,249.98690497182386,-19.032459651496588,18.31092679247782,-122.22899962122402,-22.44280334580954,1656.6775535753986,32.06126574917034
4,13,0.0,-61.989462981541905,73.36827211474466,-558.572087482852,-183.95662860342364,57.009148423004774,-229.23453521370524,150.1586291207156,-0.7185870630163499,2998.9827771567734,13.465752004700263
4,14,0.0,101.64932466218326,-120.77422464291654,795.3659070011677,364.02990328530893,-127.63342776234174,423.2616330887229,-259.85848361484716,-13.995594568165595,5562.645421755477,0.358995347394822
4,15,1.0,-103.52066313181098,138.82856010912406,-1070.004786759981,364.4410887250582,221.38211441854963,1026.6325785474726,-77.31076453400016,-344.20841723432284,-4588.585737252705,418.84208286087255
4,16,0.0,169.89211010431916,-208.67724248919853,1482.1332756614368,976.4798869391457,-378.0814559461928,89.80913266676647,-480.66742730352115,-102.96812320349062,-8137.702585368065,151.88264748582293
4,17,0.0,-282.03905811827246,340.6852026660981,-2128.8881802743776,-775.9465446781983,644.6624062960648,-880.815312100961,621.5303716865877,3.871975455857905,-15237.464722627423,71.98743812259526
4,18,1.0,289.58222549535884,-389.0515265840607,2876.7063962058032,-973.7546911769041,-1003.6625554292194,-2677.522866733081,232.87749408519943,997.6534988240429,12363.18282267293,-1166.950894173838
4,19,0.0,-482.3997432040242,592.2911700427194,-4032.401948363175,-2682.462865823542,1577.6668974767094,-295.78157049222386,1310.2025927139555,287.7784834286262,21616.087696205243,-422.94651688493786
4,20,0.0,798.641283768199,-960.4170867237219,5835.378066742377,2159.147432181474,-2500.907945096404,2434.68660637495,-1724.5046370578016,-21.49050381589618,40920.510764881685,-207.34001555152065
4,21,1.0,-819.2957358591203,1106.7126597448846,-7928.3185827591315,2665.908122248465,3741.21248650907,7380.244318348542,-636.75042261389,-2827.7991044113987,-32635.710130195108,3307.2995028987393
4,22,0.0,1357.1606356130599,-1669.1259478860113,11151.539717318354,7447.64761602788,-5662.634939652794,831.740519943622,-3643.7285821242467,-820.2665078385701,-56213.33623866945,1194.3105968047837
4,23,0.0,-2252.531227303867,2713.7376533912093,-16205.591473688075,-6064.36882894522,8667.021246303824,-6765.02206837852,4820.526455792288,50.488124703183864,-107587.90666776961,577.1132418809685
4,24,1.0,2313.5154403991082,-3120.546655411408,22066.095733362064,-7413.822300271344,-12701.825326012555,-20543.268639974714,1754.9405732983698,8003.597089233882,84436.34631071235,-9364.908492150958
4,25,0.0,-3837.292530026753,4714.281700487155,-31129.80646634209,-20853.13553767294,18839.481137602637,-2347.143663233606,10207.896129060091,2315.3185438146393,143060.179873065,-3389.646308275967
4,26,0.0,6361.4994808814545,-7660.599832783023,45346.57161837226,17051.69445676172,-28274.06739301241,18936.542229380364,-13545.910504531375,-152.46462052136636,277215.02274322236,-1644.7346171261504
4,27,0.0,-10550.415998889237,12652.924807357493,-67976.6834040414,-33618.78174521113,42934.36115655403,-35803.009080221746,23765.92914157089,1113.4953161008987,483150.1780095692,-297.83700737385465
4,28,1.0,10833.724184805971,-14593.769790240709,94217.2696379509,-31497.607889415875,-62611.47686279836,-90005.61805632041,5993.081503266231,37303.28698284756,-388081.92920794873,-45640.166999478526
4,29,0.0,-17967.232675804586,22064.504002629503,-135261.83729444924,-92431.33829521421,92389.06706572279,-9840.124542185167,46044.78035524689,10809.273181402052,-765602.5884297014,-16720.346885036466
4,30,0.0,29794.33448881155,-35873.61432084498,200240.46464202803,77925.97589180699,-137960.35346944188,83371.06288303081,-61630.75517346637,-711.0720603345584,-1324907.6104914777,-8090.6870410384445
4,31,0.0,-49409.01657070122,59249.08446184244,-304370.5023712166,-153343.10616046327,208460.57478535647,-159625.02600344966,108336.81910742105,5219.514665215158,-2540039.0609414484,-1574.408010076065
4,32,0.0,81934.72435930166,-98169.68147971587,472841.4125784032,231862.78396845126,-318608.95349978656,262456.5081751641,-170577.31522335333,-7689.407221966332,-4468991.663924303,-3969.052659450078
4,33,0.0,-135875.19521908596,162771.2342426629,-747369.6317251235,-381610.4743303072,492258.19144962117,-419720.7355110072,277290.4233818443,12968.76509079909,-8450335.483268833,3605.744732398311
4,34,0.0,225324.13348450355,-269918.59490660444,1197026.2653988427,619082.532444537,-768209.880971384,671933.9931706673,-450102.515976992,-21454.824827014425,-1.502892689508833E7,-7344.489582670218
4,35,1.0,-231398.60406597977,311635.67323175666,-1718747.1811043485,558565.2259354893,1139003.2475021533,1648174.3544247965,-93501.93174425815,-810290.2463766625,1.1869553038539989E7,982183.0516140393
4,36,1.0,237635.8776620619,-331579.49694300717,2327253.030907846,-735474.0833500134,-1636277.123356248,-1381205.168619671,429409.4853000266,1566758.5847611194,-8962963.057361934,-1254469.0010805444
4,37,1.0,-244042.53767352086,344386.95595332666,-3037192.768440971,991137.9181060223,2302197.4948130664,2058478.307308913,-714116.5581941941,-2246916.7889164886,6444952.5869876025,1901681.1758537216
4,38,1.0,250623.93872376543,-354969.67561132164,3864661.0395001997,-1288797.4603897282,-3192966.6869657217,-2519234.776257773,998100.9118780203,2846585.631898567,-4464970.426229541,-2201150.525949266
4,39,1.0,-257381.35253227488,364975.2368247797,-4827954.917475051,1636140.170366527,4383484.6147390315,3164572.5392147005,-1307958.0112552708,-3357399.9324514274,3200028.1432221383,2623971.845416359
4,40,1.0,264320.38573063695,-374959.01648109785,5948070.976199555,-2040576.8690542446,-5973577.317384958,-3878534.414798875,1659452.019992413,3767488.211639881,-2869154.4307307755,-2841938.1857214062
4,41,0.0,-438329.77005183545,544627.9918269725,-7504337.986706822,-4337036.982873909,8179361.108015464,-1082119.6432564326,1545292.7546736968,938777.7724227627,-1.016806621135431E7,-929302.3188220569
4,42,0.0,726890.2721808959,-877301.4049341469,9729801.682818718,2678715.2477077623,-1.1262719038116232E7,4341520.2162953485,-2101761.577672026,141335.58877972304,-1.252178930374846E7,-373555.43198016915
4,43,0.0,-1205419.5172740482,1446180.6256219486,-1.3008147603738695E7,-5372602.627696394,1.5610211907348743E7,-7196346.609843508,3770115.2380033033,165685.01891862872,-3.1507705262144186E7,-104364.14419678896
4,44,0.0,1998971.8381682222,-2395320.7925633565,1.7968785443254177E7,7201446.811738603,-2.179926715282123E7,1.0517310572933005E7,-5478846.02578783,-179543.14220925354,-4.565279791841677E7,-124154.39912959447
4,45,1.0,-2052865.1836574883,2764936.199722158,-2.3716823681739718E7,8204957.412439266,3.0074435326106768E7,2.315707387367796E7,-1879138.4118496059,-6851107.081996444,4.970003527314252E7,8263145.675397658
4,46,1.0,2108211.1252568425,-2941713.1827267087,3.040539294886337E7,-1.0070974403842624E7,-4.113054939881572E7,-1.750547793106258E7,6147261.123340649,1.279355097761453E7,-5.453569327475756E7,-1.0081670918385917E7
4,47,0.0,-3496092.6502986895,4327515.505024034,-4.0225397319268376E7,-2.476897399641101E7,5.655624006514774E7,-7379893.445901773,1.0311686136983385E7,3413622.1088409442,-1.3228924343195982E8,-3261607.69322565
4,48,1.0,3590350.6081614615,-4882050.854103164,5.16114636605394E7,-1.8606660474431485E7,-7.716144212199986E7,-4.523742479764654E7,5204552.0413948735,8444091.67089411,6.095350760476841E7,-1.2458521856598254E7
4,49,0.0,-5953957.334081079,7327067.31932038,-6.831619234528115E7,-4.271920105883641E7,1.0579919595586476E8,-5076648.368819853,2.0194105068460878E7,2663497.8794263876,5.2465752713879906E7,-4684638.029370958
5,0,1.0,6.153451668865284,0.3447839408460377,4.114559817061875,0.6876206554656759,0.5936370879933199,-4.617805880325715,-5.661874515457075,2.2389415967260438,-0.2252068743476613,0.6670638871470573
5,1,0.0,-10.095943825683063,10.621846631046694,-21.262729013036225,-22.46712306322824,4.472905993987588,-4.910607824875909,13.799219558327923,-1.0525996360763195,0.6725253250263412,-0.04238607960918561
5,2,0.0,15.305009120206588,-17.733167553356903,45.859624380106766,30.156790230579404,-12.738239968722036,19.50996261784388,-23.03985684606092,-3.745004073667316,12.325644434380932,-2.1781534527806157
5,3,0.0,-25.368015547507742,32.00027223943352,-90.95098418452507,-62.63257340325951,29.99568782850438,-44.133928200448445,40.51488975695382,-1.116833012847771,7.854776662538412,-1.842091978981724
5,4,0.0,40.19046142073431,-49.05475870766614,164.83057001194055,96.97626329539241,-59.99400842610283,83.9857772355801,-69.4511085585339,-7.449239993671058,49.758849074784294,-4.859702674604962
5,5,1.0,-38.67597693457024,53.454666636005086,-246.78708234968494,74.990619373446,99.33217267792908,230.85019545042692,-9.427869396250905,-137.37242957009354,-105.28114956640633,164.83864523357343
5,6,1.0,39.782396419292006,-55.429434647837645,338.70129843878937,-105.68556488137656,-151.1957004440416,-203.15458607350436,58.71601452135224,267.3888295299781,244.74294703244774,-215.67390349329605
5,7,0.0,-67.387462120158,82.37547124518674,-492.36081726215724,-334.968092369424,233.76958575352336,-96.2929554741096,148.66749275368676,69.45611685411336,286.3562242257884,-72.16394664647783
5,8,0.0,111.05826034211256,-130.89231795307245,732.7170579965599,284.7915371859302,-366.64764915177653,334.8565836307262,-217.87606383021762,2.7744808526406373,723.3253022581878,-33.76689639760287
5,9,1.0,-114.6065345223965,152.89584141597035,-1012.2417803245381,336.66061909326896,544.8000782210868,950.0160226647763,-82.52049043695314,-397.39680713303534,-590.9599396401508,463.8514465713054
5,10,1.0,119.10258486155743,-165.13715393320922,1339.7786286816654,-432.69873309730633,-784.0841323473842,-795.0492669385451,263.685402632506,756.2321104167075,683.8278576173664,-612.3447022882821
5,11,1.0,-120.60315556153746,172.89940872953844,-1718.7820601201536,567.3841533203545,1105.956796995109,1162.8097154526008,-418.2370367379443,-1078.6958361045313,-851.1185303133528,906.3721814991094
5,12,0.0,199.0973027181784,-246.84414943366394,2274.7325320648442,1403.6188553407417,-1571.998249975,334.51489394848556,-554.1114394046699,-278.73005142634895,-560.9968875309937,305.6714867888546
5,13,0.0,-331.4916630864429,399.7626114025606,-3116.8221174685323,-1012.3669622532906,2261.9660405994396,-1385.9510688260507,779.2596736027625,-30.767694906226893,-2245.7976751299866,128.62699133385456
5,14,0.0,548.9818328467182,-658.5814534395656,4407.873021085748,2002.4536200686168,-3287.292320023389,2397.521020308619,-1404.255592600449,-68.9787949503125,-2279.8907929494594,29.31234991234598
5,15,0.0,-911.1550002571112,1090.9943331001516,-6438.216069911915,-2861.1475175975625,4835.988403449896,-3682.2051439219217,2134.130482690458,80.70554974611616,-6847.975312335983,47.81560271178504
5,16,0.0,1508.7285782053495,-1806.3607265425023,9668.359609852245,4593.045787346698,-7195.176011306822,5568.773027721479,-3374.885407894816,-147.00439091957205,-8527.010468978619,-39.77533395808718
5,17,1.0,-1549.0178763516071,2086.6415531370444,-13415.398702803084,4474.465276749757,10360.162276307994,12973.811016960766,-852.3292859351482,-5346.793188996746,8495.697257493279,6488.883037789375
5,18,0.0,2569.013802144943,-3154.950218401271,19273.176279695203,13178.164504486624,-15083.669730078196,1329.224745928489,-6567.005420589448,-1550.4714196210211,24527.53343336144,2371.103935025944
5,19,1.0,-2636.9958318625163,3580.17805081111,-26073.503380299135,9027.837732013073,21415.46722098509,22056.018008958123,-1830.4018127437644,-7782.562591269051,-12597.279302595276,11062.120663977634
5,20,1.0,2707.0302591354407,-3783.7266834715497,33992.9449548028,-11088.878751237098,-29886.829435757696,-20843.730020576524,6659.56288131232,15865.353960597266,5368.189423565463,-11959.731640096998
5,21,1.0,-2780.225956570171,3924.8464677935312,-43220.889021347386,14427.192617538634,41216.03323380807,28897.354181653733,-10579.245296409566,-22850.01611928717,1154.4168526699623,19869.816820981036
5,22,0.0,4609.254564892589,-5721.7240288004305,56641.347752106994,34484.6776152569,-57224.00838685548,8348.345069631525,-13456.269421378607,-5915.542017211219,36212.62775537041,6767.954507613918
5,23,0.0,-7644.658566712566,9223.713634890937,-76652.40744157082,-24103.44886274253,80069.90064423882,-34117.70620035961,18710.98759619116,-557.0370656378229,22810.515066366843,2919.0461318002417
5,24,0.0,12676.45634877622,-15207.989703478523,107217.17809803062,47833.199706195905,-113021.8880871121,58513.83844804259,-33565.178268893695,-1521.4669211511903,104158.1592058383,719.8774547609938
5,25,0.0,-21022.562934729565,25191.50254191171,-154880.66234559455,-67562.17730653084,161090.64390734243,-88962.76498651902,50596.44969220885,1933.6325809200416,101675.88905147249,1147.728495119888
5,26,1.0,21590.32135620088,-29077.624603883225,210138.9928669226,-71208.24748498162,-225437.7097918008,-203776.01116437302,14946.098543863274,73607.38183063807,-160358.86356666824,-88901.47837473704
5,27,0.0,-35804.61368201584,43967.75585587876,-295340.4717582592,-197203.26530536817,318271.9291885332,-17997.754635517354,97272.99982486026,21374.598599947767,-477430.9646539925,-32433.251302154884
5,28,0.0,59373.35407588852,-71484.47197405173,428758.33760214207,159929.81026430082,-453725.3361150146,177040.68690062387,-127722.30392784099,-1458.03704253973,-625021.1409465371,-15726.624178067894
5,29,0.0,-98461.8328921786,118068.770375439,-640796.8187525119,-315641.6734328445,653706.789346674,-336790.86411150405,223388.38049295734,10397.158413165402,-1505236.5769431272,-2954.647574717086
5,30,0.0,163280.90613808983,-195637.25914876838,981747.5031941787,471516.1550701862,-952493.4209973557,547508.3426192655,-348257.1684097925,-15332.42945529257,-2226270.5486489856,-7826.644815504082
5,31,0.0,-270772.74418775726,324375.7301789526,-1534842.8230730179,-772342.5246461816,1404204.056923597,-866055.3888261709,562562.3157808593,25854.207594761665,-4851627.717529592,7229.218108478201
5,32,1.0,278071.4154715737,-374496.8559881313,2176473.135641688,-714071.133083733,-2009845.8855118176,-2092153.7843606942,125263.9998852614,969383.1782680972,3434747.885892045,-1176061.2836327937
5,33,1.0,-285571.8095411887,398465.59794930066,-2924642.4193329792,930310.3471344664,2820736.661456563,1728800.7269264294,-546287.0504837782,-1868492.1994634073,-2647491.167291952,1492913.6139657223
5,34,1.0,293272.0907928842,-413854.75880700885,3797278.614836492,-1244742.5635050065,-3905267.7482098574,-2572989.150165308,899963.897820546,2672287.5366658038,2080690.9906940353,-2261056.32487383
5,35,1.0,-301178.11381896224,426572.33338598453,-4814122.337206369,1610613.4233598094,5354591.050371695,3135232.3259721817,-1250694.9917268688,-3376521.0134516037,-1344851.6717455836,2607368.948581967
5,36,1.0,309298.9447092152,-438596.6084444494,5997609.978020172,-2037449.763731804,-7290190.469610477,-3929357.7275121775,1632241.4910949368,3971302.088363039,40090.07654893128,-3101277.2906735325
5,37,0.0,-512919.21567708306,637247.4075717307,-7672063.45805534,-4521242.250482366,9971183.26706041,-1123549.8016725695,1654534.8467733725,995240.4257033035,-5851431.471954587,-1026391.3065279942
5,38,1.0,526746.8562341717,-717042.3442090849,9612131.050879411,-3530466.619482402,-1.3551105406849941E7,-8341614.720256619,1122342.5476285324,638662.5421072529,-3879966.7395870867,-1461553.820700921
5,39,1.0,-540947.3415775411,757358.3391073974,-1.1865200860585254E7,4057037.8332028957,1.832924275345942E7,7062314.325098299,-2639478.3065349446,-1843084.8400666588,1.3624089990069536E7,1271833.029299688
5,40,1.0,555532.1295588979,-784809.2325115984,1.448164993906952E7,-5011106.80085148,-2.4704470854810324E7,-9656587.119671803,3819604.089342597,2704125.273535539,-2.479162024803485E7,-2447078.6212583645
5,41,0.0,-921253.0895265754,1143571.1456893322,-1.805437979311946E7,-1.0253774734120106E7,3.338298089120928E7,-2446959.032660197,3699742.3887686054,743156.3375984053,-6.393436853685529E7,-827606.5735685815
5,42,1.0,946090.3202850855,-1287549.5399275506,2.2190185844901722E7,-8274664.524358316,-4.496145325485291E7,-1.920830486193554E7,2710052.737516929,1936280.4596360535,2.218525289440011E7,-2909890.429897866
5,43,0.0,-1568923.2812921796,1931115.000320458,-2.7900610485435665E7,-1.6310256032465268E7,6.070247275840241E7,-1720777.767587774,7387421.435400982,635281.1839525509,7143050.884958947,-1088631.3399963037
5,44,0.0,2601776.573685606,-3134014.562399761,3.602570804528514E7,9648142.819594556,-8.219514641368963E7,1.4975770439070161E7,-8383242.395865709,-137079.80241367006,5.799898651441014E7,-564910.0334312173
5,45,1.0,-2671924.1607386637,3604213.6595402015,-4.543157548814311E7,1.6163970738427663E7,1.1087399746974266E8,4.264004816201552E7,-4777848.475631428,-8252100.671015802,2.0767495863950644E7,9676262.29324757
5,46,1.0,2743963.62441061,-3830650.8529682513,5.635536271987017E7,-1.9209057908922944E7,-1.4913102066443452E8,-3.2539170797061022E7,1.2257924604622077E7,1.459275743099493E7,-1.0269473662803297E8,-1.1332308140443735E7
5,47,0.0,-4550375.146838548,5633132.018327688,-7.169302276050301E7,-4.188908972565081E7,2.0101651864880612E8,-1.2508958734282855E7,1.6607981574219147E7,3959728.4574699597,-2.995058773209948E8,-3614623.1694301064
5,48,1.0,4673057.561120363,-6354488.47212078,8.945850672261083E7,-3.296414771907204E7,-2.702269462867837E8,-7.831635815357974E7,9961795.638118234,1.0404543303873328E7,6.504785030243692E7,-1.508179064526573E7
5,49,0.0,-7749433.156317868,9536684.685370153,-1.1459534270234855E8,-6.870920614082322E7,3.6399715226915085E8,-7345309.30231547,3.176989195831859E7,3332541.0808714605,-8.13032020552059E7,-5625516.696649976
6,0,1.0,4.799720403848171,-0.13269392573713648,4.894452638331413,4.23404349880117,-0.6690185305336941,-2.7096379100811054,-1.9265131789236092,0.4430485899936927,7.160659048167861,3.6464136142811725
6,1,1.0,-6.402371713309339,5.7824613914211245,-16.613629241823336,4.977731963625593,4.651051224347644,12.433821910698416,-3.6426717376885223,-14.094665914901041,-12.683930407964597,20.23451861475776
6,2,0.0,9.687186119266942,-11.539682036583663,32.90267078430348,30.425643418190703,-10.0261137880989,6.837771577781347,-16.29325579673086,-5.363121255773911,-14.402575994039328,4.3359824561859925
6,3,0.0,-17.189340474916158,20.34028535828131,-65.33209740886424,-37.07470140753187,22.79119773416323,-31.64501129118958,25.59437379370547,-1.8781981639073018,-38.01689217274283,1.4760592843084064
6,4,0.0,28.559075132492342,-34.056422389875,117.1896972498793,71.8019210039578,-45.554760358413056,59.76306863764867,-50.57149811513848,-6.224345062724937,-40.19053803464974,-2.368353736194875
6,5,1.0,-31.113660481766807,40.28770120878686,-180.76240132973544,55.41414981399662,76.55453994768392,168.68024292965706,-4.838722477217491,-101.0246167073531,-13.084705348820698,123.22620321469276
6,6,1.0,31.83169392896917,-42.95089312774198,250.8359324751183,-77.47806016181862,-118.64531010834,-151.3227239424064,43.13131486297688,203.94178883945258,134.84957624225194,-164.43156828913388
6,7,1.0,-32.85573962818861,47.383815437333446,-337.80651308840004,106.0152107313454,173.28949719384013,230.89505714517475,-78.23173774919508,-305.3755332419874,-288.02544280501195,264.08367433473956
6,8,1.0,34.264390742562036,-47.73215116089883,439.21374453529734,-145.12030287611788,-248.36661406536805,-289.62628463766146,111.43747419071002,394.5578931197281,448.7932642176543,-304.8422291933664
6,9,1.0,-33.59058781803606,50.42803754352934,-554.898335345157,184.76740135386314,347.75408565048366,365.6830897907675,-149.01488739113674,-475.1556144824363,-584.7247848031166,375.4641554315895
6,10,1.0,33.682068930204686,-49.590879161294744,685.8648678106058,-234.17523966029356,-480.56247284662857,-446.2303189337418,188.12967848382624,541.3102310082338,671.4451975099606,-408.8138187257242
6,11,0.0,-59.34368215602846,72.92982728672337,-878.9560286089761,-518.3800169052704,670.3491217022017,-130.3671027602347,189.2621891790721,133.1724269415455,797.3530086651158,-137.05910761783946
6,12,1.0,61.44863904010474,-84.86819816482158,1100.9181080041346,-403.8365195329141,-924.0773621924841,-958.7541884726045,128.97686284727845,61.752704303237614,-1192.7101159458196,-167.66310836244594
6,13,1.0,-63.04443698801202,89.03121204409759,-1359.3087355667037,462.78234627946466,1262.956140692539,810.0682243821333,-302.2680865549899,-204.5554977603987,1596.4046846743752,138.85059103800515
6,14,1.0,64.60009403235786,-92.12216741822155,1660.1481003535591,-573.3073346945138,-1715.6229311605218,-1106.1665461538469,436.5230558519673,309.4408032517354,-2115.826425691047,-283.2330565034161
6,15,1.0,-64.12284648156087,92.74424484633717,-2004.4386510845718,697.1513200447729,2318.1934886133395,1293.4585304308878,-565.39392698503,-369.12100277914146,2876.450151360131,262.02920683119675
6,16,0.0,105.29775197083796,-130.42022084285438,2463.9111964362883,1371.1195649652254,-3141.124911001001,344.71496532608535,-472.18424572079533,-99.91559753086332,7024.685042637602,80.07393639930504
6,17,0.0,-174.20803223372496,211.54263404817473,-3099.3430174572795,-766.5052786408073,4272.74480788331,-1383.2258440470525,614.4615383711636,-7.165447098377857,10524.558722508234,33.74703506962005
6,18,0.0,287.3850450016042,-344.4913602419369,3998.883029611662,1540.9833044781249,-5838.861037040404,2235.626084406717,-1089.163348196414,-34.79500340589454,22458.339130104432,0.8831207454343839
6,19,1.0,-294.9999312482336,397.16221358338424,-5040.778873226253,1809.821852243565,7928.644970411965,4920.839427986556,-469.279313836548,-907.913808729919,-13316.846400418764,1106.2515108329462
6,20,0.0,487.82797203337117,-601.4681345194487,6532.931692895648,3964.0673310473203,-10808.705613716433,198.6787317168825,-1881.7600158122807,-272.2945560218339,-18329.489350324027,401.2260469920886
6,21,0.0,-809.9218886008032,976.098307721194,-8736.495900624264,-2629.4877954746844,14808.56305608483,-3525.5409218975406,2224.905331705869,22.721064519341784,-41621.54804076933,195.7153629051164
6,22,0.0,1341.3507836530373,-1607.541033425677,12066.491771985902,5280.085504998733,-20404.314784890976,6434.212774052969,-3778.8590198229185,-144.4689714357165,-64933.10081144906,30.12523934425115
6,23,1.0,-1378.3030570310355,1855.70457663807,-15926.698144407397,5525.588712737197,27880.690952347566,15342.948338317401,-1225.4665483758613,-4585.61119789567,65705.3290361606,5609.31759362625
6,24,1.0,1415.9255945621385,-1974.7513211579003,20415.627959333964,-6762.603083335269,-37862.4328496212,-11820.845779933989,4110.1780383522155,8582.473899278788,-69125.48216043592,-6717.995221619226
6,25,1.0,-1453.709904638348,2051.2435314770073,-25644.1372913681,8652.795600016745,51184.98854088373,17328.85994489742,-6396.6184923277615,-11939.831229599811,77528.52135388505,10069.570860021353
6,26,1.0,1491.1210158921103,-2112.6860064091493,31721.050877644593,-10846.249575848457,-68956.18725155367,-20534.120168550027,8570.365939474174,14668.065791725323,-93486.8405622219,-11162.925008064332
6,27,1.0,-1533.3018506441178,2176.3496293927033,-38785.85311620455,13394.426159475921,92663.41493751098,25323.511119566767,-10887.480622458355,-16740.279657505173,120074.11557404205,12958.040875206128
6,28,1.0,1574.4222960525515,-2232.3427460072967,46986.05643317278,-16363.496242327154,-124278.10660646795,-30529.429029241233,13483.686273654814,18058.248373822655,-161142.6859963846,-13369.495477466658
6,29,0.0,-2611.8227270150583,3244.322080588153,-58019.294171572175,-32483.222641557077,166930.55348868915,-8104.521249671161,11101.887580941255,4556.899343910883,-388110.80669540924,-4312.588216066075
6,30,1.0,2684.4685095995846,-3652.3620831806656,70786.21707634335,-26550.326849576155,-223809.64820453283,-61370.98486825962,9037.686192443478,2653.0943812156943,158885.8905177244,-6103.76331253904
6,31,0.0,-4453.343240550222,5479.550261161847,-88186.30449729644,-50882.97837154986,300496.6785582941,-5121.300269192223,22785.038848023403,1132.499142559471,126087.16381838819,-2366.0129920475174
6,32,0.0,7383.660968326864,-8894.14785567774,112616.68576564251,28978.228802224585,-404156.1560738232,46690.864708895955,-25446.55486831163,-549.224394551926,451529.31546062435,-1334.132076080877
6,33,0.0,-12246.675740082765,14687.666033487261,-148022.53602876072,-59413.562994923705,544728.8347449129,-80582.8921460478,42675.504279774934,1215.2879489800403,528084.246312029,-112.13477233183326
6,34,0.0,20308.30677167375,-24333.722162653354,200836.9543132234,77463.55063239655,-736085.682808376,117626.0757445004,-59883.225659752476,-1938.3728440697298,1368777.7024619693,-869.1194663961893
6,35,1.0,-20852.916329358657,28086.234576079132,-262015.77526582684,91443.47895874012,991385.3658651527,256308.24443240734,-21469.981132196725,-68691.70377026708,-482234.821711755,83099.0494069439
6,36,0.0,34579.363710323334,-42465.054635108725,353300.20360612543,224968.38613147658,-1338461.2878052029,15502.535762665322,-108997.31080934184,-20094.00140826465,-141857.2037083575,30267.239534496923
6,37,0.0,-57345.6973907594,69044.84118900447,-492530.5689731375,-166646.4006168201,1812353.3792705412,-200886.50186410398,136494.55754386625,1543.4813080343895,-1249508.6364020966,14751.43209271018
6,38,0.0,95098.73332228391,-114035.96002543633,709270.5297051278,331437.5253710919,-2462716.5107584684,375150.92017130123,-235634.32146531888,-10026.747462657066,-936683.6890212662,2655.7206317723244
6,39,0.0,-157706.52698592725,188959.78528562706,-1052347.674339885,-480339.25493525,3360641.4530986254,-593684.9818502421,358371.935822952,14825.739484910151,-3555077.7807662617,7472.938585904576
6,40,1.0,161956.5568721746,-218128.26998725752,1450181.0305326565,-485696.23610191885,-4559448.59922129,-1399527.4077097336,96035.62556902673,557188.407355783,285493.94947560655,-673773.9334901815
6,41,0.0,-268577.36856185837,329815.4031489121,-2070078.5869471799,-1405564.4486064701,6210208.54547345,-139995.27665046693,698006.4957588159,161514.53111531163,-2945750.0659827185,-246003.86048180616
6,42,1.0,275817.9752355222,-374166.2634370512,2789512.5486067845,-968805.3984428473,-8413831.237143077,-2358936.189153079,199073.70398144927,811369.1546289012,-2546659.0690387464,-1152220.6293175188
6,43,0.0,-457396.0800865147,562587.7893968377,-3893792.752291128,-2590348.3783289893,1.1441054384573398E7,-394872.9250300402,1276511.5833415166,242761.4627160791,-1.1021317636396518E7,-434759.71844281716
6,44,1.0,469728.2505537616,-637520.1924366828,5175086.700846218,-1816892.7225660894,-1.5481662296712335E7,-4421219.024617626,387864.08887830505,1397977.1600220671,-345691.4684122964,-1992516.6742037646
6,45,1.0,-482392.6173922286,674740.4246133898,-6666936.75000484,2196951.1722153504,2.0873007243538328E7,4056633.8589769076,-1331157.0679317806,-2791119.5637893532,1.1612967843443872E7,2073091.943323999
6,46,1.0,495399.47064805217,-699645.5618220263,8403952.250764271,-2826797.4692729535,-2.8064688124487966E7,-5617766.653940066,2084226.5986083942,3971400.963664876,-2.422379233005368E7,-3457215.5704796733
6,47,0.0,-821532.4326682499,1019715.3743497698,-1.0902882466415104E7,-6549214.946010979,3.7811604231569156E7,-1580486.907223774,2521721.9084550953,1030168.1699471844,-6.545196641916456E7,-1177546.5390144002
6,48,1.0,843680.297231588,-1148155.6975008987,1.3799263677608855E7,-5028173.215101494,-5.0812635126471005E7,-1.196449586501725E7,1524682.450395354,1663805.076852612,1.9174141290441908E7,-2811021.8499054937
6,49,1.0,-866426.9517898826,1212942.799890764,-1.71647977670149E7,5830229.410252209,6.815082196243225E7,1.0250916226203954E7,-3753733.4039493543,-3735468.747232843,2.7115938134191E7,2678365.052087077
7,0,1.0,6.04095087085318,1.1142830084098985,4.237612273329938,3.411562513199517,2.7008826329810445,-1.505943545206673,-4.140503437170959,3.2011576414493628,2.783167113439312,1.7431377560184707
7,1,1.0,-6.455616221170801,8.625728247569903,-14.391609317318977,1.0588067619949735,0.33977001359725584,11.529369387402092,-0.31226263343816485,-26.814139023709757,-26.91786323780842,34.894589511032756
7,2,0.0,8.805219044506284,-11.08746131470092,29.39739173946306,26.789365892965463,-3.7057015363043915,4.674896383854566,-14.880004389433688,-9.28794618157175,-42.53521813032139,10.611329084195859
7,3,0.0,-15.773171051324933,18.127009487198947,-58.761841164193406,-33.6828275040829,12.403321447540442,-26.053092853603307,23.30801832758029,-2.0740025656024423,-81.83981795799866,2.594047117542307
7,4,0.0,24.573976354836763,-28.603313519498876,104.11048110762482,60.3323088660671,-29.44078259868544,53.576463998289356,-42.989040466820235,-4.824633489910562,-130.17546618504818,-1.3389452748054422
7,5,1.0,-28.921298312529657,37.89442774096873,-163.6147117151882,49.19155417912954,55.7220573161478,155.16816555635026,-9.45529769477423,-97.95722417131817,47.134954726120306,119.03538572536985
7,6,1.0,29.18897861587424,-39.496043251448526,231.63810103737302,-71.73049485632785,-89.54834470979603,-142.245904969059,40.803907248563654,191.61405152368317,94.2824049538143,-152.76070726692996
7,7,0.0,-49.41811253191715,61.17710799237543,-341.19722122599677,-237.30954471484318,144.7299931653152,-66.86962376836375,104.62470946568551,47.92929145584468,71.36331382788256,-50.43864339678084
7,8,1.0,51.72463506202763,-70.05647778920604,470.9414844217401,-162.62631066746,-217.7479223249291,-413.3961515920108,36.97130129277144,135.7566779439573,-68.83154938296202,-198.69871792669375
7,9,1.0,-54.57026785165375,75.17740847215036,-622.9038403177616,199.73087013000753,316.6551903991323,379.29203314062835,-121.57626237798434,-301.54856739619953,-25.375819558076074,234.24706300401152
7,10,1.0,56.65744244033243,-77.90188511592598,800.3409294543919,-264.7516254193068,-450.3499275428172,-537.2070654379976,193.0479635041062,444.12874725245825,152.58673022720296,-385.41416059132206
7,11,0.0,-93.89328143071111,116.81653750062051,-1060.1732397869696,-655.2329897464411,648.0458810036923,-156.27123048175503,258.81766991282825,113.0519343771316,-127.6817326952413,-131.95069098203206
7,12,0.0,154.92328747124756,-186.1306513926385,1451.9624840174938,469.31138876615125,-939.7111360636286,645.2553596589952,-363.9678098919882,7.174233469842213,277.27149054293704,-58.29237469704587
7,13,1.0,-159.83484593812042,214.04098347555325,-1908.109367906263,658.6824126323222,1331.7236569497795,1796.686056418981,-185.20336105309005,-535.7016680063631,157.14798824315608,615.1672793614472
7,14,1.0,163.5134297748084,-230.7198865108001,2434.460137852766,-809.8586549283087,-1855.6893978483317,-1421.5112364547786,508.6684523066817,994.7789061091596,-399.18464795312275,-800.3874874252411
7,15,1.0,-168.9822966241703,240.37015597687997,-3049.373277924147,1027.8433245148462,2556.038900140704,2055.2774075176385,-770.7111034699245,-1381.6784212683838,689.5511939302108,1151.6545569395541
7,16,1.0,173.60655647016543,-244.49126707567862,3764.475201331872,-1291.2370560794911,-3490.6461132785616,-2437.5769169875634,1023.0903230872527,1687.6541785125073,-1243.3552111239055,-1288.5310038932498
7,17,0.0,-288.7422345202761,357.7621756723361,-4767.995710663749,-2768.941646359797,4796.388669810586,-699.398776798525,1002.4303473061982,427.8774309583343,-5098.966085433351,-419.81697708457
7,18,0.0,478.24255582553445,-576.4802460307886,6205.708585411934,1730.535848530474,-6629.058208025433,2773.639040160355,-1360.614633707448,44.83603483961418,-5729.071870838085,-176.3493055500157
7,19,0.0,-794.4575571663254,953.7684664143337,-8335.802159025052,-3472.978985139862,9228.950020217104,-4607.630694010472,2436.497226439142,96.32769957822588,-15566.144985050225,-42.29435824221126
7,20,1.0,815.8950793778592,-1099.4818495775637,10801.473869794103,-3803.26998546713,-12704.246386665516,-10487.118993911248,917.2333294346905,2643.1210859739485,6345.7799499137,-3246.961280492233
7,21,0.0,-1355.0380712156668,1664.3255514209889,-14458.215331395293,-9134.222277276225,17605.345598274336,-634.2541126503925,4403.973139887873,773.7451821022339,1624.4655994918774,-1186.6565436445474
7,22,0.0,2245.6085498370226,-2702.174798108947,20007.29323446541,6632.240214146928,-24579.769053705742,8161.392378590389,-5465.220454962853,-64.28960009744019,16422.333331483638,-580.8113221718756
7,23,1.0,-2307.75482467377,3113.2248824437206,-26438.484515467684,9080.829498133233,33907.10175935256,24631.33958674204,-2347.563307702401,-7770.935670670507,2252.5769744263066,9079.039215247376
7,24,0.0,3827.5921504647013,-4702.737045030492,36150.99750271413,23382.01683948209,-47094.31875951474,2352.743399691429,-11277.971551549374,-2264.1575069534965,30925.099948546547,3275.966999626361
7,25,0.0,-6349.437148882432,7645.799146431335,-51117.09672263728,-17932.214966902797,65924.61353251472,-21208.965870695156,14484.853831543433,159.2861328000853,20510.61898076337,1592.4936284931132
7,26,0.0,10529.270823951882,-12625.046881001063,74592.72570943044,35531.83801037612,-93102.35750293425,39491.82396979581,-25195.221460329612,-1114.873089114802,88882.0703655636,272.8202022737193
7,27,1.0,-10814.833353839305,14569.865000967893,-101817.1804304106,34436.17633563972,129464.22253981583,97534.17803650604,-6906.453301657629,-36932.02621238425,-19239.869455370095,45173.51760014299
7,28,1.0,11106.18475296399,-15497.42178737765,133528.69882585004,-43368.1369012351,-178068.77185675543,-78261.40290117431,25940.706317097767,70358.51626433649,-35895.35613760212,-55621.83178687922
7,29,1.0,-11405.830505008827,16096.273784518597,-170482.08058486035,56708.18487633685,242995.00127098884,115303.52172500853,-41472.29197681356,-99523.23150613792,94743.18520358723,84193.39539167544
7,30,1.0,11710.772152060108,-16587.391213110834,213495.66965574733,-72202.39191322353,-329674.52158763807,-138642.58343984254,56568.862409267196,124371.37612459771,-175416.18215650166,-95432.57463750734
7,31,1.0,-12026.288313528765,17054.605050906976,-263520.6560593549,90257.8877370406,445353.85500607465,172349.72411264788,-72830.16243278046,-144544.22761153983,297506.0564825389,112524.94467963919
7,32,1.0,12350.600167910341,-17520.297539450086,321638.4757341416,-111260.1712433815,-599684.0273070406,-209323.89398435902,91156.1290195104,159464.6928436248,-483579.4072994567,-119316.37391294097
7,33,1.0,-12684.457968845716,17995.973165490104,-389096.64550687943,135656.3332027595,805533.0070078213,252948.93441621744,-112195.94933780465,-168372.5454172352,760931.7753232974,125645.79198013511
7,34,0.0,21034.16112651426,-26135.669852088286,479568.27993032703,267755.955534388,-1084027.2950126426,66706.21354304813,-91054.67706099412,-42135.55834748752,2004127.326820361,40820.14526195878
7,35,0.0,-34881.517543894195,42100.883896382955,-604561.2441856938,-150343.70545048275,1462081.0325323609,-269504.82688427455,119891.26229643148,-6081.610894653212,2871139.284300599,16461.301447117447
7,36,0.0,57843.944433912555,-69397.72078093335,782848.4988024193,304280.2872066126,-1977350.8959718924,437040.7485442334,-213907.61001536326,-7810.257469663552,6335426.592821866,4384.492809177299
7,37,0.0,-95926.07021164798,114946.23301274506,-1045064.9437662722,-389414.73815575877,2683025.5177344927,-620584.7842705382,300746.21877477673,8673.801450752504,1.0121023297506401E7,5689.67096232668
7,38,0.0,159074.89064315349,-190568.71462005985,1441340.0302430592,594421.4484741361,-3654935.4522882556,864470.2612513283,-447572.6824959657,-15358.370092129422,2.051736809911645E7,-3809.8464502702627
7,39,1.0,-163365.09314742743,220017.654254434,-1900503.8640130355,658698.9373425542,4952365.601209823,1862859.6692424375,-147412.16694195132,-544826.2271504151,-1.3434211632747253E7,661156.1963657815
7,40,1.0,167769.93285827248,-234092.77082892414,2434775.897381211,-806916.7550261866,-6683680.032478651,-1398960.7195281382,491129.5483316024,1017067.9393014461,7123184.819709814,-798646.7198856082
7,41,1.0,-172292.23835218346,243134.35193119035,-3056605.747419649,1031883.7893727866,8993305.790467402,2068666.5081823873,-763144.8311037285,-1413251.972730535,-958826.4050327011,1189705.2359315492
7,42,1.0,176937.03727383574,-250603.605622181,3779781.804369627,-1292605.8738160199,-1.2073724763545485E7,-2445482.6734864144,1021998.1024384925,1735127.1393867633,-5681971.627483171,-1321367.3167951312
7,43,1.0,-181707.14410487105,257665.3116386088,-4620020.306341225,1596130.0993184955,1.6181469002562897E7,3016724.99477986,-1297535.348292732,-1977710.071987471,1.347028075318433E7,1529190.0836028699
7,44,1.0,186605.59002891448,-264715.7482607411,5595372.907158343,-1948845.5959823525,-2.1658419340831053E7,-3635322.585728393,1606449.6751252173,2131685.822851132,-2.317689381365478E7,-1578352.600410593
7,45,0.0,-309452.79858599376,384497.77403757273,-6906760.266537755,-3865019.2563834614,2.901886850315815E7,-964383.8601237425,1320152.2750020972,538339.710270219,-5.8499143699751444E7,-508980.9390194373
7,46,1.0,317793.4723308259,-432614.072657313,8424276.47717174,-3160407.2453938536,-3.883251098705689E7,-7304012.93972094,1076550.3754216176,313369.6477536641,2.042564979956549E7,-720708.2650823068
7,47,1.0,-326361.4726265255,456929.29493833694,-1.0183503216500338E7,3546027.513529451,5.1915711213395014E7,6013241.753758247,-2349682.970375373,-790132.6949811843,1.8064350600968216E7,482542.5859113472
7,48,1.0,335159.47248969966,-473488.84108549205,1.2222884191602735E7,-4292344.048784981,-6.935646411345536E7,-8132963.492917669,3311383.267777848,982454.0160160224,-6.010091402501154E7,-875434.5441545098
7,49,0.0,-555804.4826783433,689934.598774357,-1.4909409945582425E7,-8191612.597695076,9.271011363103315E7,-1944497.6514567006,2839639.3545900225,295692.98519415484,-1.606938931399606E8,-283524.5212595067
8,0,1.0,5.290310163157142,1.3368602085869177,4.13994254394021,2.9264288053933933,0.3865090996917545,-1.229998705656473,-2.287050276970024,2.5375813187344844,4.011378023612297,1.7609596367925666
8,1,0.0,-9.376193694485094,8.656581929962869,-20.6171152615175,-18.69528232879987,2.2990955045972443,-7.099139579858932,10.738381844444346,-0.33780004278095815,8.608564582309219,-0.38334167230360566
8,2,0.0,15.711839684233153,-15.616767742893735,45.39272308468442,28.561454895422354,-11.189905186229714,19.336082561954758,-18.88414629542578,-5.720967684155111,25.192148003831218,-3.2062357590995934
8,3,0.0,-25.441874907374594,30.20690272306738,-91.44794562705651,-59.66863687301677,27.188904099750697,-44.739338129907885,37.154095331983335,-1.2442591732484756,32.20940335331264,-2.8451711091252716
8,4,0.0,41.34006114957052,-50.765554155707925,165.84575722590859,99.46816847056382,-57.26352120417568,87.09601112931135,-69.6006174546352,-5.776544792992239,95.75608614069144,-4.01527228024792
8,5,0.0,-70.48716711280808,85.90450759471321,-296.5758627366156,-177.33355082212086,112.89733071482719,-159.6983180593064,124.33675795062003,4.6664862698179075,112.62252615765519,-0.2765459947998119
8,6,1.0,72.62993877952628,-97.47428151879625,447.1379014734539,-140.90193654691575,-186.99477575943416,-421.57314582359396,18.280363288380222,258.5738844094961,40.72250807257387,-315.2187779456618
8,7,1.0,-74.86123590057477,104.96018562500313,-624.9313055224359,191.8303548144689,288.1770963550274,376.2816214766332,-110.44673886986917,-505.5486244777318,-331.6356194299486,405.81201973473685
8,8,0.0,123.10549702824103,-154.4757558704654,900.1804196000917,616.9445166130703,-443.25465948476284,171.86226690455862,-276.4729467554764,-135.2203257126607,-298.58305296658995,134.31301997464578
8,9,0.0,-205.68941988009078,248.2587286518046,-1344.4980552426023,-535.4294174487071,693.8151077057421,-613.2267874414956,403.8173680928511,-11.49030843738223,-918.7614017124738,56.47247146863379
8,10,1.0,210.04620719602505,-286.44058931491315,1855.6768576209797,-616.1834982172691,-1028.4447656731795,-1739.9970113479635,142.70806651258638,758.5364083172827,781.2178745797198,-886.5214531796028
8,11,0.0,-349.6306831696064,429.9772232785713,-2659.467612643011,-1812.0761250622422,1545.9495773326244,-209.265342802321,890.3075068775481,215.937645672225,481.74318896967674,-322.3996009318628
8,12,1.0,360.4220523332276,-488.245876506028,3590.9099987045433,-1246.805776578066,-2239.156059174997,-3049.1699561553482,258.10140805225194,1054.3692708963708,-855.0266942756832,-1499.240153280698
8,13,0.0,-599.6777366424838,735.7031003842176,-5031.539002681371,-3357.8984270536835,3283.6801881519223,-510.0466884846383,1653.308675813336,315.4889834725729,-3508.628630216219,-567.3498643847257
8,14,0.0,994.7404096224595,-1197.9627164962615,7277.47601761819,2687.442450218711,-4870.287930594617,3103.2758695988036,-2156.5888067594183,-36.436305041060685,-3741.0923683804303,-280.4479064158701
8,15,0.0,-1650.2521976788696,1979.6869202163205,-10845.217154019638,-5326.467035122381,7312.663269706664,-5753.2614368583845,3767.5323569907046,169.82571861287514,-10916.32928332553,-60.70430480394539
8,16,1.0,1695.3500502111076,-2284.3950762420423,14982.51050470662,-5022.537290873665,-10591.298696212983,-14330.766774466449,963.7321415113613,5836.254128597878,7217.77735651091,-7150.7636033187855
8,17,0.0,-2815.3181598984074,3456.398674552931,-21446.503804354452,-14612.674026002194,15517.721510387182,-1531.898973928065,7270.088363372386,1689.3963399594923,3916.8788592348287,-2622.956605290064
8,18,1.0,2891.8180916593124,-3921.5053620247472,28949.976685689093,-10042.749698177104,-22120.28529642995,-24506.785692538855,2045.7525407329192,8523.231300454214,-9662.998070281417,-12128.77349046311
8,19,1.0,-2970.910757792919,4154.102624784045,-37694.900524765515,12307.780545663783,30961.444156124,23097.814319514706,-7401.134748041999,-17363.50419711241,11512.37233627039,13075.256594869077
8,20,1.0,3051.873693324265,-4304.983664305293,47882.26557745614,-16002.22875358975,-42783.20634184595,-32015.187181999096,11736.375206917588,24983.899820821865,-13478.424961909896,-21727.071311924527
8,21,1.0,-3133.1365368423835,4439.582427421283,-59737.46555682831,20268.062532030544,58579.62794515467,38874.5075948385,-15923.665526845807,-31410.576835182776,19391.960231520625,23793.47214938242
8,22,1.0,3218.107628205572,-4563.364841277991,73521.30718965213,-25247.31378809156,-79671.59551716577,-48021.429503095605,20414.137753050036,36543.917938357605,-33261.50250210167,-28673.023665805667
8,23,1.0,-3303.28337232706,4688.612133179986,-89528.80416001713,31029.05881312657,107827.08287502629,58249.09890326572,-25469.346294386614,-40226.68918265486,59617.14594035621,29906.56214850108
8,24,0.0,5476.187316684741,-6804.994930666241,111288.97624316355,62936.75097383569,-146429.8166544468,15696.493531584445,-21804.79218557594,-10119.059583722728,193890.03842600796,9677.777863150335
8,25,0.0,-9083.184297111275,10962.76487605643,-141768.1350482174,-36670.99402721939,199672.86630540207,-63222.69152613466,29062.32081175505,-1384.959035026502,246375.8909212676,3927.2107309926505
8,26,0.0,15061.935264140871,-18069.37229817792,185808.42837523468,73945.76391075297,-273607.8289857344,103372.98234141369,-51950.2486410732,-1984.8106391726772,601016.6367429494,995.4831153434512
8,27,1.0,-15469.833208903105,20843.06388255545,-236801.1807621404,84414.13656313997,372345.548234527,230668.41277836572,-21305.766958370496,-48658.54323560153,-272320.92268263875,59938.38307072724
8,28,0.0,25651.848021652815,-31504.1536843673,310980.1684376785,191815.7264936451,-509004.502573449,11210.871537813584,-91596.23932323622,-14371.13248960062,-213374.84643913482,21882.394001295506
8,29,0.0,-42539.58454519251,51220.39976187773,-421710.8252055889,-132308.56347552172,699540.3883969819,-171008.40491308473,110628.26051572674,1279.1986854799088,-772792.7934271712,10734.664610481352
8,30,1.0,43686.74219177745,-58922.963659325105,550009.6906557162,-190815.3707615399,-954043.6950638356,-512792.8092458806,51194.04997153187,144789.78399575225,110253.34466425386,-169231.2027297538
8,31,1.0,-44865.68783148533,62632.4067385936,-699247.2384170247,233318.102404661,1293818.1638599467,409153.5643639284,-145835.93547624163,-266369.32861904026,524130.96174690145,211779.37865000972
8,32,1.0,46074.822478738584,-65029.944093662176,872867.1694617192,-296134.7395263525,-1747247.7206049548,-587534.8942276925,221193.76820832625,366789.95719772583,-1233586.0549052544,-305773.0518866712
8,33,1.0,-47317.751991475656,67021.86231040151,-1074711.098056067,368934.94045804336,2352165.2287855544,695546.9265562515,-293207.64867554716,-446521.9090689052,2124887.5852029575,340301.6067647273
8,34,0.0,78466.57074448552,-97462.42026884208,1354821.376523571,782068.1266412153,-3173859.485203199,197612.0168535121,-281346.43794043304,-114287.37857814982,5674948.225847349,110487.22724928765
8,35,0.0,-130125.26663303826,157040.4193875007,-1754958.8127672528,-481620.24227617495,4294674.808731168,-784245.9121283254,379452.123625875,-12615.100317525776,8043387.187302492,46173.555631762
8,36,0.0,215788.65430586366,-258884.71292503612,2343840.8362376294,966218.7156874737,-5831059.343681976,1297609.2239830864,-678681.639600312,-26671.564069176744,1.790993504551687E7,10294.131378774178
8,37,1.0,-221604.09064414393,298575.5348107888,-3025882.887400296,1067976.044845305,7881539.508907997,2939762.28183288,-259975.1605018191,-713757.8240945976,-9560862.878159333,876336.5517398503
8,38,0.0,367490.6582376379,-451317.22970195615,4032752.977974006,2533487.95419943,-1.068689762120551E7,170149.46982365535,-1219357.1102819722,-209729.2377111923,-1.1555249980408158E7,320105.22892669035
8,39,0.0,-609417.207873268,733745.6284067215,-5554735.337023779,-1819974.1054787762,1.4546111203823663E7,-2263321.585561992,1503620.7711528584,17360.168857695633,-2.908688558444686E7,156453.85185797844
8,40,1.0,625849.2324338639,-844103.8654321743,7318608.539409818,-2519862.173177441,-1.9697579567616623E7,-6819332.503619252,657019.1565548205,2100487.98028571,1.1798987393227214E7,-2454561.1204112857
8,41,1.0,-642723.1827348274,897220.8646626143,-9371097.624040252,3107633.3252483048,2.6571497581744548E7,5500938.98648271,-1931329.4904925833,-3893940.954486609,4762142.1487066755,3108806.206565543
8,42,1.0,660053.164427191,-931586.4923428054,1.1759921497935228E7,-3971305.912184648,-3.57412001328667E7,-7919518.049190982,2955412.3920444916,5401598.800583832,-2.257604987124343E7,-4509680.0382316355
8,43,0.0,-1094581.1713407263,1358431.3159215497,-1.5175180179050097E7,-9049485.260833222,4.8178242538879246E7,-2151510.0611461895,3450729.081983968,1398618.8384769317,-6.827467191164687E7,-1512954.2280106423
8,44,0.0,1815167.140554914,-2190232.0867839796,2.018961822094411E7,6038773.3471512245,-6.511216219707944E7,8963616.359175643,-4723428.272791282,130269.50714559316,-8.942067750063191E7,-650161.2047834122
8,45,1.0,-1864105.791628394,2515784.183746434,-2.5998342710188936E7,9107672.250421688,8.770486601587924E7,2.453178100119608E7,-2692172.7363812593,-6194408.856452709,1.2384498518472815E8,7112865.98584256
8,46,1.0,1914364.456570174,-2672927.4290947476,3.2751420757711258E7,-1.1014847839832567E7,-1.1783985573911369E8,-1.899317198462045E7,7007711.03174683,1.112221387300998E7,-1.665829459573937E8,-8811756.223314144
8,47,1.0,-1965978.0532494353,2774928.0030719563,-4.060379137653237E7,1.3858708139234632E7,1.5802735561572564E8,2.7343946912540827E7,-1.0433138975423202E7,-1.5082561524945514E7,2.2362736697511455E8,1.2504717231594376E7
8,48,0.0,3260223.119454297,-4046167.4934381833,5.1625724379200675E7,3.016218695077162E7,-2.1223070457125092E8,7126161.090547329,-1.1241279882671548E7,-3929151.195090156,5.2684059520349836E8,4173766.2158463714
8,49,1.0,-3348123.778764262,4556237.223569646,-6.4393226257059045E7,2.3734691988752477E7,2.845128918639507E8,5.574860982116587E7,-7492588.348411232,-6278728.684043511,-2.3130954371556365E8,1.04282135035682E7
9,0,0.0,3.115281517580833,8.691716563716197,3.297940323724845,-0.9981148884522015,8.548258418086345,1.0293738597916209,-11.72423506892278,10.889662957176919,-7.586148402033683,-29.041770631742196
9,1,1.0,-1.788998629794889,-1.2325390076948854,-7.110801572108543,2.7193787693019558,-10.428743367408142,4.7285296798466305,3.3041324003340886,-6.95805233114245,-5.517752004928709,-9.580283619405854
9,2,0.0,0.7431480505144592,0.1509454482550254,8.23821192424157,3.28765997813917,13.37754776455519,0.2842192802474805,-2.643948341852039,-1.9828510325558264,-13.903407683042019,-5.125041675720553
9,3,0.0,-3.2196744250865597,4.621075226023666,-14.257562034195413,-9.877351201625213,-14.738428182136872,-5.065620714102927,7.009164293904745,-1.2221560638988085,-14.444508118652891,-2.5766690158946304
9,4,1.0,5.536537999795835,-6.6339514910297375,23.571310999177985,-7.393446029705391,17.239434127948805,-19.485553354081745,-0.14425282955382357,20.408656585387284,45.780129492122306,-24.98458767344424
9,5,0.0,-10.506358590774994,13.917422064468154,-42.69806986442055,-37.958722790054345,-16.432984235272198,-9.710460087651127,19.631643327106588,3.345127167884205,92.5678286420765,-11.900197153757338
9,6,0.0,17.415403089559327,-23.402410482184305,71.88143474567474,40.61262471178061,14.256869261538034,34.03160694536721,-30.904018091826806,-3.7214716946271533,164.8634523280523,-8.486706635644891
9,7,0.0,-31.262477618246606,38.36780792349715,-130.01790921526234,-78.1722462078114,-2.312717144031174,-65.52168908700027,53.44840275708997,-1.2439633878306213,306.1597509700096,-4.740089880412423
9,8,0.0,50.97426464996588,-60.99788371523529,225.57773578243726,127.5146828445198,-22.501081700237705,121.20344511602018,-93.84019951944836,-6.286637131947273,575.7500551102479,-4.249536403523057
9,9,1.0,-52.09111882583858,71.05727274349219,-336.29079922882335,106.17084427157093,54.53133422897335,320.82563797580843,-16.051252288664504,-185.0050556492067,-599.1500194935128,222.06523857636935
9,10,1.0,52.91247051717138,-74.26904852995226,463.1566695387712,-145.9314095197484,-98.67999009149166,-277.17217042474135,82.07461040434688,357.758641558708,760.1434802422266,-288.35216601043317
9,11,0.0,-88.6728907604317,110.47844012059251,-666.2768319475325,-455.010697658374,176.55933001653173,-128.01489776181143,202.61538382511563,90.50547142953438,1252.7133867422842,-98.28353012593372
9,12,0.0,144.93520577249186,-172.88250507486973,982.6006069346029,377.04539038376214,-306.7743005596422,446.677068200181,-289.6794919764314,3.4396213155661868,2459.133925092107,-44.71501566110326
9,13,0.0,-242.3622878778721,289.3510613955292,-1493.8824711178872,-753.7297804309061,528.182616029005,-801.1917715840348,525.0497759024702,24.750172950223394,4201.053415648184,-10.199166669221277
9,14,1.0,249.0438080961457,-334.3734876419088,2085.471348889906,-694.6872428604619,-826.8794994388127,-1995.7749181229362,129.40064209426635,857.7200829825485,-3040.3715637600294,-1049.928150965145
9,15,1.0,-255.6103005947072,355.72152539254654,-2778.967474346437,890.2507584566193,1228.74705563999,1640.310164459013,-527.2670348505943,-1645.5975528825668,1624.3386220620155,1307.0957862730888
9,16,1.0,259.52486789654967,-366.97236100876813,3579.0024469330424,-1182.4363155964168,-1764.305973296667,-2423.0396552315456,858.1877945884011,2338.4568511333878,-181.87281901738706,-1975.8103131700382
9,17,1.0,-266.1001452836701,379.18310680112535,-4511.878699958779,1515.0942585974096,2483.268887251211,2935.438929238202,-1182.6251513517852,-2940.7798257118093,-1059.0684186930478,2267.709593917705
9,18,1.0,271.76960524428654,-385.5008417490791,5592.944597900429,-1910.2992608571953,-3443.7359327196978,-3660.8200446466662,1534.9812853643991,3433.564932141687,1881.19357908308,-2671.4564693865864
9,19,0.0,-452.497536092213,561.3425392284846,-7117.120050456245,-4163.572354227465,4816.022750381111,-1035.7992744140254,1507.2432113526704,859.2545846157096,398.3981050605497,-883.6281776953145
9,20,1.0,464.1200089235286,-632.2688155985043,8880.989262763285,-3274.3243274045167,-6650.287661632948,-7707.517875718122,1050.9966221797392,563.0661464040771,-4245.857410120958,-1272.2162137165087
9,21,1.0,-475.91199442806135,668.0866504720153,-10929.50084946446,3745.3874279022148,9100.110327169516,6499.202083098295,-2443.373893360411,-1586.1517484100268,7943.128582012383,1084.2202753230665
9,22,1.0,491.7553659854828,-690.643425250239,13309.975522006582,-4617.517161599267,-12371.912123596634,-8872.936380201905,3523.0686965447153,2292.0336839251854,-12381.2543094429,-2069.921100346844
9,23,0.0,-816.2840863047479,1012.5877909637651,-16548.177272336856,-9361.508726065162,16896.24346398742,-2232.6264075582385,3361.5472427382138,631.3030566812853,-32177.67512882381,-700.2053761159111
9,24,0.0,1351.366640136792,-1628.8576666246583,21083.560490993812,5451.177900215521,-23189.500959313267,9350.928885810526,-4374.492979671668,-3.838887301285306,-46203.36539698292,-329.5262033630638
9,25,1.0,-1388.9131271238964,1875.2963902061488,-26330.98831133347,9437.179409222907,31597.138056982727,24937.50571666644,-3022.359191648209,-4179.852931099978,53779.5449962612,4872.524828865449
9,26,0.0,2302.454680812193,-2830.533887540188,33760.48907735986,20146.949990939785,-43254.20939570772,1266.3478227936528,-9272.238569007191,-1249.3602936763132,122597.76539711558,1743.76571210655
9,27,1.0,-2363.6257538473265,3207.5153712888464,-42367.574245035175,15552.735615597563,58822.76115181525,35543.29531681402,-4059.9104958925986,-6306.64531176714,-63552.18326384113,8844.803054451068
9,28,1.0,2427.8227478007184,-3394.8178646106503,52361.267341248036,-17885.50463237479,-79602.31764060202,-31589.00509752825,11237.593176342643,11827.207713895728,8221.046441136637,-8517.32286765443
9,29,1.0,-2492.754227969895,3521.1563343438065,-63968.357000954886,22115.64753384424,107328.94855630661,42526.214553662976,-16674.54204691825,-15763.731810564632,50419.19395341429,13532.587858462564
9,30,1.0,2559.919802139746,-3625.51678465873,77437.86870787352,-26985.291658850696,-144316.86879617916,-50052.45234338446,21664.349460103767,18243.608701549485,-119339.04170181768,-13210.235256372973
9,31,0.0,-4246.104663952558,5276.165101932707,-95533.65757596977,-53416.78241330937,194450.5759933261,-13451.988266004075,18483.118817339873,4788.290464958562,-326771.27335357305,-4142.447060522293
9,32,0.0,7040.556438985365,-8497.724054808461,120569.08542970056,30113.78903031613,-262655.15931438364,53820.681280863166,-24124.95595095648,350.22653516038923,-454582.5640381123,-1783.782672029514
9,33,1.0,-7230.13258141244,9759.222580437436,-149538.17050358947,53893.205087353504,353648.3596457104,141853.84734125377,-17638.90165178714,-21485.64154274618,577211.3814696877,24985.6582166995
9,34,1.0,7426.9286088244635,-10368.843491574977,183151.30220700434,-63121.52277062528,-475012.6289312805,-104660.83080514014,41144.697752297456,36021.67568968508,-741860.060594079,-27240.319899623937
9,35,0.0,-12315.29526167524,15248.32572650059,-229328.3573129967,-130985.63789736993,639195.2416198326,-39737.12659274841,50675.51215661627,9901.969866420624,-1710815.8274633565,-8528.425617920304
9,36,1.0,12649.357054017872,-17200.71595728577,282787.6503205617,-105180.38129528475,-858170.3823230913,-247629.87979662287,32819.08103896395,27019.351301627852,801954.2110659969,-38591.567008991326
9,37,1.0,-12986.814712311807,18178.968029560845,-344806.5392015031,119167.66185580533,1150174.3765064452,203498.77447954012,-77464.97517836436,-50977.61322612764,90838.12171019166,36399.029608108285
9,38,1.0,13338.53483014825,-18841.436416780318,416757.17800437205,-145457.15611434454,-1539512.8102667453,-277813.5295761159,111248.5171432946,65004.069393601705,-1046261.0052509597,-54945.985579654276
9,39,1.0,-13697.710951751536,19408.637587894653,-500185.1138859647,175625.99063396433,2058573.3960139167,322264.4762062155,-142234.56804781826,-69987.55023156905,2147598.230374632,48665.34302415652
9,40,0.0,22713.967854367558,-28215.116898040844,610072.5913226537,335163.57255645865,-2754828.170407031,84627.02011432417,-113174.18201162506,-19125.43290673644,5441675.193856312,14630.484237519788
9,41,0.0,-37666.139693096426,45458.46281887204,-759093.7833486787,-179170.3769736044,3690192.6549605015,-338812.46596946695,144959.21163914076,-334.19553554182755,7940644.712182203,6675.750589805804
9,42,0.0,62462.62168179184,-74938.53411699116,967803.562781487,364449.0312751078,-4949123.771702298,543006.1445346898,-256810.9646349441,-6983.8364567458175,1.7231052267184336E7,172.7460162184959
9,43,0.0,-103583.56139273901,124123.61863600003,-1269607.5598479214,-454338.61613155063,6647408.845711828,-759723.8403029017,354120.2060606428,9731.988546393108,2.7888525425071307E7,4174.414002553543
9,44,0.0,171775.16092787543,-205785.1399523543,1719014.913449337,684286.1669880851,-8944709.79129873,1040428.6948052542,-518765.1374913657,-16525.460238886302,5.5908326631455675E7,-5006.521481275807
9,45,0.0,-284860.7515417004,341241.0485736581,-2405421.883998585,-1007934.9992223191,1.206268536179788E7,-1444983.128687356,762856.0283974712,27233.845273363448,9.567852856093453E7,9122.706071468227
9,46,0.0,472390.66310310527,-565881.4223781187,3475871.1779356855,1546796.6851700582,-1.6311454298868509E7,2059912.2059754748,-1155851.6284707254,-45124.92580065592,1.8395503592569214E8,-14731.678497962437
9,47,0.0,-783375.6288880319,938413.3183520273,-5172858.504814595,-2411650.132498174,2.21287231611479E7,-3022065.527007766,1787147.6615157956,74737.77365693139,3.244035974128618E8,24573.787782003947
9,48,1.0,804497.3484058954,-1083453.9521207882,7140754.178781339,-2389998.7095186687,-2.989208412415275E7,-6924170.4042191105,462003.34623405174,2771485.605012334,-2.7420767617329407E8,-3359781.6657047137
9,49,0.0,-1334116.6544799763,1638279.7641613705,-1.0210430492051266E7,-6945863.749511339,4.050218845811763E7,-680340.6142550239,3454941.209540491,803177.3207993645,-5.241192023001845E8,-1227632.112881025
10,0,1.0,2.713708237926121,0.5657491698149648,4.385178657350828,2.37379234531191,0.9749666258178163,-1.5049445367905634,-2.7487522518896097,0.7515773221032689,3.2948857410791987,4.256344967796193
