0.0,-7.9243249364139965,-14.27880869931915,-7.917571657274352,-0.3197776068139004,-2.03414938463926,2.627452822880495,23.258472081604918,-1.083425659343901,-1.5215638319802876,-3.971933034135394
0.0,-12.855971388259691,-11.225892603683818,-9.130770451341586,1.0804980878971335,-1.5820172607474827,0.24725213370571875,16.92690852820821,0.2550307085983472,-1.7905074818736402,-3.609519427407195
0.0,-10.837033913026973,-9.787866672974172,-6.858341357141192,-0.02814626144006277,1.2014039042317077,-2.067174556009749,13.346243480659306,1.1076404806771583,1.138680908231977,-2.0392018210357143
0.0,-15.737870346469524,-9.153432956837458,-13.101712835965316,2.247842989067505,-0.7436503360409306,-3.4458782256218186,15.01965011634545,-0.6927271865596301,-4.3226943094365495,-4.90518610563588
1.0,-5.023654260540555,-21.174562808690357,14.046609188394953,1.1878854709997158,-2.4282075965921726,-2.2326152705393376,32.700964026385975,-0.6629490636993067,-2.0454878612941547,-3.603738216193338
0.0,-10.830365019315122,-12.133281736366825,-8.903478477100375,0.2379990593094336,-2.0889098442885587,1.6921492874275412,19.080676447776035,0.14544014212292028,-1.999503823684748,-4.681117320277473
1.0,-7.408267736411953,-14.516920540974795,7.6949893257135145,-0.18442101443907766,-2.187921313021721,-0.626887145214672,23.824120500713097,-1.3601891964452846,0.4128063388498851,-3.0425515642758825
0.0,-11.037158263811191,-11.060264438236576,-7.536338268619822,-0.6608612935111167,-1.4209545934672547,1.570808274219895,15.981171218205597,-1.2689093944746483,-0.9315705100418954,-2.2091803790516833
0.0,-8.520559670907756,-12.960705872684027,-6.459684779909816,-1.0992775205572558,-0.18708512737138694,0.8188175830066904,21.034066486503537,0.07465322681293107,2.344648642557277,-1.3319943078805658
1.0,-6.014495824697117,-15.198223407303267,9.401796069240714,-0.6755001575441162,-1.1824705749690407,1.3450525050418702,24.515251143392742,-1.1550252512517285,-0.6488257699110033,-2.732876823180455
1.0,-5.757352345634437,-16.660882664831945,10.43480601369492,-1.045901339754906,-1.4210747536529307,-0.5011056855592386,26.43840835119087,-0.30273348900868047,1.4061723860747417,-0.9653452282794799
0.0,-9.734319871865338,-12.707880606212898,-8.760219445265799,-0.2824696932261625,-0.8007592772750265,-0.37901502551244826,20.064762829695248,-1.7753105073600817,-0.9207381302558347,-4.439910291742278
0.0,-12.039459150513215,-12.030629716502732,-8.564541439391453,0.18806704973440552,-0.491818956680526,-1.7868979618856677,16.296796249852626,-1.2305865831376535,-1.0378743010816314,-4.194015349575475
0.0,-12.148402533191328,-11.916883142618762,-8.346374732280218,1.4327300761050075,-2.2802930988381407,-1.5214868293004706,22.03868788175123,-0.8259993974514982,-4.879128486123852,-7.355010106387162
0.0,-9.629144043237543,-11.840739212437738,-8.69438444813467,1.8385982279452897,-0.7448156813388676,-3.286030899761795,20.171489182802958,-0.82820661074316,-4.764065442051587,-4.729166898353414
1.0,-8.064673584401458,-20.106267574353318,11.240363035970553,-0.29300753107405525,0.13179474885142128,-1.3593923398465046,28.957098194521617,-0.10030392721261394,-0.24421821352150364,-2.8303186252618353
0.0,-7.531369671751741,-8.241676477160745,-6.012829902765682,1.0664585859019575,-1.8761323545442556,-1.957000219737162,13.019302472324625,-1.104928317909972,-2.355257285880197,-4.488409518195903
1.0,-6.042099829771443,-16.649014968437598,9.687743822406906,1.3407905173980983,0.03586306956702123,0.25453630833948326,21.654678063921132,0.7100738389394524,-3.781829551411124,-5.083257848627948
1.0,-6.017517630168489,-13.442791308456226,7.429824584267141,0.708568026862812,-0.5100629407031038,0.08146737906381174,18.700341719291906,0.025246876294490572,-3.685238152017506,-7.573830601062971
0.0,-4.730198897589285,-12.15997939377338,-4.871019512351753,0.1612677591014618,0.4495618305395459,1.3634844511165445,17.087656423522912,-1.8461075533669227,-2.0074124301891034,-3.3846084273057357
1.0,-7.356588473860159,-18.01924889106221,10.473819521254343,0.8879447868511371,-2.0731991361110045,-2.011741496564166,30.35004996238593,-1.0954522785692977,-1.7655516391539912,-3.4459070213398144
0.0,-13.994735029116612,-10.657738582973478,-10.220236580282057,0.4697966485178565,-2.8485698022353256,-1.540124448202637,20.62597947724564,0.7040373974271399,-0.8641127855025017,-1.9602763749249705
0.0,-6.176315360083477,-9.522791156451296,-5.540827705906752,-1.5368799712471972,-3.6108944099691733,2.9844591445121655,15.375252765767343,-0.5533304464500489,0.9886397923748428,-0.5149743505946622
1.0,-6.417947444716654,-11.583489066606724,4.005682276066322,-0.5527107750596542,-1.4239729423903187,0.84814028723803,18.86332901328919,-0.2594215920769729,0.28246434216041216,-2.2604141138680482
1.0,-6.262101193761446,-15.273130859891934,7.347614322173372,-0.18269224334492537,-0.5179544224664152,0.25612765348155586,24.137760624286873,-0.01170592877062554,-0.9291470145474523,-4.750254638735701
1.0,-6.256769402338265,-17.16736223201057,8.334205754338743,-0.09655070481562172,-1.1622656950566588,-3.13530150457614,29.791768605335836,-2.254828364033408,0.9873809302185723,-1.3241906095438376
0.0,-9.982073835372614,-8.61633564704103,-6.236436917559317,0.2645354319461003,-4.063264916700907,0.6113452885938475,16.990929409683382,-0.032914454060158804,-2.790424362298519,-5.742939877402906
0.0,-10.912804319852073,-11.870069222705878,-7.544853982651889,0.13656540203010137,-1.9829959876145722,-0.5724024324866763,21.93362111848692,-0.36430809603753744,-0.892835530852084,-2.338208188361828
0.0,-11.709221504362871,-9.396524829360374,-10.693019256953127,-1.5382084053583411,-0.8948318589421936,-0.07102795245102023,14.825151085997936,-0.8430587369254825,1.7129708465462437,0.29683432487990347
1.0,-5.590112401257929,-18.70510832537383,11.36850092598245,1.2284202166692186,-0.19845809806231607,0.7256750025673931,27.004186166492868,0.791954963655516,-3.1336976072005625,-5.147268780844795
1.0,-6.256423248107543,-18.13392975593495,11.243957513531136,-1.2827607488383546,-1.7864114107527373,0.7011429954055587,29.173413569789965,-0.3702761227922906,1.291013767525888,-1.992128110221079
0.0,-9.485160624880795,-13.721496938531676,-9.957072215585812,-1.1483408042066352,-0.6857761946219785,2.1274377824370836,20.345041000653612,0.4360426675755582,0.9258341951052051,-2.570342884527078
0.0,-13.100216038947675,-13.229594950605396,-10.564518007115941,0.6318554384722772,-1.1891560611530312,2.121476390346529,18.706580222073296,0.24006134169717708,-1.4308951708062172,-2.5466362859081504
0.0,-5.620532070304195,-11.567392704779836,-7.415556073397585,-0.08974742954046613,-1.1519076920785645,0.765292735183193,17.413021958059574,-0.7753596162867635,-1.8578725547155461,-5.4863431494652
0.0,-13.855285940799815,-10.166622696106321,-8.682426312646541,-2.296083232970621,-0.9467643248793837,3.20260578598664,14.937297710600467,-1.3255785025144853,2.608345305859276,-1.3986190400844611
1.0,-7.150756128554732,-15.55979695120889,8.615530088434026,-1.3883805277214236,-0.14426886455303345,-0.839800310372195,22.40630994887836,-1.277204667494856,4.2724120357019535,1.895529840873123
1.0,-6.625643442380244,-14.130175798818101,7.078311982462129,1.1111350920354228,-0.9916311621786486,-1.2168083272589545,23.565993190941054,-0.4986453405523884,-4.192937607017119,-5.629874902523959
1.0,-5.961788173449879,-15.189426395144162,6.49285305575332,1.2623180163597476,-1.419827231520157,1.7414135905052506,21.226307480359406,-1.5125781002363121,-6.080349447978004,-7.036586984825257
1.0,-4.720517561433403,-17.189033734077064,9.22805431390535,0.259842973727358,-0.1917277243591724,-2.233826699358106,26.728290061192087,0.6512731535448153,0.004360801033945261,-2.6683787074594445
0.0,-13.543562275277734,-10.274310107559376,-9.704465377287544,-1.4229303606172723,-1.870446812960693,0.3896969220600317,18.832197686452027,-0.17149686400377323,2.029422534993615,-0.2617293998480462
1.0,-6.149089957737507,-19.857854455641462,10.892755708193283,-0.6927212840028696,-1.2165415410617644,-0.317809327917559,30.282520839120775,0.19548950570321522,0.14198124436993842,-1.1844170117986836
0.0,-13.43339243111282,-8.637856916996466,-9.240229514283206,1.440388930001649,-1.2762707661134145,-1.139246922297436,16.5855178394676,1.5194389213606934,-2.057832513192385,-2.3866282805214194
1.0,-6.794692329104532,-14.14536581949002,7.7198859964272835,-0.36464883824583894,-0.36985952066223826,0.12140151526616522,20.886052143589335,-1.7684120654474467,-1.531241752514107,-3.7625373679456944
1.0,-6.9444029984521904,-23.73584247447076,13.441542122479836,0.16116992440448655,-3.0265856916634233,0.4027283263410925,38.145485164747214,-1.9634410711349384,-1.7928321827815652,-1.5883498678616026
0.0,-9.641162543454362,-11.664743707534866,-9.052139787670184,-0.8984855572844646,-0.4355972706971929,0.5452407621402802,16.921310178745202,-0.6370556224091192,-0.04894278231140958,-3.2244982737572405
0.0,-3.2518486068321186,-12.259711919258702,-6.07112677670477,-1.9837199487240313,-1.2059869808220816,2.711320086937643,19.268507092444683,-2.5114376414641155,1.596821234701832,-1.0482870429874334
0.0,-3.7026659763140843,-11.89587783641478,-7.482303805138569,-1.4191315879532143,-3.3061811704516746,3.664008771854907,19.548508164744636,-0.9855512371968671,-0.19044663347323756,-2.096249970768654
1.0,-5.47060624391528,-14.39947572353685,7.505562653510262,0.4961303914529005,-1.5144067055726105,-0.5281772718239502,24.686232714602227,0.24173873502707283,-0.6041759493308657,-5.429610644663308
1.0,-6.694544182042057,-14.173465801878358,8.811567646771035,-0.8671451872846125,-1.1403890772229863,1.3427380237699447,19.144464983300384,-0.14734749400848046,0.5227052529337974,-1.541350894196773
1.0,-5.5370807291430335,-21.382550816683885,13.324126896303493,0.8873238238226296,-0.9245476700573384,-0.15161615590560273,34.352928853534266,-0.27090829219569385,-2.916208388513301,-5.917800548260697
0.0,-14.681087308443542,-15.448221110010664,-10.569744125431546,-0.7443188672018426,-1.1746661570529775,0.15452606678621938,24.578644129356753,0.43327936996389205,0.1318713340287564,-3.0318366496303364
0.0,-11.075363460068512,-10.041824669275615,-9.434096987830474,-1.1489827268229647,-0.558532484760933,1.277455317137176,14.162860349060727,0.06270639689822055,1.22565802351509,-0.8424254539972882
1.0,-6.8150015420895045,-13.729602334948598,6.675593910480534,0.5392914784210602,-0.4189661980107572,0.54104635800717,19.244817239901437,-1.2516030965086067,-3.9945865143886414,-7.4060220014059865
0.0,-9.938572878685246,-12.469862549626772,-6.946796251504009,1.904557692352566,-2.5758057434181776,-1.1561587403986073,23.21458712565962,-1.382086616432649,-5.161707833694167,-7.862509222524985
0.0,-10.980830717630532,-10.645812290343681,-9.820178823438965,-1.0309942242723742,-0.8369058027799354,3.11117693109786,14.939261353985936,-2.1979127336436104,-2.708997855144184,-3.918821569654601
1.0,-5.113783797156457,-19.64178214682393,11.213728987740787,-0.3255757164057215,-2.065837821348791,1.201771149593387,31.7835360565175,-0.550061758690022,-0.2942248471122989,-3.3872130572691495
0.0,-10.232829130791632,-12.956110653627567,-9.352055102622385,0.552815092476925,-1.3377530133402045,-0.5377514895213845,20.54686270676214,1.5320726495469015,-0.028820503705302203,-2.7348106062515956
1.0,-5.017695529881414,-11.714959616083362,8.034429386648323,-0.44589744131096265,-1.1667127445152428,0.6968573572120342,16.619740160124998,0.44152972622341,-0.20204717997713315,-2.170386736599134
0.0,-9.615371665171606,-14.41006565123914,-8.461941594753645,-1.778508258857812,-1.8003434723981564,2.4555022483182807,21.888685610056662,-0.12347147517162493,0.5841056845195582,-2.0716390339111506
0.0,-8.067474569026581,-9.242726750094876,-7.271822838057796,-0.07918396996254456,-0.9834629903236043,0.0561684355340763,14.20271498198635,-1.3326729116095832,-2.6293736387701445,-4.840109682381394
1.0,-5.584258472119864,-17.52727541409546,8.37222080978895,0.2358514325844015,-1.5330351599936152,-1.926315381830607,27.624523769550088,-0.996091119592144,0.0768172910211794,-0.2114023898466848
1.0,-6.061389538561488,-12.204645950602677,6.47209251507407,-1.9208017229032264,-1.6045617295104835,-0.6418571262014443,20.336481135593804,-0.8098330847233159,3.648036419644795,0.4887461056091138
1.0,-6.647561280323866,-13.533868074332599,5.915124619601962,-0.21324680577515542,-1.895626330458186,0.5841721340754593,23.367722951269492,0.480709848049381,-2.4058932957311283,-4.836374588398992
1.0,-6.483436794445272,-17.35473503258211,11.218974047221984,-0.7639004964122467,-2.2235483578803623,-0.06144449111649262,30.07726608707465,-0.7691995887055163,-0.31436201508865824,-2.3244361127374358
0.0,-12.180824931483706,-8.902022940281917,-8.064114303738123,-1.6195934747852518,-1.951843594374374,3.9299912916238666,14.000438195137813,-1.0834558241388175,0.5496809915494244,-0.3076570654086166
0.0,-9.739025499163278,-12.205922762869344,-7.429760626283674,-0.1829328210017661,-1.0679341017343738,-0.7857400116377147,20.156907867113176,-0.6155944478260421,-1.0841971309456098,-3.2895997841817906
0.0,-10.46248314080094,-15.302730828093576,-9.052250545526366,0.3465174256554694,-0.8884151007802612,-0.5550878921736218,22.632724702951293,1.0158645357196256,-0.875941976068482,-2.661080911282128
1.0,-6.708361684334965,-20.0951910309035,11.215186249076304,0.40800209487754785,0.3495872885860807,-0.6012714058139185,28.50668664235962,1.3974060903083156,-1.0626922581915166,-2.287716234704787
1.0,-5.47038622830838,-16.83341973225884,12.114905279281151,0.48619715661743923,-0.5256437826574422,-0.9935894880468346,25.906328408852268,-2.2090365813115698,-2.92448778936577,-4.3563365689442515
0.0,-9.542028283023122,-10.466232431287937,-8.042489127585966,-1.526936361827538,-2.109446312635097,0.49544125656351845,20.255732800106284,-0.37819841086805706,1.5662414719377415,-1.869697637537404
0.0,-4.060835915919061,-10.535671733895486,-5.351149895248101,0.25399237981830797,-0.32912273515490065,0.2702589237126418,14.233919421482671,-2.4132321688573084,-3.4441691577260674,-5.381267800053966
0.0,-17.715699113288146,-9.740530341428254,-11.54862609663649,-0.6325866246521471,-1.4863246912622252,-0.31742915466293686,15.210142859689782,-1.1814596736842606,1.6462276762710033,-1.283893995879377
1.0,-5.752782765299167,-21.129439349029347,12.983299387985026,-0.5738125216229846,-1.5655763843087847,1.6751790396285657,31.78125562233585,-1.6335957319655094,-0.8228164581961379,-4.528929648343933
0.0,-12.008177382357738,-7.546906638178821,-8.040655942482601,-0.4110439177745444,-0.5567456529497932,1.6687178152493487,11.209923860211426,-0.31378613237453434,-2.069837016225655,-5.004214263379471
0.0,-13.55481357096572,-8.582349955085185,-11.092297739171617,-1.1633171087011407,-2.3181995264457655,2.109651661801313,15.568225275477587,-0.3128751539443892,-0.589781567281392,-5.045243932328877
1.0,-5.3250836768700225,-17.750933402349215,13.284491838977935,0.11054116125956207,-1.9950472090977087,2.4194349343386157,28.48166726445354,1.3179254378756315,-2.06338764165793,-3.2176506719633693
1.0,-6.49552283077657,-14.517242976441002,7.1707921372532155,-1.2538457302924542,0.028288219136540338,1.3557851103289797,22.136502148497947,-0.8096258719519037,-0.07952917536474624,-1.48882100187867
0.0,-13.164521714570602,-11.990381512860845,-8.610073854592295,-0.37471884887864454,-1.7302551044127126,-0.10022368576644247,19.73230076853119,0.2858772041798672,1.9216781102454301,-3.2670530008137737
0.0,-13.799557507860019,-11.2746951367811,-10.563559611918382,-0.23705492690631097,-3.592436971926184,1.5379245528223766,21.067021840752936,0.8477987161073965,-0.15287901295400175,-2.279560800847698
0.0,-10.640463272682348,-8.809363016381441,-8.249653010812477,-0.6078246690259482,-1.0293087730635013,1.2954340094335939,15.195327564622524,1.01545678403942,-0.26043944620127557,-4.103059677715723
0.0,-11.74584344088146,-11.558685694759417,-8.568488277810932,-0.2031061467000295,-1.9276269548400964,-2.038756608265049,20.299714952381226,0.811433297286002,0.17958300957511986,-2.2963206780581955
0.0,-14.477808511011293,-11.388732381679159,-10.351772655732427,0.4826207408263769,0.04460929661098256,-2.36155925258848,16.4260804348497,-0.5389935458358408,-0.7208623366904781,-3.8076026823838305
1.0,-5.742413488734811,-11.801916909048465,4.73083060963641,-1.7675558884762923,-0.3152577807524831,-0.1810839545943851,18.282729108683625,1.4137005542558618,3.1806135401778155,-0.33619737759141366
0.0,-9.991216883932276,-8.576298303036788,-6.684347594504614,1.370631646248446,-2.415437790871642,-2.066970780393906,15.470266576150864,-0.6331482855852915,-2.222034103824493,-2.1687876163332853
0.0,-11.136412516727644,-9.774516343026853,-8.211747914104713,0.2433896466726943,-1.3185917504218159,0.12563533322425005,14.415157127049303,-0.8661900533989983,-1.9625823134434282,-5.961357048930571
0.0,-10.58377044042781,-6.98616784413571,-7.75059271556595,-0.7819174134588605,-2.4263291055823286,-0.07556316339201108,14.551191278252821,-1.2621608050288429,0.6110088852858031,-0.7539917948256374
1.0,-5.422004362242467,-15.839529237231837,10.041231428259179,-0.8274431525094165,-0.9534546163311184,0.09771999471172327,24.59345704119849,1.3048377579500925,3.140893478702862,-0.17751821621245933
0.0,-8.702796481571982,-10.929615421830018,-7.066990446187971,-1.0404411580649522,-1.505412222808045,2.467781299512777,16.52884696488638,-1.202014927925775,0.9486965419793476,-1.595798747208268
1.0,-6.331260472223197,-13.93053147436034,5.657633534963192,0.4487506244891906,-2.793610369652843,0.18365615048538753,24.41960889363763,-1.3739823632040866,-3.464255695358415,-6.739931972059699
0.0,-13.5018853124595,-13.808818171218446,-9.085549006108696,0.9833632887780311,-1.957975761380347,-1.9299509653982923,24.046587186356067,-1.2549087707574522,-1.9055898021596582,-4.473854739246122
0.0,-8.272280710718762,-13.021020289042804,-5.723041705725479,-2.309104763993312,-0.7316704790527184,3.7060431881953386,18.1039940995649,0.19809838961040172,3.3010529394559995,-0.3499276572101332
1.0,-5.471935004771092,-15.788797684996558,8.868353333109123,-1.6560923790969349,-0.2614513470270725,-0.49779236024039114,23.311740462964238,-1.2319104872593551,3.85791972793531,-1.1124444734639194
1.0,-5.483636002099619,-21.611277434928855,12.872981053890797,1.1703787085938373,-2.8154851086623944,0.4196471579630282,32.35762633886831,0.49800468827585115,-3.101751407292514,-4.138639349685208
1.0,-5.124535259489434,-15.017633849382191,11.062145964725756,0.29747532484936895,0.24876493818748924,0.08655470311151359,21.796942074916583,-1.8147469252496,-1.3365857183844283,-2.761377570713305
1.0,-6.665315897187026,-15.934390651174843,8.811797116579394,0.8783068912747519,-0.7123880146785326,-1.3735375865111439,22.526771143911862,-0.9260688144171081,0.304927289458365,-3.1921487281318353
0.0,-7.3991244374242395,-9.836510007435766,-6.464449652494451,-0.3876438515833768,-2.3717407490449305,1.3146456119771222,16.40688403870558,-1.7569332741640138,-2.670422706171455,-6.695688673325037
0.0,-15.642584177553031,-11.146516860963263,-11.19892375676203,0.2898890192375869,-2.7435329133406405,-0.818404901225465,20.747967280319163,0.13185912863327576,-1.0696227510868137,-2.4199738833814592
0.0,-12.019086800483114,-9.755071467419382,-9.098070253996337,-0.8054237464830306,-3.318233610959064,0.8788721551002411,18.8026852505936,-0.3390904642434541,-1.1630591552937226,-4.553291541267158
0.0,-13.848317189694223,-11.578221116150681,-9.34035847938789,-0.45847721760712457,-0.8506844678690699,0.24262292171939048,17.651428837942774,-0.08574792705766404,-1.2809206349898605,-5.427708485457428
1.0,-6.046085344406863,-13.957537528544457,6.872696810481041,-0.87733398779953,-2.070240082769937,1.223521047253284,23.508573713937743,0.0675608649620768,0.8021086429694857,-3.4383525425759216
0.0,-8.780454022368732,-11.764441047543867,-6.780008848055742,-2.3950125516338083,-1.577590422956096,3.9598363442530493,16.267787459624834,1.7960879555491818,1.3601116310322223,-1.762064950346085
0.0,-10.632953256529,-11.44545931572387,-8.44388503740671,-0.3355380687952437,-0.7071322762318463,0.9551955872932791,19.203255847647668,-0.1220700633612965,-0.7826959986255402,-4.689774816707098
1.0,-6.896819785576379,-16.454854307986796,7.741528312643931,0.3762231004339519,-3.161605557634233,0.6347443267980958,29.976217555214028,-0.48470110457968596,-3.5682167522078894,-4.395899037838425
1.0,-5.583761212893753,-14.039030490017485,9.379993582994432,-1.9991136472011692,-1.8394992740638954,-0.12469378626082356,24.50265353478795,-0.7462239925899316,3.8758934008002695,-0.09467558141287136
1.0,-7.2350729771384374,-15.60366401362425,8.886174788814934,0.7172272286915864,-0.3109265499254298,-0.7654059768783262,23.673866926225863,0.19051189365240934,-2.8380990724752486,-4.539437452923604
0.0,-11.337660145348226,-10.759862716242141,-7.886243718974604,1.8500314864945873,-1.346516544241611,-1.8221464723542138,18.248730773172788,-1.0685214359394988,-3.6662714496194972,-5.850141310659968
0.0,-14.152006646002357,-12.088045988284389,-9.790856133778062,0.25027699794994873,-1.0259431505997558,0.07293583607779791,18.350721914327625,-0.7316290816689595,-0.8604068039171978,-1.127702531418429
1.0,-5.983045683017606,-20.730797339907465,14.201759471554144,-2.5692806950829685,-2.882515530514558,0.2058934742641057,36.1199839831281,0.415368568517813,5.191473167722111,1.6858664700236399
1.0,-5.926682740379224,-14.998312649655176,7.459392800480173,-1.6374566730704996,-0.5141053916384273,1.007367207324303,22.47265790395066,-1.148411403470687,1.385592159684923,0.6253935634466712
1.0,-5.452898693453443,-21.519470686888468,14.307158417284269,0.6641699504036507,-2.042221097969305,-1.4697208864601667,36.146184707597094,-1.3333944242778437,-1.2743466910301657,-5.432423446576072
0.0,-11.499798285358969,-11.204883336715405,-9.816743359929264,-1.1269560954674271,-2.2357268702946786,1.370361232842995,18.72482962978319,-0.8335515781623141,0.9678989747716307,0.5373378542526277
0.0,-12.004884090853613,-13.311785474723354,-9.365456881239776,-0.02982717120882586,-1.6112552075208364,-0.44510719935086573,21.077783279770927,0.19229195747889927,0.5639361848848952,-2.0714301115182137
1.0,-4.1205274311388855,-17.481092390292147,13.568704488215914,0.24835528568417484,0.09297356653514766,-2.1629949961645285,25.478597856814712,-0.06972337742993867,0.2040551944802154,-1.8510918424732856
1.0,-7.3604683074173485,-14.181855484103849,6.982666386285108,-1.1058187507634787,2.2936582536992702,0.03358208630683822,17.265191041121284,-2.7711180379670384,0.8441547059778114,-2.365635013860669
0.0,-10.6223823586945,-11.82557305697597,-9.224977896313995,0.8685711469249542,0.08187013674049637,-0.4367729585443413,20.39451064102542,0.782771374619468,-1.4006401925174463,-5.777001087147032
1.0,-6.473996190824017,-15.845999893554502,9.298561203362368,-1.159558513626507,-0.7853344467148344,1.218912062421447,24.224394005825747,-0.16602019892872605,1.1153710102224739,-2.5696641669537574
0.0,-10.32577977770309,-15.285973046577546,-10.069263983650323,-2.1825177895924948,1.005175316173342,3.7826153013219255,19.358971182349546,-1.1236215808135435,1.999506248602664,-3.2959177209658055
1.0,-8.109667632777628,-14.40358095979561,9.02475654989442,1.3002089396124878,-2.1163481732808074,-0.6029691441169925,22.954675937999795,-0.0018591217833460738,-3.8903429878502465,-5.632215445199549
0.0,-8.356257463527847,-10.597132161768217,-9.073449974930393,1.652727365789358,-2.0958145371578927,-2.769756497502799,20.76093076620248,-0.49605251502166514,-2.6271991483470867,-3.231038693692864
0.0,-7.631304124531036,-13.227562537019718,-7.0974302759401295,-0.11951070190852361,-1.7012873195198952,0.12308423159673926,21.466848446057917,-3.0526757597625354,-2.4253411378136973,-5.048150996533322
0.0,-11.339825891493211,-11.448362331660944,-9.154093386515218,-1.038591238571116,-1.254676715001426,2.102812509135762,15.256154575521418,0.52379750348061,0.808764657810929,-1.610574675427128
1.0,-5.48277460083075,-21.26491884819468,14.915054827767236,-1.5168801378711338,-0.32576075120758663,-0.23457722661552483,32.946076118364935,-1.0040281783003429,3.063717697987873,-1.9358032683436939
1.0,-6.780174525126151,-16.89901606398076,10.179295285739757,-0.814566691420019,-1.4995873171873018,-0.1251913843290138,24.800056327240856,0.7379733199782396,-0.2933660160078604,-2.849038860470743
1.0,-6.006105680923404,-17.864827556649228,10.167502781945648,-0.36468546212109587,-0.9730481222679019,-0.8616511913326489,26.936425208381543,-1.3338312133850507,-1.4151753612077194,-4.201258020321425
1.0,-5.974886381707103,-13.470644765879001,6.2101367031774855,-0.8843659684244728,-0.9600997694196911,0.8078949972126309,19.719696192934286,-2.0755975476335995,0.8849550287915002,-3.3292225614825535
1.0,-6.616028397553382,-11.391285575499186,3.795309337972105,0.730263309429187,0.47270333081685534,-0.1267369193594221,14.505452050713354,0.30820767861070236,-1.9660765218738079,-6.221250005448722
1.0,-6.043664136895659,-17.48955040956582,9.345561625061428,0.5707079464955,-3.1098855727722707,0.3153159139074203,30.151674182773572,-2.0690504818405806,-2.3748192263548793,-3.9045355224388
0.0,-8.69495940951132,-11.592031694225641,-8.291886208301353,-1.9253096857426577,-1.7912030375039034,4.473677698455664,17.812431409207925,-1.5017460304254224,-0.15588211673512894,-2.891636418685952
1.0,-6.400107790543163,-20.036797738119617,13.256074796263814,-0.33020175084137193,-1.3146994311628435,-0.8575769158424098,30.999309926884678,-0.16258227303058842,1.5580877723435589,1.2630199792986097
0.0,-7.518639963438201,-12.31680076921553,-9.39852020845085,-0.33483069773812457,-2.15444055308458,-1.1296317860151504,21.27720708713877,-1.1493238522574918,-1.3975946063658355,-5.039367882652065
1.0,-6.147928031103913,-16.08994366872833,9.488230168845645,-0.9785992974149291,-2.190224201029574,-0.46406474534142705,27.766243763934252,2.6047027787685604,3.128310604178565,-0.9534628245989286
1.0,-7.1015146552061355,-18.529931790377137,12.740745375875056,-0.4478406841580323,-1.0461251211888474,0.6168588198709066,27.834626049583903,0.15711242599292774,0.4896597647412831,-1.9131310623198288
1.0,-5.885169741753935,-15.852223898576899,10.389872486649203,-1.7890963855840436,0.44995005802446264,-0.39075225850263134,24.882418928350123,0.9941885080843065,4.188813872145731,-0.4929177313470712
0.0,-13.222840938069027,-12.066865611841427,-12.073689653350828,0.7507230576274018,-0.28249680558752144,-0.16133740869796687,19.59132871920232,1.6759470920922852,-2.647071393685133,-4.265427966495475
0.0,-13.661382084160905,-12.739004666247062,-11.131632638927709,0.9099845194372103,0.5107914100995232,-0.235977584149494,19.64618824047821,-0.24369816388705426,-3.8456405079674916,-5.116372787199164
1.0,-6.120134666909139,-10.82601984018996,5.193850531155627,-0.6492528398091523,-1.362447040591318,1.207032227783003,17.192440136702995,0.2265420982637555,0.1947966836632143,-1.5649854343677871
0.0,-8.671961619435873,-15.357059491255637,-8.677339567660653,-1.1595827595529924,-0.6042448932821152,2.5184304591026243,24.13018811627466,-1.8089607442650424,1.2267318998389016,-1.3714123970316918
1.0,-5.903369094777301,-16.977841488463476,9.252569395334255,-0.3773011987283486,-0.31284370187126687,1.3970718987449209,24.784553185716142,-0.12916780737831662,0.3065748326248484,-1.6284264112931681
0.0,-7.4437262887185875,-10.513878504562491,-6.61805385040878,-1.1550322468811507,-0.7534836016277161,2.5529609661196897,14.16636075857205,0.8446092542674226,0.12470125187574932,-2.5162972914473576
0.0,-18.79061873419093,-11.125555541703699,-12.787156798660252,-0.4000745854591025,-1.4934332131212626,1.3078280329271093,17.315517796247015,-0.8372933454570839,-1.761484447151457,-5.047532387648619
1.0,-6.83255895367654,-16.11826862313302,8.134415187338579,-0.8508101070087061,-2.38731940277443,0.7499801377374886,26.34478477494257,1.076691069416625,2.512365993273611,-1.4409435376331154
1.0,-6.344597259641455,-17.925133538901598,10.776967778936573,0.7961222913600571,-0.9897029779026467,-0.4125487574797041,29.29358533254653,-0.6928504543214495,-0.5536902463316808,-3.1340160098601784
0.0,-12.875140279163398,-9.442314503267063,-9.182779843297174,0.5118372600420001,-0.6228411195836475,-0.159317921311985,14.8571152113188,-2.3669163106907427,-3.219086472335517,-5.808423446206832
1.0,-5.845674607165966,-13.491616831519279,5.778834938330675,0.2923748656453282,-1.796558287480271,0.057474182629251525,19.61839146114741,0.0016721163063104783,-1.5753295247552246,-3.6275123489806753
0.0,-9.990631554493785,-11.00282482567816,-8.042442270800906,-0.21120902055981472,-0.2581723970310291,-2.582509328185435,16.227786319927247,-0.9598142463139315,-0.30998366299288693,-2.365087202522909
1.0,-7.32635594297687,-15.594051404059245,8.486741896114351,-0.7087568218309599,-1.7038226944772221,0.1056429835081896,25.203476250889462,0.1373279822683231,1.9773306165175564,-1.2622638354769915
0.0,-11.79556216239006,-10.25736466875672,-8.113428205092605,0.17412479172454776,-1.3398521319587802,-0.0677276261585909,18.10723824146492,-0.8967961136126572,-1.238248392896559,-4.014846043736821
0.0,-4.400749178065875,-13.343091501443439,-6.262091761151181,0.10388604341893387,-1.1409357105992401,-0.4830915774250035,21.493139917728044,-0.54087564272107,0.149828192542526,-2.27276948299
1.0,-5.383139457483888,-14.874973712300125,8.353275268358841,0.6820168555711377,-1.103272304738955,-1.023307480990034,21.798565911223758,1.748132458996217,0.5424788193409089,-0.06983203947981242
1.0,-6.477465982263493,-15.41357598081858,7.311428041864765,1.7735552715766758,-0.6068566709862752,-0.5806027371764728,23.63119621704185,-2.4187174785765406,-4.495187698572569,-6.121660580669281
0.0,-15.345852230867443,-12.113104778715266,-11.410113076710351,1.6383776095200253,-0.6206569394186344,-1.7767955105393367,20.105000158824,-0.40183533224204504,-5.1477611384132365,-7.795248836103501
1.0,-6.348912775116166,-17.45693453343078,10.940673502073642,-0.6499692279475887,-1.7615512935896143,1.2969569389200528,26.81686269223972,-0.5163454156200039,-1.5535935037773574,-5.1141751613792215
0.0,-7.968284147592527,-11.639303769269267,-7.7268224292802525,-0.1889507642622258,0.23867960157192147,-0.27466467566298813,16.018958853859324,-0.13345164458702696,-2.302689236450459,-5.637942862663377
1.0,-6.497318223966256,-14.252359905501972,5.927039342654146,0.701851946840041,-2.8651089230731386,0.7421028969155558,22.704614753661097,-1.4110207721018189,-2.974232947725664,-4.15342295008932
0.0,-7.068033133027369,-11.038682658590693,-5.729262713179492,0.6402319147636838,-2.004315105887977,-1.6861866479919785,19.747851465717268,-0.7982604690397546,-1.771621695254905,-3.5873230529968914
0.0,-10.552564504063255,-11.86917148113904,-8.54062614305947,-0.12166787749049723,-0.26763717445724333,0.3167013867134491,18.080115037427873,0.6346508936295587,-1.585668591753134,-3.401382602113613
0.0,-3.8463101754414772,-11.73374328314008,-6.630398303484137,-1.5220864807543526,-1.7891178975340685,3.43321637557969,18.34193338988496,-0.22622802731335673,-0.2054455245134511,-4.279916594508425
0.0,-13.270655878752738,-13.214916580829778,-10.954792846097055,-0.3835360499184422,-1.2910488594818967,1.8348603911828627,17.931225884622176,0.2924545471255563,-1.0263567156565672,-2.7801788507051644
0.0,-12.639114089296001,-12.517309478960424,-11.246142367622912,0.9164885745374167,-0.9612603599009109,-1.4694927946720155,16.298820576243642,1.1865939827820244,-2.3522653650685665,-6.135592297233506
0.0,-10.623937880138481,-14.526661008464792,-9.662816661701772,-1.433218354473874,-0.024328293518411703,0.22883612841471335,21.43339162509735,-1.577345003073385,1.02145227100042,-1.4022070284191466
0.0,-13.637618602436783,-11.496798398890876,-9.27245160536142,1.1595586951044314,0.628066093677939,-0.6469778799603011,15.51015291892002,1.0421802129129714,-2.7088444580147293,-4.055990985546347
0.0,-8.211745162354653,-11.020677495913512,-6.882020983524928,1.9397495995932794,-2.6248245606525966,-2.4838914966716468,19.834456744670664,-0.36383122089124353,-3.4291861346436376,-3.4689381904040584
0.0,-12.432587422179253,-9.796110248196355,-10.66366470612735,0.8605775042041471,-2.3584510891310524,-0.9058044790821297,16.9786948047511,0.18680916960849625,-1.1719358748639999,-3.4301198310430774
0.0,-7.013947936310355,-11.623137332282582,-7.3887717596666285,-1.1136829430485644,-2.374144595649815,4.185759804779436,17.21344052696623,-1.4865190760357763,-2.5187154966722916,-4.035847033126126
0.0,-11.092827950840277,-12.481372295982535,-8.88329903570236,-1.8212626464719752,-0.07985937463485082,4.88375343358441,16.369542668607288,-0.3582398752252072,0.2396171619595106,-1.8651392287118878
1.0,-7.403815146623062,-17.474051846147443,11.267592273245244,-0.5683134350414004,-0.9228507344575569,-0.18502328220878386,28.830832308154942,-2.549713752432264,0.5448934126149931,-0.5035547321963998
0.0,-9.484557568335655,-11.352175033792,-6.3755929677470755,0.478303223034369,-0.19586046293528048,0.6906067011964006,15.648376786467715,0.25813834792703716,-1.4347655752782829,-3.3530153797614024
0.0,-7.574058095362128,-9.130730842887901,-7.2296363366199285,-0.7622682422020567,-1.0633668431070034,2.998874546418516,13.74470335461616,-1.9994525820790239,-3.193635767899517,-5.972078246563073
0.0,-9.774245836271007,-7.638813491129765,-7.224162478822262,-0.38696542691702196,-0.03315732631561219,0.8838086920267485,9.447184892450796,-1.3872071239677692,-1.1566264676166194,-4.75979791240428
1.0,-6.52298215767952,-17.88660131480987,9.713218919410656,0.4570655252939492,-2.752307801731666,-1.4379907727901866,30.359223904458535,-2.3870667889478874,-0.4209812395789996,-2.1015022031111834
0.0,-9.565214226398494,-10.896785050150068,-7.808206322873336,0.124116537487995,-1.3719171755081951,0.9687670647703639,15.910547604924506,0.2586905056324021,-4.161163751474273,-6.234010470866093
1.0,-6.5934449634849255,-19.06617671109068,12.528150522940582,1.462758913657445,-0.5511897995681313,-1.8031603841158952,28.503181448356763,0.6135330662624948,-2.473368869467338,-6.355278723706061
0.0,-10.632025550511461,-9.848755927448954,-8.468658171785641,0.9559102630525318,-1.1699078554729447,0.5870709491575354,15.662891516175181,-0.6557666773359246,-2.8812081594557073,-5.446419510399432
0.0,-8.145064424068067,-11.589909323072789,-6.669790666873162,-1.2278737166404443,-0.13862371345095625,3.0329379908762606,15.24359144736979,-0.9358269763903744,-0.9573934498598077,-4.974533401202269
0.0,-15.802888429823424,-9.234981335177892,-10.040898665853204,-0.3188865996601361,-0.19681747466583355,0.973778668410157,14.025829262162627,0.6521580671906442,-0.8836600726833789,-4.346141202964038
0.0,-13.560024448439652,-12.570675601863472,-9.528006983297345,-2.6834004119790986,-1.2843586963651474,3.3021473096480403,20.84851948885304,0.5184126389919479,3.8487598192026793,0.43288655561933564
0.0,-14.319331342776948,-12.241128672786473,-8.624436401100034,-0.48694689743057534,-1.5162483382863863,2.412103180663029,18.204961345506145,-1.0772738824030146,-2.839852384721153,-4.120751635482462
0.0,-16.197633294488355,-8.902339067558453,-11.311146476435773,0.4704812189124006,-0.2721453550199534,0.7232149319854575,15.931179421972466,-1.1133148034377829,-2.7862420441605695,-6.202709614899978
1.0,-6.939056570623189,-21.2380421467663,14.753735885272343,-1.5229398146555255,-3.7116340354209463,0.264202333080726,35.3057248847316,0.36569632444785594,1.4885188348837561,-1.796600516939045
1.0,-7.500214096335061,-19.31351625573128,10.694956065839516,0.33829543169661475,-1.4280667253530304,-2.6026952965870938,29.104601464410248,-1.9753433807453127,-0.7230501529881321,-4.143435615263771
1.0,-7.714131920657162,-13.852677792106656,6.187165717531647,0.9668388556500578,-1.5274201050596266,-1.6504124515063734,23.130266591834747,-1.2860149729851167,-1.5536672084831993,-2.650743712151423
0.0,-10.35947369981374,-10.48926472099229,-8.574033044363324,0.18116220332387634,-3.2998252197228037,0.31778993257892096,20.462757986708926,0.7988206517514731,-0.4435832368915008,-3.2856593646815435
0.0,-14.016995431452413,-9.29457590697489,-10.983157826633194,1.892796376378454,-3.1613413624910356,-3.63116832026026,19.250706934668507,0.8542773367720283,-3.485309335196974,-6.249180413992758
0.0,-12.239038580938793,-13.563496941508934,-9.316490595015829,-0.203265414785054,-1.819994376855834,0.9181272056203202,23.00477621356772,0.18024668701054292,-0.10169262386551714,-1.4021978181827097
1.0,-6.264654187970541,-22.309232161541598,12.391657426262853,-0.21919774447982732,-0.6637076998703606,0.964905016426943,33.48570492911738,1.3111535815471602,-0.9198264308356547,-4.195982497084525
0.0,-12.268386153436019,-8.50084344764629,-8.115932392562884,-1.1025093468433185,-1.0430016248574296,2.62642102064436,13.097719651575222,-1.97462953223054,0.18523336691555903,-3.7056343425184335
0.0,-10.602065498175612,-10.571891464675808,-6.355890942663693,0.2095793825360101,1.0550602897785188,0.41645526122021137,11.487767207542781,-0.010844655292016225,-0.9294603714857416,-3.0776336783045277
1.0,-6.6981182001828605,-17.0029365538741,11.06499966273294,-0.4691069912938364,-1.320221573412542,-0.26012604655162264,27.751560361987124,-1.3113195242266449,-0.8480957377555953,-1.300447458413319
0.0,-11.698988689023999,-10.241704834024077,-9.32720466173979,-0.5990538644007166,-2.2700895845499485,2.3800951612998436,18.387091446007272,0.5795161633231022,-1.3843282311270306,-5.122953474629453
0.0,-15.559423320437606,-15.97584684812147,-11.835718256015417,0.8497323705275059,-1.1549028791035711,-2.9223998882638673,27.63355590919564,0.44537243000024596,0.6390610250730915,-1.304260774095461
1.0,-5.938852086408963,-18.74233221472377,11.877091845391533,0.515391438916388,-2.5860789169806866,0.32012126386621964,31.956970895882154,-0.8398364265546596,-2.2057614155454766,-4.229560705555331
0.0,-8.986571092253937,-11.584585930793066,-6.909682694520352,0.4139039837487342,-0.9738290310953526,0.18529326406780927,18.424465179338522,-2.3596724528512127,-5.040657924078731,-8.251054285711382
0.0,-16.598479753421415,-7.283256847595332,-9.643749499168617,-0.8585081222869836,-0.8418638553041629,1.3218661743343534,11.059368781483768,0.2991967224534565,1.5188252692061597,-1.4809901243851893
0.0,-11.270161610930167,-11.638398647859459,-8.702009243435455,-0.9849978016472382,-1.8563035314328618,0.9258462786411167,18.808276054890506,-0.4769992239057413,2.284145834089651,-0.1349609508544558
0.0,-9.313089499767552,-6.852239887308106,-4.958377833076533,0.03861615935847246,-0.36301811733839984,3.2424104150355775,10.058250032961025,-0.8052783388752399,-3.6829670269421406,-4.412250390657935
0.0,-7.572371254807418,-11.913260299711101,-6.896005344630376,-1.2209788473820309,-0.8524769936744842,0.7172796157368724,17.907469917753893,0.4359961700145023,1.5848219766119107,-0.09830351263302539
1.0,-7.049625120873467,-18.522218444929134,10.283930131043459,-0.9539364059275952,-0.22709320091431673,0.0883277008465372,27.80332234743485,0.3958102228864858,2.1122284111486582,-0.26738891934914877
0.0,-6.343526119307077,-7.847963424759692,-5.4425275959008275,1.8858178196860895,-2.0500094676704923,-2.203403089450083,14.660297050551657,-0.41925013878247847,-3.6890544350623844,-6.025715620870155
0.0,-14.397624815922349,-9.031514761529108,-9.28102335776389,-0.6539459159496925,-0.5705746475961875,1.3233622262312292,13.008234299102371,-0.1608396368650729,1.2817613103919774,-1.6821571796718635
1.0,-6.137281436208553,-15.60816801915789,6.830825865026145,-1.5028716231265067,-0.9200019049449115,-0.5574888627057386,24.06674535676454,-0.3793545995545345,1.696674284513315,-1.2736908098907234
1.0,-6.610467826616739,-21.333581928216923,11.99820796688991,-0.898131391482911,-1.5638310873662749,1.476734626070906,33.91859642441207,0.7376513797830778,1.4428551413408988,-1.507488164317777
1.0,-6.1707970095051445,-17.057396407540935,9.583419980035428,-0.4228862021222044,-1.2775219833145437,-0.9108977850843221,25.952531315557952,-1.0948478606618766,0.31074767919365265,-2.042962073071019
1.0,-4.783816534150276,-16.394165020794876,10.488374499227142,-0.1115113323105376,-0.26790179602965813,-0.1697498502481301,25.08219703281816,0.14455028622164368,-0.408998113449836,-2.0969309625200694
0.0,-6.238756898533417,-9.012769483633539,-5.234397511417681,-0.8964799827754086,-2.6225007212519773,2.8053338011513276,15.265390573488357,-0.43665112797887395,-0.803766271515506,-5.334322842377339
0.0,-12.159646145834225,-13.795063812550325,-11.374152094623371,1.4103134762184169,-0.8380981524430089,-3.601417676911173,22.428474447832212,-1.903286389039978,-1.7509679224723125,-2.6224281307324597
0.0,-14.602361765885892,-12.764329258174882,-11.188805474792698,1.317902834907857,-1.849179001243367,-3.1960686108317846,21.231703035633295,3.2148636084537854,-0.27102476111763246,-3.3433584814209834
1.0,-6.376690273234405,-15.359455109708605,8.571560283950276,-0.4453318119498988,-1.4040577728345813,0.5797391782728002,22.875944139750942,-0.08053953525482355,-0.9230979770258683,-2.1209564138289894
1.0,-6.68274708261619,-17.346369847701812,9.39166712485974,0.5206049273890265,-1.3356311115820128,1.684232081977482,27.025481999128814,2.1014081134665163,-2.135857224836244,-5.538514584527707
0.0,-13.251032528963442,-10.304058328375861,-8.587736173912095,-0.12645812289680794,-1.3175786582308335,0.8351514131160165,16.202513921342714,0.6127742855699232,-1.7169484230001308,-2.762614767190445
0.0,-10.2870670565425,-8.238067700596183,-5.3216084191138755,-0.37783421278024115,-1.8280949119374097,1.8297470551935684,14.269026491882208,-1.4722156015913241,-3.1015659182695092,-5.142707861002785
0.0,-7.598712162616374,-11.268963684985712,-9.124734500503983,-1.175956345577759,-1.1633390905819452,3.513968148974654,15.2105982364645,-3.29630906649086,-1.5860495777930548,-4.26896549809325
0.0,-12.282920315051665,-14.220474066759024,-9.108240061246862,-0.9463951080363263,-2.114637586750318,3.1334501282818614,23.634972894692815,-0.7147418432281647,-1.3582215252434737,-4.999777463605988
1.0,-7.082993327076801,-17.48458878584577,9.686040104158536,-0.21022569596871576,-0.8187915325480637,-0.7212680303040374,24.92262235397293,1.2299691119413723,0.5136709492360442,-3.768209899610396
0.0,-9.606107857014429,-10.028494970640464,-7.474483777360088,-2.2126076768544123,-2.293671850275087,2.725879671421459,15.51274621590896,-2.059059994782965,2.3810997119879866,-0.8763381133746766
1.0,-7.272320817962499,-13.780086397422572,7.742187532951459,-0.7513889061626682,0.24069485706996607,1.0085871326298843,19.803220837350228,-1.2127428197402899,-0.7601803865945721,-2.7695345629035093
1.0,-5.068177990328099,-16.55275091785369,10.282496851984193,-1.3452400061752605,-2.2699560338473628,0.024937339120017943,27.401481585643268,-0.9858565367057219,2.7326072279735607,-1.2147235461123622
0.0,-8.454809645763206,-10.844321064125783,-5.207137397280313,0.3930414823952024,-1.799063135601189,0.6041146159052373,20.08692021451097,0.3155397556367635,-4.176883332765293,-5.883049730303944
0.0,-6.60346900726772,-12.991497587321808,-7.069256805346377,-2.8745220779799854,-1.6932613101635199,4.269375805819638,17.704239381809277,0.626616509587216,3.1539736874727993,-0.6931241378920465
1.0,-6.593317702754496,-18.574825395575527,11.515412143420088,-0.046253674007164326,-0.26755799070393504,0.051506396827300904,27.245757852032614,-2.620841082554342,-0.6269439543459736,-3.4032928558203612
1.0,-7.591463359821862,-14.600013681370227,7.576209683801583,-0.057746677519832215,-0.8918184869832004,0.591361695134458,21.534064009453278,0.0032198496903377283,-1.3086362942120662,-4.479244805980779
1.0,-4.6568801110181814,-17.24302067416996,9.47667046971992,-1.926017260254855,-1.2810206985524095,-0.10688499500765841,25.849610844167668,-1.5144128301600959,1.6025585032173704,-1.3922549876922152
1.0,-8.043267358779,-19.742422897754277,11.386923785918848,-0.15796658660514373,-2.3571106794072167,-1.1183448748522378,32.6988575592948,0.31405035537066844,0.15077899775968934,-3.015130641960073
0.0,-15.981807954181775,-12.508818769172606,-10.91084709168462,-0.36788129139895365,-1.7264726210949277,0.4144921087359023,20.79231329079565,-2.0792482142291173,-0.8396456402006427,-4.510074801873374
0.0,-12.515489161817221,-10.615912843555773,-8.041670348061817,0.5132967485722475,-0.6488244220809364,2.2287021833067553,16.956775648444037,0.07648300072741493,-3.2896717474581494,-5.640143330248724
0.0,-10.099065242714534,-10.77037365256032,-6.746674020962297,0.5681499534715285,-1.7522287657973266,0.26980829767899234,19.63473409633781,-0.7204724831866888,-1.3025692080749451,-4.7825783693027795
0.0,-8.054942431388596,-15.118262997401468,-8.876802885351179,-0.16939028521416225,-3.7200017776774175,0.045657468806086565,29.168514758924555,-0.5944609711739866,0.6821567218463798,-4.671945891644941
1.0,-6.117544221617712,-19.24067581687095,11.876437409766734,-0.02721418260184196,-0.8193975339490382,-0.721620539716012,30.17906518556958,0.29662115598296285,-0.4464538730967995,-2.4381522923912637
1.0,-5.542029641091049,-20.809572926824767,12.447652943225693,-1.0386784942800897,-1.056167233651215,1.5606266911138942,33.28276476605885,-0.4946157341627465,0.4263866592673837,-0.7955754710813652
0.0,-9.713984823922933,-9.916321233543973,-9.66559299523808,-0.23066225392262796,-2.8991732706752904,0.3543720452838037,17.361988847524714,-0.5582672970560506,-1.4250724064118774,-3.117114142180249
1.0,-6.74900134504678,-23.66595385726937,14.731979530301116,0.5424997367860428,-1.6077391097090832,-0.6442520019186992,39.29086232467856,1.7030737277474164,-1.1722527521350428,-3.4627288847419497
1.0,-6.017978404720031,-17.3652781949854,8.830514149162264,-0.5435799610300336,-0.21544094085807386,0.8833606099551994,25.88884304559647,-2.4078243873831915,-0.34785692888066244,-3.3772343496800667
0.0,-13.510957919293482,-11.398211379703788,-11.747475218123817,0.6039308677230055,-0.7807852929328787,-0.9864640011420343,20.330222664348582,0.10315439136265625,-2.1296831789024537,-3.8564596830504767
1.0,-6.271197877279127,-15.417761087839635,6.497238732241458,1.5717421160806428,-0.8051362799089826,-2.7070798468921375,24.48584358219358,1.7301245641586287,-3.496628652109293,-7.299106690993049
0.0,-9.29819801978205,-12.774589799878703,-7.740455484549898,-1.9293218461619894,-0.7142062888717466,2.2303204681244457,20.505209531264786,-1.6269763368177086,1.5946580327053284,-0.7146525615742817
0.0,-11.691757595854689,-11.362471128159035,-8.483359220755666,1.5005755855186653,-3.1257548659461976,-1.6751887442053794,21.1574019210235,-0.20152371258523852,-4.157740105203509,-5.088489692314487
1.0,-6.663691154640136,-21.39787975152783,13.5718888365144,0.7529393192347382,0.9845425800846626,-2.5417374803223125,31.996722252690596,-2.359149349674216,-1.4598069149477326,-4.220847029409939
1.0,-6.467700151001882,-17.10648848114688,10.60276780291507,-0.7354168093045654,-0.8574100682516808,0.5499209833248727,27.332583393241517,-0.9667834594296227,-1.349470801861837,-3.1432253145757327
0.0,-4.187562443731493,-9.621125846130617,-5.178763671413303,0.708345086051208,-2.6207680176591395,0.16961228866748868,18.294117986447777,0.33657086373935935,-2.1162299665971904,-4.599697751244677
0.0,-11.926342701132166,-7.9656700922253005,-9.994384182249872,-0.5146400126114399,-1.421087249783779,0.5181226365693488,12.039274574676611,-1.9128834994907027,-0.027674386103818005,-2.805360840964077
0.0,-6.6551789125314205,-14.210384764543033,-8.985997214381964,0.5765789837745143,-3.2378022996787656,-0.7623329021812317,24.85167443478119,-0.2935921231496813,-0.7160818952823548,-3.5590441244630986
0.0,-17.465594238051594,-7.137840680312623,-10.19065552772146,0.6877858856073014,-2.9041959331976743,-0.8764409058631989,13.753818751111842,-1.0745385076530392,-1.6321373715274359,-4.212424453282807
1.0,-6.3139068058726915,-20.470143505258356,13.319315257548707,0.004142126263613946,-2.170237937016517,-1.138825654994018,33.75317255656438,-0.23356047605386374,-1.7435283847898686,-2.3670777594371133
1.0,-6.460111387256468,-19.58533632498856,11.685322875320487,-0.8552272096583127,-0.8691647416463759,-1.4269065103491236,28.78141254844614,0.3550054310748251,1.0154488026649404,-0.23622006431375442
0.0,-15.861776753366696,-11.265242760330159,-10.355000617408088,-1.0528593767083152,0.18752749288331416,1.5982813576397759,14.068691033224875,-0.46898588268828034,-1.6156003537481536,-3.7338865476223253
1.0,-5.660928130937385,-15.386162289884437,7.994893163221671,0.235841944724652,-0.8650802048214576,-0.07638809596325208,23.69486376968785,-0.2557842549581276,-0.8171554767361453,-2.982288930383296
0.0,-13.770858132850663,-12.031818133600321,-9.013896321840345,0.0308318406282585,-0.6728587049275098,1.5861246521025896,17.908987329772597,0.4965795002537297,-2.1373157978189505,-4.9419342081876065
0.0,-11.351744661300105,-9.589767075688606,-8.80565206452792,2.071658270691932,-2.359338127293479,-2.379072646279229,17.197316463808423,-0.9797629649206953,-5.307746967758327,-8.557645185866345
0.0,-11.791228052992503,-13.10321630610138,-9.117001531340941,0.2441079605409629,0.23483404412860764,-1.9895503715261595,20.192206678982334,1.1110558578220773,-1.0884915471296943,-3.7523898067578045
1.0,-6.027271432336238,-16.067377628095997,8.13328340666013,1.0402702561451755,-0.48893773002678675,-0.15438842083898074,25.571250717887064,0.09738041820180571,-2.742869938577872,-5.397964404028031
0.0,-14.371591454527772,-9.094973870101096,-8.422263399090824,-1.281110248103007,-1.8595388702239195,3.8320828542968703,12.774298011306021,-0.592229348010327,0.4768652277774357,-2.719342715856268
0.0,-9.499188871742954,-10.251257345369552,-8.081802421141413,1.8948032218214435,-1.0494895742949872,-3.8676501025056798,19.15507157541163,1.2436541101667515,-2.4542041772362664,-5.411409714206618
0.0,-8.358126702996461,-11.980419041051174,-7.224431550376192,-1.2842362314711622,0.46151367270109445,2.550429246556972,17.361279490254475,-1.5510435340931847,-0.3663024465991213,-3.269607887637829
0.0,-5.462175061101725,-11.605601459878402,-7.576973894295314,-1.9966388007043627,-1.6953947410423476,2.148888997995073,18.18960852945825,-1.4191919025928903,1.8810981957819723,-1.5860068773520808
0.0,-14.848200042987424,-10.629417844054512,-10.492633720907566,0.6845410239664727,-3.6053427129519378,-1.1405977968805958,21.29633689851764,-0.21862051966118135,-1.1837822152351318,-1.7316646164847567
0.0,-10.46061977809246,-11.126695594396107,-7.83854657208697,2.0207888498754953,-0.09979190608357658,-0.842123315934308,14.472581153005518,0.575913117324708,-4.194046890858736,-5.674394626118469
0.0,-7.938149018706917,-9.029186331178263,-6.506582762393305,-0.005038446482339143,0.039693704523413365,-0.30548360163613575,12.69264128876116,-2.5874959546501497,-1.6930377994720045,-4.146034966668499
1.0,-5.715062826842506,-16.856054696574358,10.879536406157255,-0.6356694963485312,-0.39483494984678136,1.1083768564131662,23.23363249045233,-1.0336738626158175,-1.384115089228528,-3.927572361351196
0.0,-9.316854034694535,-10.730332653158563,-6.855830754597436,-0.46510611392628154,-2.029314982007199,0.9601795756023547,18.40984604206464,-0.3334396178716894,-0.2745559215913988,-2.566246405884667
0.0,-8.43355938626625,-8.616957775238685,-7.188771561647878,-0.987136675418152,-0.941109734786468,1.9249113067439447,13.20849050315633,0.17593292841286756,0.3089414163676134,-2.6116803694271415
1.0,-6.752733108881767,-20.120805363417173,12.513146065831208,-2.1596573625609934,-0.09879589870912997,0.7464082821415914,31.66711802079664,-0.5816530878752442,3.2665515942367276,-0.29921539281982884
0.0,-12.980347906479338,-7.270893759839533,-7.005945662672841,0.5088501391801994,-2.3962341065545365,1.1685559760730428,12.780799021084958,-0.518050239703501,-2.821284860669295,-5.370798361864031
1.0,-5.753864030339266,-17.37527576116193,10.123513211929957,1.8404337812172737,0.1960592537869572,-0.3029610950017302,26.618812711782276,-1.8568230484397208,-6.624770321234886,-7.462050620244395
1.0,-5.724062038558068,-14.884285721073496,9.521003759080916,-0.40948117682491364,-1.4278365909043798,-0.8169917237473641,21.97714006815039,0.2985783801036588,2.2500682865809347,-0.84973813654929
1.0,-5.5470371120952535,-15.546824605504831,9.706615219421085,1.7697400678625956,-0.5389443726553417,-0.4116240570280768,23.089360125452316,-0.14616473040920114,-4.183970522791834,-6.721988779895142
1.0,-6.040297777344176,-14.805350105638475,7.963988511073002,-0.7544357456450027,-1.278598084717993,-0.03257578857551216,23.145198637941203,-0.3720023139556721,-0.7782857380141757,-5.253191903959076
0.0,-13.685076966922022,-14.378257729119657,-9.691043861236123,-1.1215625348984974,-2.1599611658805435,3.9820732273094555,21.65246362388989,-0.5157603877975264,-3.36003130190745,-5.190624328077634
1.0,-4.806544366385798,-13.089102439480625,7.197265562145262,-0.4876833376755693,-3.2395518046924585,-0.43430250667864134,23.629404812577818,-0.6327053812384448,0.851579379504706,-0.7295107305040625
0.0,-11.61097122813281,-12.788432258249678,-9.281025649031395,-0.5897464501399767,-1.2264333130982714,1.5063073347796343,18.451690854566703,-0.18544164031623317,-0.7162474602020634,-4.288487156820784
0.0,-16.597078275355486,-15.373943519217669,-12.948768505112024,-2.371627516532871,-2.582250789972653,3.4886634528443325,23.348079305163168,-0.562861961665925,2.560376713441008,1.0248940931919979
0.0,-12.10013137157612,-12.607063636876303,-9.895183723929538,0.8060706674335323,-1.1249470666284944,-1.7023013802506841,19.952897968860633,-1.684742707217354,-0.384795698251426,-1.0585613886560858
1.0,-5.6906750330274,-15.489394026456043,9.892908138037786,-0.1356820882084862,0.18610937006776163,0.6021187284392204,21.832732520508124,-0.5147237714478102,-1.0956462041819355,-2.9546279518565246
0.0,-4.815535177107146,-8.57366346792898,-5.037403612284331,1.1693250917293612,-2.687742456619575,-2.559557192609576,17.78317054882045,-0.6931015755185436,-2.231362938730665,-3.9149423873490306
1.0,-6.715210891068506,-15.004876357886701,6.279886927902414,-0.2878885663428026,-1.8697734322575714,-1.6816146413133908,24.72375108394521,-1.6133287782597545,1.7263649387978468,-1.5947760700985398
1.0,-5.224706082931256,-13.497443497695226,9.805704214901494,0.3158667296106311,-1.9575558128974224,-0.7563709248902935,24.059698820475226,-1.0187746120405523,-1.6874938347928132,-3.2351236810733104
0.0,-12.430482169009343,-11.777209118280929,-9.390333278312196,-0.848539468793287,-2.075347010001958,1.1341070626611978,21.286817973353976,-0.22404895289957832,0.87343980833891,-1.2160444678882454
0.0,-16.070730376741473,-8.968662487112649,-9.24662977769599,-2.2246399429869608,-1.4787214320571063,4.244767019505931,14.53524061636089,-1.324652375584758,0.2194532287564408,-4.834810672699673
1.0,-5.266190545593716,-14.161871758298936,7.253507320389973,-0.8812297670716518,-0.20907292471077954,-0.03905041376300049,20.14446913030537,-2.065515955938952,0.5907174137171076,-2.3422500789962912
0.0,-11.988920947321695,-15.120028483243445,-10.345176065481573,-0.7046864527824739,-0.6528719824622515,1.6350366189712309,24.451535152905393,-0.9953806287571949,1.2258009674894226,-2.0464921619439993
0.0,-14.506527564665298,-8.724713635358956,-7.631854324079863,-0.6118766903707686,-0.04080829576235434,0.4071275062153411,12.90484560441657,-1.3122180577170535,-1.0107863026196546,-3.578755591389535
1.0,-6.655838880869632,-18.318752967192452,11.036705848027394,-1.4841345326225885,-0.41035759090713875,0.6655734838501095,27.658928358226525,-0.09877766297511537,1.3591287261573168,-3.5499356017369035
0.0,-7.345784215121505,-13.186155024977944,-9.172489355040895,-0.7081787886274706,-2.0521420980220304,1.6602089216938283,20.811932068712185,-0.7562509840341497,-1.3802697877440835,-6.199495989876251
0.0,-13.218182731068703,-13.075479380465891,-10.133170813599252,-2.1632451978323486,0.17933309875947945,1.8729144098219563,18.411551412975903,-0.06467243520343291,2.6406003441975803,-1.0564558709261924
0.0,-15.91133775521077,-12.285682621390949,-10.625516632880725,1.8900988122067917,-0.9587811250440812,-2.3806793969800797,21.416218487572387,-1.486176070256032,-3.494045292101206,-4.6503024425781625
0.0,-6.246344008951039,-10.996800788271345,-6.020110257786285,-0.9642855185408933,-1.115632684603616,1.9195171076839688,16.871907135835745,0.4128071149936292,0.14403277550796262,-2.22315710792057
0.0,-13.544568824287296,-15.397926158246225,-10.24434017127368,1.6667298490357714,0.2338661698203539,-3.7747791861915454,23.392544057975467,-1.032330822564503,-2.8141102958474646,-3.9864337431294565
0.0,-11.134634121577497,-12.329829583712515,-9.753018676611099,0.20395734561294748,-0.766353821551075,-1.0619763889272626,20.586288035247136,-1.6369043759714885,-1.4329075980907557,-4.383974805891701
0.0,-17.860211580498692,-10.37878463870095,-11.322608230371763,0.12327550553074418,-0.32739437784379133,0.3724363676484651,13.973331058333919,0.46331792915618336,-1.2264994490957986,-3.4794201790954045
0.0,-9.215472647151037,-10.040379942433006,-9.28754224508124,0.005774736147837467,-0.8869214894597813,-0.4783001901762741,14.49886976530631,-0.7785911914495275,-0.7366873532871958,-1.6889988675838237
1.0,-6.282081376144391,-18.5300054975798,11.02548942385438,0.3866846022717949,-1.4554583130372027,-1.3296456099800578,29.205354715972867,-0.2921558452905101,-0.5382456776684263,-1.2060942431945572
0.0,-8.713824281632533,-9.999519542380892,-7.511077307406831,0.2125492254370927,-1.550172212303234,-1.143794252354261,15.931644515488724,-0.742686722898898,-0.3830409085711604,-5.408125834901484
0.0,-11.1510826974481,-10.801990024090484,-7.458880100839004,0.3472140315939418,-1.2571579605141612,1.2868819513826988,18.115804859326122,0.2856261216124505,-4.810790062118863,-7.598436154971141
0.0,-13.574199044061091,-8.028540732898133,-9.063581578515116,-2.7128667666976187,-0.23764251855397367,4.401460219766427,10.15743703082059,0.370401907073442,2.7899036611231924,0.5992269655198627
0.0,-12.286110999493,-14.13109422379793,-8.103311261289068,1.2930535053830747,-0.30999440919181465,-0.331998936625578,22.267032021524862,-0.40548225059817367,-3.777463004905243,-7.233905916486725
1.0,-5.342991549794982,-16.47976565419609,9.82229576391424,0.1651557423815066,-2.679807812222342,-0.3280148246197148,27.154780665214126,-0.3884517036430512,-0.5823052116725522,-1.708699240596372
0.0,-8.554987058663277,-12.045071388896996,-7.247948303378505,-1.2369547194449062,0.09185771050681013,0.7060783604744056,16.89816900759198,-2.285666960669457,1.1012318656590079,-1.2211071406994072
1.0,-6.879844033656275,-18.83676174977923,10.172821976519225,0.3014818924570829,-1.6692279343492453,-0.8664279013310006,30.961827050398984,-1.1632840051389128,-1.3409648990291492,-3.4732859978599397
0.0,-11.065038656992431,-10.221029849194574,-7.681484661795734,-0.8780135184718015,-1.3641055029043079,0.9682839447081896,16.270929992168693,-3.0747844068059598,0.7477125982311758,-0.028633940555075732
1.0,-6.901432338863424,-18.225317397134546,10.173560283555197,1.1870506191308012,0.48982745253456295,-1.1196255356843108,27.292099638719797,-1.0433409954931663,-1.0927348456622326,-4.300432929811429
0.0,-11.060043033157044,-9.78856158607393,-7.272167079046758,-1.941159107170063,1.4743734619114195,3.2569753941016506,10.261575406683576,-1.6432870097216714,1.1238811272826925,-3.2969299452301266
0.0,-8.210028313544033,-11.836595976483617,-8.038259272647386,-0.8959317205648427,-1.806066860098071,1.0562615266357227,17.578585639479996,1.1947621199338965,1.5392710392672992,-0.9099622015043158
1.0,-4.896470159819559,-17.81145826923658,10.489166343592577,-0.5745322542957335,-1.4272744662684638,1.114680332202551,28.441644196358915,-2.2786289155481962,-3.5824022349366667,-7.054844417584317
1.0,-5.360149903329712,-17.16728715949696,8.882864446545746,-0.13718510243018883,-1.2590872157527067,2.688028492111111,26.73007086174401,0.7461397646422266,-0.6211964958970138,-2.999780247749381
0.0,-0.5067484182153361,-10.5559379344437,-4.663767985052564,-0.053814063544632335,-0.1785988233902116,0.08974493422525442,15.929327333845198,-1.3163987021750705,-4.480114887507339,-5.299073590379006
1.0,-7.389859770619939,-15.062494561463458,7.941578062213232,0.7423407718440933,0.43297425097873066,-1.4490324940044312,22.18811903409462,-0.39594120795872845,-0.36760663147543915,-2.1953631470701613
0.0,-9.380061951365468,-9.576184517460426,-8.601302532544029,-0.5703038453628602,-0.08143237066254594,1.755653840778327,14.425571627642379,-0.5565893231587047,0.42251159863444165,-3.3517958662199137
0.0,-16.1337830535281,-11.034927643890544,-11.510659207964208,-1.9196967382549384,-1.6059271197050178,2.887006483087824,18.25049773488466,-0.4979850401871322,1.6349798297340388,-1.3805520379065885
1.0,-5.323555005523169,-15.48055528823508,10.71775791047342,-0.1342773533201577,-0.20062286529411866,0.08909424411379901,22.54907913563863,-1.669290701370298,-1.1369248289063634,-2.3650207102808647
0.0,-15.59118322575896,-9.659720127197147,-10.662676170061948,1.2557366083241956,-2.1517513143772016,-3.180983049987552,17.3419989409991,0.9584300471899215,-0.9531076760275217,-3.294106932445442
0.0,-14.439820786551728,-8.478638062603519,-8.947765459549485,0.39202479978405846,-1.4257293804646012,0.02945365366135158,15.187091900932359,0.6984012283843366,-1.3171881086496404,-1.2001843962459025
1.0,-6.525036584878558,-13.817638153683607,7.306137658047329,0.33201602378021544,-0.6598736334454234,0.1382844047674393,19.280039368784163,-0.6082414180501743,-1.0920928023168517,-2.315813968755744
0.0,-14.562312273561277,-8.65481689299952,-9.22354497004551,-0.17465300152583046,-0.49109119211833296,2.082089628738675,10.508437180763908,-1.3180105682718362,-1.3289837244551432,-2.8349235481781196
0.0,-15.565007480693222,-9.161792546138921,-9.016617839259256,-1.1140968586297022,-0.6023680470253938,2.7818777335541,13.316520370823598,2.0983163843636503,-2.094060084310312,-5.241974353388823
0.0,-13.116702618348583,-10.061687765596437,-7.873700110265059,1.012389298522898,-1.307955160268919,0.3347607973315021,17.387856622272515,0.19436214695292642,-1.1778460783305587,-2.8847087393085666
0.0,-7.461489792137407,-11.564198164664612,-7.044982253187922,-2.4318912562842803,0.5132800528065826,4.006979331863423,13.825181137816905,-1.7095882250626442,0.9267139366655597,-4.252904024527508
1.0,-5.949903698216512,-16.72873444009013,9.825762670508578,-0.22156277406041242,-2.1091132730549025,-1.9077451978689712,28.126603516871167,-0.7876279896929779,0.09059738529250394,-2.3927759619219806
0.0,-13.625226831451911,-12.818068481607918,-10.852601350611026,0.09398600320059852,0.300061314647758,-1.3476625775641053,17.49694231623449,0.23994183543176584,-0.5757111830351649,-0.914902492556513
0.0,-16.168421072271666,-11.630011934637519,-10.054773399161132,-1.126379150285536,-0.9994841341287591,2.9057237148246218,19.938739399388087,-1.0489966268151651,0.3651819409804048,-1.0633974749466792
1.0,-5.8942126194546125,-15.322408186153549,9.439551616486302,1.7065310702342884,-1.041205191142731,0.2623884558515206,24.60143082232227,-1.5264507600710766,-5.784851223401313,-7.333030305001067
1.0,-6.042878400353149,-15.403352401388432,8.36724317171311,0.8544483179056397,-2.3769800496355247,-1.5748458025803076,25.911083001123654,-0.04404630679849236,-2.101331427949525,-4.228075681524748
1.0,-5.76772982150708,-21.149751199257327,14.693730669181676,1.3905307135256413,-2.6838645040940907,-1.1040650771681129,34.27207568754626,0.4733635125173077,-2.2799065546815878,-5.019953276337031
0.0,-10.242362039041499,-12.967604006745955,-8.589656647202801,-1.2285346006052724,-1.6954697610187184,1.5301393724539238,20.489893666019594,-0.35916357724448994,0.34048374747431925,-3.057597296146586
1.0,-6.477635676265905,-19.42101481967424,12.531413111811366,-0.48245969517174525,-0.6080420008647746,-1.118999328466403,28.96119173687274,-1.4392149381911414,0.9613742751601755,-1.912840733205341
0.0,-9.668981866685435,-9.722692121655646,-8.37773284279413,-1.0226454382751555,-2.641291853605818,2.3798695515903816,18.009785370219095,-1.7575094382702223,-0.6597595374786842,-4.221081989042036
0.0,-18.622848856873077,-10.710980412921508,-10.269803973212298,-1.3805723749059235,-1.09166928002464,2.6382807648362063,17.32576256738266,-1.739125160623742,0.8359924703194548,-2.030192417149576
0.0,-9.154371603015358,-12.194057025406682,-7.495717900749729,-0.8723127107747919,-1.8738389146054768,1.5854948301085623,20.946478575383708,-0.8022046024671212,1.3283459238144506,-2.5327869574802913
1.0,-5.4630808341481965,-13.687890822569042,10.17016519011871,1.6246939527852897,-2.4343243255885803,-2.5222549849219753,23.51949121158065,-1.0827308512606324,-4.115433202995133,-4.199649276007726
0.0,-8.733216217822578,-13.316747143534382,-8.353919776176301,1.142669772083012,-1.4437079879897738,-1.0973461961149302,21.491069205595313,-3.135557561012706,-3.8703705635511603,-5.88986545845751
0.0,-9.321420161699043,-13.680310152208342,-7.6425102725277165,1.6546364629299963,-1.9681659251749375,-0.7227288258166222,23.50448976018793,-0.5613430793314056,-5.00904821002219,-7.871080285796395
0.0,-6.733934953584967,-11.425151062846066,-6.985888053607249,0.67202690536015,-2.0605199666260665,-1.6613786166976003,19.831325516661575,-0.7379687598063622,-0.04415344092214646,-1.7508653034803663
1.0,-5.809706618154662,-14.22284886687584,5.259002547648101,-0.027685884213418277,-1.1693745407646352,0.11898191827973525,21.31078244346985,0.08243888317133918,-0.1885457547782612,-2.728796856777422
0.0,-8.365816113999216,-10.997412095634118,-7.1901940740900745,0.42153517507278454,1.2023409397747626,0.1784294573181106,15.154589080605321,-2.5798205119820476,-2.903059097337868,-4.437046142050097
1.0,-6.509014338640348,-18.18388330685165,10.447244787792556,-0.31320638183684946,-3.39802999146355,-0.6129281523537644,30.66749969196824,2.3802221733729456,0.9439616679906544,-1.815482133120227
1.0,-6.749423220231977,-19.25088099570383,11.05630330354166,-0.3395317715255404,-2.148981232079125,-2.046791065397519,33.37774642833203,-0.20166655238606862,2.7356738846122255,-1.260382491636332
0.0,-12.812741987111028,-13.540474516313173,-11.425110608965625,-0.13803739275387278,-1.0879089095985999,0.272236646085164,21.250531039475465,2.1153533429847475,0.6784403415574495,-2.2104722214959214
1.0,-6.741218708770982,-19.805651034635396,12.05831727733895,1.2448079308847317,0.004511020883186889,-1.565363875759342,30.646167680919834,1.4271279083019772,-1.4209845628006006,-3.643310747797631
0.0,-11.026594480423539,-10.064477833453992,-8.81721917942774,-0.7060789639065992,-0.8515306198800046,4.188322153302311,13.791403056479599,-0.3095294237500835,-1.6870554715828374,-4.3004476837140455
0.0,-15.482683535621167,-10.110296974369165,-11.105788715361012,0.5356980068448646,-1.1114666867975993,-0.49533143682917613,14.72089902885557,-0.8070435953406077,-1.4030081366977614,-2.626525540128509
0.0,-13.78501155401686,-8.335860056699733,-8.255133740566018,1.5899417455592215,-0.234407478420813,-3.1317027804757043,15.077985553315912,-1.7209051769664985,-2.3029595851413824,-5.358081715916176
0.0,-7.979222243738217,-9.456547145686098,-7.3401719402393795,1.8394435405900702,-1.170112817596721,-2.405573865391886,16.92310682659983,-0.36071778390279285,-5.037772242544682,-5.689503897944047
0.0,-12.431211903615619,-10.468109766975783,-9.824620139817572,0.44688029716705113,-2.762799094801472,0.37367740269244604,19.022797614078712,0.24727502532129686,-0.9736934094987202,-4.295583372347843
0.0,-9.938957004260923,-15.18979487602321,-8.536087669719262,0.07451204243511694,-0.03739892426232916,0.14891312553431865,23.381922213186424,0.07848200037294945,-0.3886848332988625,-2.875921831507043
0.0,-8.571565477679515,-13.056584359189412,-7.804231387305799,1.2065184580112194,-1.1233784727038192,-0.7176039529569818,19.45829612378261,-0.22980530951664016,-3.606373597596407,-4.849234544630645
0.0,-7.524150029147731,-10.494324643618917,-8.379056850434239,0.5025389019251494,-1.0259042473027926,0.005239034665356246,15.71857054017424,-0.07051597973423068,0.20486958678796552,-3.7130509239768963
0.0,-9.141856684170731,-13.400126434694375,-9.668757703258713,-1.182027427933867,-0.8961068743673435,1.3362369487109111,19.482148361233158,-2.340893118682922,-0.24806233653067988,-1.994724673281074
1.0,-6.616486412973758,-19.04524138093627,12.75391487011788,2.058835300073764,-0.9548233087081446,0.04960586178853643,27.328481516791356,0.21697852870893652,-6.950728573200065,-7.7413254043162745
1.0,-7.12427165411542,-15.98855963894429,8.347733091151929,0.41820661698434936,-2.4208693705366695,-1.6448229678397912,27.064849536474227,0.5367552689942724,-0.963662357318089,-4.142978487884806
1.0,-5.6375691690617815,-16.779835187840998,9.23003425041735,-2.9971153145909253,-0.5863061038083666,0.7997954038463473,24.857092179939965,-1.704173132625601,3.860486644663264,1.3388732363297047
1.0,-5.545578126362836,-18.82554672833338,11.685702381837611,-1.1167985811661043,0.7675644026562307,-0.15289941668600074,25.538651035653352,1.1204421696378373,3.2684307753826753,-0.557388389140649
1.0,-7.1375104094355,-16.600678561013066,10.076338127867022,1.3296956160269,-0.5744474409433563,-1.4623119511222091,26.80644279331453,1.030025691270109,-3.468940889637447,-4.653168895654822
0.0,-16.529550045865186,-9.47856351474598,-10.584710390338419,-0.5014579999780553,-1.1915150755876331,-0.0038022428075783488,15.106799875609092,-0.7849829424771649,2.2147148685201055,-1.1135726191954858
1.0,-6.412068417326222,-14.130264985128413,7.864414168811275,-0.8217653481654966,-0.8841655186628863,-2.0795945409086745,21.486381717190866,-0.42957440753135234,2.8704551402819822,0.5085139399933152
0.0,-12.777337386957495,-13.55580645199706,-8.690653625451603,0.21227329456297167,-1.2816498731418735,-0.10309387716973284,21.94984191578663,1.596265559452047,-0.48414506729843965,-1.597877261237285
0.0,-9.28970639859993,-12.0948978664447,-6.15090801297955,-0.8584818219311116,-0.2217139595258637,2.3583153443519334,16.081103742578534,-0.22049910246615362,0.35254445335070983,-2.7590575106755697
0.0,-8.818443921694787,-10.521436508992476,-7.533305204110623,-0.14511246075830853,-1.0835142913803788,2.0827744339455596,14.512106873242443,-2.0767929207652736,-2.5570496934475058,-4.304279340149895
1.0,-6.2787390067112625,-15.769204953311702,10.170558079493846,1.9422166277044328,-2.187443275943723,-2.7179729105175117,27.49942203760412,-0.453991746702185,-3.955592255734356,-5.954822328294721
0.0,-9.385076210381452,-9.185980203771123,-6.889688485597589,-2.091548819382161,-1.4870141559036567,3.9433254317665725,14.258713236448862,-1.6051747170104225,-0.2477180495021568,-2.7784242844517366
1.0,-7.224219305287595,-12.873938082035108,6.618352295469169,-0.35741314186702067,-2.2493484131510497,-0.7257976553748785,21.569764550309543,-1.7339252424174794,-0.4147638468882878,-2.739690207948183
1.0,-6.110344235143155,-18.357460280932425,8.500584831493343,0.7157143346183119,-0.8917930106308491,-1.3172707014784828,28.514201532313958,2.668949843782655,1.283075397025773,-1.434007244280371
0.0,-10.024966378326454,-10.571958563809408,-9.208885778258853,-1.9920238410533677,-0.5379219840983644,4.2090894366634,14.014319730109445,0.21583407684314737,1.800253476936159,-0.8299052057843536
1.0,-5.946809237557623,-15.978022372934186,10.491319281847032,-1.1037711839049151,-1.5459383602255596,-1.0265834591665446,25.32089582937859,-1.094277052269967,0.4576577789228622,-2.4691523066382017
1.0,-5.156722519293014,-16.020203306964998,8.942804221205982,0.172238125847861,-1.583034991721067,0.7409543473117168,25.583179020170718,0.36131488237825216,-1.4335846958096958,-1.8074784858746042
0.0,-11.852282032263147,-8.892758177054755,-8.955344723094582,-0.7169628684137774,0.3860127677223337,2.3725472928589073,10.278734684267668,-0.2173507562707136,-0.20007648276073287,-3.468675829727646
1.0,-7.1392948370698335,-15.82323765091333,8.992366654694045,-1.006582314241035,-3.137658977808248,0.7937996831204779,25.70574954772686,-0.12207267447131126,0.23094866509079215,-3.959274948017467
1.0,-6.877496935174133,-15.156540306141764,8.306379770024078,0.60456256348027,0.3247156399604929,0.37772945217893394,21.596997668054335,0.6668143846679595,-1.4569491885307704,-4.252706220141919
1.0,-6.098292344508659,-11.968766755069161,7.845982057800157,0.3315429024393686,-0.2839789502759297,0.892010795599044,17.706445523102516,2.480846814314984,0.6578784402012579,0.2866072527734178
1.0,-6.848562655567683,-17.5644526271286,10.17993598249421,-0.12666627784494744,-0.046878460672173716,1.4768357344442768,25.86559842029054,0.028553493144490183,-1.7341720865236603,-2.9418591385641566
0.0,-7.273919359169772,-12.07408449072105,-7.463943265002141,0.59256360927243,-1.1776476425289422,1.4749100013286514,18.865407428738987,-1.1226568049301004,-2.155648436173915,-4.437844505497129
0.0,-8.806972693042294,-9.19164370593067,-6.38195139136108,-2.6403723528842233,-1.7353205687763142,2.492218363028936,15.440491786740887,-0.825600606483874,3.59464514055377,-0.07922458262324639
1.0,-8.141074111377888,-17.824497285203314,9.043825819541835,-2.646898860341613,-1.9542837198217329,-0.7158317537847201,29.176481378002123,-1.1359927743614868,5.526038343879996,1.7631588532938827
0.0,-11.782976715647454,-13.13090792031329,-10.348458008848151,0.02970043297269853,-1.4383409637452065,-0.35898795102043757,22.290735121140766,-2.142679205172653,-0.9656822608431581,-4.6531237344466
0.0,-6.023333589586786,-14.119393566739758,-5.2090766958257015,0.10423252704663302,-0.2013693947947628,2.1650083934897286,22.37304012029109,0.9679279939543294,-3.3991760872307855,-6.541595660291877
1.0,-6.671816110564441,-17.925025080765455,11.801289513323137,0.658555701861942,0.7147084614673873,-1.0733408848272135,25.948773193953077,-1.4978032942237451,-3.6154340521265653,-6.079480751761197
1.0,-6.101809288396567,-14.694816343326544,8.401993855806234,-0.7697583844352731,-1.2343143257807407,-0.32811357927603446,23.15306614151224,-1.2035246737020557,0.8296317567461297,-1.9614822879800327
1.0,-7.439146089673356,-17.774473615157323,9.940801461070468,1.374442318281418,-1.6076105438685757,-2.131106291371389,29.513015268603834,-0.7801114936761373,-4.8197414120873585,-7.624783712519701
0.0,-11.024230970693761,-9.594552074549334,-7.668629943099056,0.2625677936178866,-1.881965170850973,0.2069230079830467,13.45193136227236,-2.6466236017043334,-1.6414946779582689,-4.3070615833739545
0.0,-6.812555150269436,-11.482924718603307,-6.090351535789127,2.024140085829658,-2.827257959259031,-4.486708911795512,22.14695894274628,-1.75930710958795,-3.586180522671794,-4.924966652326984
0.0,-16.012678806558917,-12.0409934452638,-11.48571656288241,-0.3144680141110817,-2.1533179108364333,-0.0686579686482428,21.114582158563913,1.086108484481,0.7920107023650494,-1.1594347368590852
0.0,-5.888946451130815,-10.52170453511982,-3.8818349560369274,-0.4205512372753091,-0.5605866616544932,2.165698840869503,15.856894815503974,0.2946725801761092,-3.214946441140649,-6.408165452475306
1.0,-6.465309201677772,-13.071678058807427,6.0081979797518645,-1.9690873167629066,-1.3943330087434003,-0.2961074005789795,20.352006963750323,-0.3239502903865478,4.74960019835374,0.08659356333153445
0.0,-16.478413218689386,-11.194348437257814,-10.347915443646677,-1.3591870365625287,-0.718741678674755,3.5385800232643354,15.846368188316058,-1.5365921281929336,-0.02278314549651994,-1.4805635016642387
0.0,-9.161731064354026,-12.308018920912211,-9.04436910488229,0.40004959505537796,-0.12673102660588764,-1.1356597889656255,19.731731211688306,1.2433338394390931,-0.0894458626013887,-1.1050743239499128
1.0,-6.467635705866242,-17.4829516377459,9.212260035185773,1.4018727443727668,-0.7847614122805179,-0.07696256758456055,26.426407700160773,-0.21970266008381997,-4.782867895526029,-4.749495337761547
1.0,-7.361155453792474,-16.9767843727143,8.004364953755386,-0.5344705306437354,1.0603267375335432,1.0020888837519153,22.97760332909883,-2.1404545004004087,-0.35796041456566874,-3.551420759219529
0.0,-11.536718036070688,-8.990206899131332,-7.99329626788457,-0.6983757826631318,0.3693842334271815,0.5303018002635063,11.211228412053142,0.5891971302901687,0.13351975658530035,-0.7136715751395726
0.0,-14.16761091032095,-10.4747086761577,-8.70353055928435,1.6044231685000416,0.596636482149886,-2.615173838352361,16.742429959773236,-0.2317199366425598,-0.4809030425861702,-4.553921139275856
1.0,-6.6649230793811265,-21.7586090117424,13.382720406352155,0.1328002301535426,-1.5183470401959323,-1.5989160834176914,34.627999560671654,-1.106086416301317,-1.0834849402939692,-4.962462071790455
0.0,-13.995636922384968,-12.756776177615551,-10.62249190838981,1.4123696076527636,-0.7378340966771121,-1.5890091219298537,21.783113234312662,1.0634879036367404,-3.863502435574159,-6.791469024318531
0.0,-2.9705779555699925,-10.044459513944025,-6.395131221397044,-2.362574697773993,-0.018749760453203423,3.7460879920927925,12.542201439005542,-0.8893562561040621,1.176001519026479,-2.3916204692053062
1.0,-5.405368609138132,-17.864192032142984,10.917649809965674,-0.962842947623873,-0.38155015921038604,0.022541400859085264,25.76694628797506,0.31963142455990734,1.6247229293675634,-0.6559364586155642
1.0,-5.686038216721905,-18.26328549900405,9.516424870891832,-0.5384995411394178,0.4609049444536515,1.045024225187991,26.10688351144024,-1.440944770055869,-1.5391567951419252,-3.1490559508200673
1.0,-5.988095964803992,-16.271993489121964,9.24485941377848,-1.5090760137336838,-0.9377800571100018,2.59277811459018,23.487265909112367,-0.09893194312776965,-0.052622623007648306,-2.638165675536184
0.0,-13.526753248816428,-12.95211352720548,-10.309540641373493,-1.0622082126670724,-0.7087950436222819,1.389161534553932,20.129297249094765,0.659519403381998,1.025413375264824,-4.708280328531433
0.0,-7.949943649234507,-11.745802443395265,-6.4778130979235,0.48413783057832793,0.12835839088286716,-0.1044037464504457,16.86767188082738,0.015240111381444654,-0.4005775066462465,-3.5425160808931855
0.0,-17.626806751886242,-10.546204840042863,-11.29763861045846,-1.3191073077376179,-0.32672012699429875,2.62357975325832,13.703048968638058,-2.699284433786326,-0.35908451256084317,-2.1084514038163995
1.0,-6.507896346255692,-21.121616999414133,13.726528811456383,0.5816626521003234,-0.24948015144803914,0.06723773380035913,32.03314547731028,-2.333986175549682,-2.9382373654755076,-4.893482448466582
0.0,-14.4279463028012,-11.913636204743204,-8.180730527619476,-0.7844335006643222,-2.7590859691062413,0.3911224731073797,20.58346713245338,-1.6054463005122153,-0.6385679836361216,-0.5790140195807414
1.0,-6.5130254602138145,-15.381076420050595,8.511894250395912,-1.4027437794480186,-0.35275323990984697,-0.003352445495334422,19.06475957251171,-0.07633320043331093,1.3758893672384505,-2.550950047754828
1.0,-4.352956919843855,-17.66876171625976,9.804679041773142,-2.3704469970685422,-0.8436027888113056,-0.8274293718058958,26.33392015044487,-0.5724747068792572,5.32375011229811,2.2468543435726964
0.0,-11.11568161232119,-12.164987273809931,-8.512693694038575,-2.2092971290256402,1.1143539816485128,6.0165302689715965,12.143780450637436,-3.8910155997781763,-1.9139090924181326,-3.912942472428355
0.0,-13.705560927682477,-10.461954806045554,-10.747690252196666,-1.3281581151816324,-1.5607340779061785,4.360990451405691,15.193766550029144,-1.187135635909106,-0.31802054941207913,-4.236517384887533
0.0,-8.390527001372407,-10.539277434160187,-7.407486448264841,0.42927223640915346,-1.2055799780466911,-0.5586053565467679,16.368031924010772,-0.9823032362834827,-0.17839986917723794,-2.3295707685315246
1.0,-6.308265020602716,-17.214315639848863,10.685112173984693,2.117464787435067,-1.3828791706425148,-2.922836458443472,29.100886806060153,-1.8087761808712777,-4.787347553196881,-8.127628636321258
0.0,-8.618011161590708,-10.899455546099796,-6.290895030927949,0.37172731499311107,-0.156340564079545,-1.7392920741597613,17.814391845640156,0.2861357049574385,-0.5698029784814003,-3.316086766965605
1.0,-6.266127579603385,-14.051445252040002,6.776640570369565,-0.56226551946008,-0.7401352655223785,0.8087488432250598,22.678942479401147,-0.6176685715055379,-0.44590254447523686,-4.124171602962407
0.0,-9.385524337247144,-11.479114536146053,-8.950007622426321,1.5247663117850423,-0.34413788614648255,-1.5244780650664143,17.38249934249867,-1.9035066289991593,-4.617895630497138,-6.171687099470349
0.0,-6.97624557741891,-8.951428730606006,-6.374801650625455,1.4496970804828422,-0.38723648453004056,-1.3222379913517481,11.927768652329632,-0.1659553204732684,-3.1309339430612493,-4.670966402607132
1.0,-6.347693419666878,-16.323121250352187,11.108585898469984,2.411824211564756,0.0316641055640392,-0.212322090038769,24.556500957789567,-1.7528340890666723,-5.7481136116684945,-6.489820410110415
0.0,-7.133249509945211,-11.791769927590405,-8.196631853544158,-0.9754820940402469,-1.8268700472916266,-1.359247890111521,18.3945798197649,-1.5457306678325011,3.1177348973343433,-0.6037173270966969
0.0,-9.785914528388385,-10.125143766688206,-8.71431078040606,-0.5488636331732949,-2.1497597760978318,1.738759676163157,17.59811898715634,-1.4158965450969485,-1.6898124594348705,-3.1948315601087254
1.0,-5.873019184485997,-17.954915186624,12.01705186177005,0.9100907754007111,-1.311792605581808,0.5717698808796198,30.801722389382284,-2.0832814195603984,-2.1097063791075494,-4.254052543185972
0.0,-15.240060728770548,-11.106461477074891,-9.207210242175448,0.3344623349067487,-2.2373772789582964,-0.40014389469985606,19.341459833145542,0.6818259951166694,-0.48948836215752545,-3.1717007379598607
1.0,-6.635300549677178,-18.848181896497827,13.170763451793402,-1.9270981785075783,-0.9424549471645464,-0.1852796784325368,27.952315503310004,-2.0517165352311397,2.231810041501972,-1.462504792001862
0.0,-13.94784734485668,-11.227001413241098,-11.031574738523492,0.022136347699844683,-1.1429857710215454,2.05210362171614,17.46820566040973,-1.3987780523753046,-2.085533533107785,-5.852845342016082
0.0,-9.439108801676213,-12.751126437814289,-8.24777786930218,-1.9676000684038515,-0.36854066900809945,2.81701991280513,16.0783523533438,0.03460895006457332,0.22141242564143337,-1.233685678682901
0.0,-9.371612081255975,-13.036267307659195,-8.58092069971831,1.0381100321317003,-2.027958514673971,0.03581206407339543,21.057920018112487,-0.0821085103450207,-2.873364602666429,-5.952833077511305
0.0,-10.330165685248357,-13.88454871653041,-8.078448786335255,-0.7133849465055035,-0.5466723504404946,0.8956199423241611,19.03638362696289,-3.4117439679323325,-2.6064762979234763,-2.5077730188775793
1.0,-5.104564953454352,-17.235611650404422,9.83157174768495,-0.11649623194607922,-2.068646009331561,0.9290008108595258,27.941745944793183,-0.7059988188051962,-1.9496262064352854,-3.2229701589087743
1.0,-5.858629776046923,-16.53815412652834,7.703253905641634,-1.7277637242825306,0.06768461121625058,-0.31305973031071094,21.678219859267415,0.37030835014376007,2.6089704940295495,-0.8854621572692838
0.0,-13.58145094306569,-8.413351062010975,-8.439801086173686,-1.2729692190335795,-1.3649161195210682,3.4092504186041435,11.829464436044333,-0.6025523933955582,-2.280336456062776,-4.38748931242145
0.0,-13.984957404634207,-11.05464823335064,-9.834997422776373,-0.19837355898322165,0.47825614263962235,1.4165161935765669,12.581183891932373,-2.003704196685932,-0.9766299574758578,-4.318365504067117
0.0,-9.01555895198482,-14.993744359412746,-6.790482343074108,-0.9826975398437754,-1.9412101363991425,2.2000321624305714,21.74361383523157,-2.09696684272209,-0.5694989844852083,-2.879719750408759
0.0,-5.472141661646453,-13.176514866690264,-6.035142162478252,0.48846322706901546,-0.7285378925254278,0.05577371477526799,19.934181393487407,0.27098062687417745,-2.4065605154922958,-4.913467054697467
0.0,-11.10920805825767,-12.11210947743624,-9.266417364917316,-0.24420213626816542,-2.6535361058127336,2.4996769635731297,17.921807103255695,-0.8083493942791884,-2.6656748696531714,-4.706889049319857
1.0,-7.0378477607142695,-16.472830667095867,9.241213345920276,-0.13008443753008958,-1.6772697279537203,-1.5087435527528403,27.454210836758573,-3.912971173242029,-1.4631529542898787,-2.7039009478356837
1.0,-6.200773599963519,-16.09122781072269,6.072448768817203,-2.9913420096497783,0.39043801706599546,-0.17317972099858125,22.32229015285833,0.42596168021152847,5.466749651613814,2.5472834065898926
0.0,-14.175268541903606,-9.03877179435706,-8.066920371687488,0.9296159641123922,0.5654154156459259,-0.1888895132071643,13.046323570796327,-1.0484599105623267,-2.0298985220174384,-5.743459693077004
1.0,-6.6900479027631725,-16.503850811231246,10.280508818543145,-0.517936499583075,-1.7759831287993497,-2.191368094330777,26.393840496029885,-1.6092284444608598,1.8261749370394067,-3.027794221101197
0.0,-13.637382085270053,-11.427521879100956,-11.227168958877234,1.182539038055429,-0.5913244735473269,-2.951627661283652,17.668249678901198,-0.6487164008313697,-2.077594062418037,-4.312307471276987
0.0,-9.07203745634767,-13.815644938417845,-8.431072601743251,-0.8363709762237295,-0.6690329011421199,0.7248080103611148,21.405091491510245,-1.0447651040389998,0.29220367033613825,-0.9292743352417796
0.0,-5.936298072827473,-9.843635440342581,-6.060609532542488,1.0618741369361295,-1.6663843905023832,-2.52191576551448,15.693884050941879,-0.023517429212454644,-1.5885328241542829,-3.5097921516554216
1.0,-6.4628985677692805,-13.239606663770234,6.322562029129755,-0.273292504936662,-1.9305246963387332,-0.6759528357407353,25.44095643799927,-2.0147631759905558,1.5171776464032334,0.3718852488387039
1.0,-6.537344899635135,-15.165246235808603,7.937486442116286,1.09164218688297,-2.054100261917461,-1.4698250754495765,27.16745811137726,0.6364825843218282,-1.9891259269695125,-3.794322690688751
0.0,-12.147848788621774,-13.621728701195853,-10.542845270415908,-0.4501836714174182,-0.7920145668506389,1.4945872080754645,17.924491669064533,-0.9329856801778709,-1.7764419618009002,-5.708937075559497
1.0,-5.791435698490727,-13.767683332853991,7.2876063538300855,-0.6517527807822235,-0.9799949476971085,0.474853061426076,18.226618496008417,-1.357022769615131,-0.7531225319452354,-4.441494935647429
1.0,-4.681352507391401,-21.91123081532955,14.322912415047794,-0.8294719702870967,0.005356133454650802,0.8477493013215622,30.914871693706814,0.1626330032602561,1.1671860876011888,-3.132219742116552
0.0,-13.50130087898822,-11.879713060833934,-11.195898035769451,-1.467818250370601,-1.6196741824135268,3.4706153442646435,17.357511613896985,-1.1442840256604683,-1.0526260815999318,-2.377591422944983
0.0,-11.817649449935438,-11.373645801888362,-7.674000571034917,0.5691047848034929,-1.094256799601874,0.5176690055625723,16.71591107461441,0.3559124589045677,-2.267650794392552,-2.829103578434567
0.0,-10.42103639572202,-13.176481665068064,-8.020029098273053,0.22626116752822195,0.6075936183040671,-0.4282267127496114,19.67992087713726,0.9342747930844862,-1.9315744167641742,-3.5643814890388006
0.0,-13.301470962044487,-11.685496236301477,-10.136886134774821,-0.11813854673636012,-1.4748957551638693,-0.10052087218362205,18.152939431530836,-0.40281668677941884,-0.8556207809338187,-3.3593385597606593
0.0,-2.769359295542193,-10.576073663515368,-4.902788378431525,-0.006699938123127219,0.2499200522741385,-0.30464138899862936,17.18012768149273,-0.20071002739823995,-0.6924336730847872,-4.1965751277013785
1.0,-6.030685029056032,-14.937542015866422,7.82169671487847,-2.0427968295504906,-0.6639089755141223,-0.45851643084145793,22.737283568936217,-1.3529821302724145,2.485556042906986,0.2424914687955596
0.0,-12.055918283433439,-14.709226495556303,-9.32705268699274,0.15666359902663884,0.9914899970356088,-0.19260379715292453,21.479043833295915,-0.353025428966318,-0.9135406249672058,-2.287731196807508
0.0,-11.44585761890556,-12.13760486480087,-10.490265608486995,-0.16372793702140465,0.12219000577323258,2.0804957128140056,18.346013207187376,0.8904683487307002,-1.4721042347381295,-4.734082626245401
1.0,-5.729675159632485,-14.52132623856973,6.566002498059109,-1.4116528552844754,0.030337190839372363,0.4062197106476714,22.176340806468286,-1.4838706447076468,1.857217539928204,-0.5212721077322885
0.0,-12.218784783470069,-13.37669406226656,-10.949281758759764,-0.41224187049785355,-1.3461846969339653,1.411681456698859,22.18544110735998,1.0213957959513444,-0.8081363269507058,-4.99431482612852
1.0,-5.9861622039510864,-18.079779221070655,10.950689874152436,0.03261113037070845,-2.0924931069827206,-0.117490389231301,28.061502576720134,-1.6425297056834158,-1.1115622106279899,-3.7162348123339606
1.0,-5.452283895911291,-20.002509335877356,11.758092653281105,-1.508658036579195,-0.4151005759702857,-0.6021956829320199,31.915928305951855,0.7814189607633496,3.533154162397485,-1.3641240673899007
0.0,-10.34624180667214,-13.013582918768384,-6.72449720532698,0.2772902314148319,-1.3237263202892127,-0.06485283465812808,20.84544766338914,-0.7504607217948742,-2.1900568180592126,-3.804081637485279
0.0,-10.270348977438164,-11.363007546435062,-8.570391319704314,-0.8448878228609034,-0.4421959200782244,1.4098022548615838,16.5543926700984,-1.0847846139266901,-0.325449433652094,-3.082010711378764
0.0,-15.594366048530024,-13.000018256275332,-9.224372305557687,-1.0732309837029161,-1.2540368056038556,2.25078555813917,19.780375844709216,1.9722868188508416,0.645430233440856,0.5116510943196437
1.0,-6.816496721144657,-16.401406399909035,7.447442799667058,-0.7027087708171893,-0.9506194185000988,1.6854150518297017,25.4109176131231,-0.8751690722899472,-0.12283749535523447,-1.9075265114294824
1.0,-7.978675244783762,-14.658037427215055,6.554015975085452,0.978715262134592,-1.1087512827609574,-0.4410504953079928,22.658080235479083,0.84389561883817,-1.1436211621087276,-4.268683270516051
0.0,-12.352141535953223,-12.114947745430488,-10.035812328089705,-0.20411995717934162,0.27857171895555477,-0.1466319409711997,15.066358188588193,-1.9031934832817043,-1.0065494075496457,-3.6544284309065844
0.0,-8.464549439198965,-8.008135100400633,-6.598144847404456,-0.33698178786684546,-2.2322887437277443,0.45465200514394943,13.153069519518802,-1.7687610365822428,7.918651825323808E-4,-2.3582330398862195
0.0,-7.805768496525156,-9.418548770706671,-5.802412961265435,-0.24185621394962814,-2.228861726439444,0.11279476138715516,16.336604365147107,-0.9445530706981826,-0.8653481770889102,-3.3528948689728346
0.0,-11.49183996904709,-15.892367837567779,-10.063134272012961,-2.1150036077817798,-0.6470256113506394,2.2870376899529017,23.785910389354733,-0.1472593896475639,2.8780810095200033,0.48913175360159683
0.0,-10.53584979053598,-13.772003518528326,-8.921141741875136,-0.1937672167420491,-1.694510176030684,0.3816357077915592,18.955310917661237,-1.1649667553808447,-1.4589258411939037,-3.163827899964991
1.0,-6.441296693032865,-20.458839024780403,10.67002400635057,-0.41729500634896244,-2.162987264783464,1.3536890476285908,31.214485530243845,0.3169428227847436,-0.41451970366039176,-2.7005519780742593
0.0,-5.239527881515284,-12.896862967037665,-6.607580904156791,-1.2606523842405144,-0.33073290288330015,0.1002461029807511,22.055349692318483,-0.8688233623354942,2.613988467963483,-0.8060178533131426
0.0,-13.196143246269886,-7.663380637109069,-9.244090673747092,-0.2641533299530142,-0.8752635620128199,1.239103710776389,10.516432446069924,-0.004621578454733211,-0.6376650073255588,-3.5298560955757363
0.0,-9.638747380017527,-13.482362190444558,-9.406834180154858,-1.4331660417639345,-2.1632270645792664,2.846560523895723,21.099665350151003,-0.7023990565554649,-0.29897110596306675,-1.396067575407862
1.0,-6.294540112600192,-20.576555337437664,11.912580128747493,-0.4684903423746702,-0.7943455384624442,-0.5092008197157288,30.53035878938487,-1.0014067204396715,-0.49929136982236266,-1.9510122840902413
1.0,-5.844743923123548,-13.937538354335137,7.897731485958837,0.9412685866469384,0.7284698046060789,-1.5617400521092346,20.28661155549535,-0.2260723933543743,-1.371476972708087,-4.059161603452596
0.0,-14.848466642146914,-9.030901255039137,-10.197432100434163,1.0852772014597294,-1.2834926250803824,0.5713511621626504,13.652655479839009,-0.7515413254750347,-4.05928038271569,-5.268727966857487
0.0,-9.782314693227764,-7.47992940441608,-6.326450609895091,-0.728933492700378,-0.24666139454833125,3.2008484481535815,10.803737311628952,-1.3825019431047343,-1.8823857096863539,-4.468531626126905
1.0,-6.097573779916086,-11.198008546543182,5.257866860714265,0.21424878675544817,-1.6759912624536426,-0.9686254089738677,20.237207025429726,-2.484315527133037,-1.4557895697091066,-3.470305010439006
0.0,-11.871799593414787,-15.333353544428045,-9.784983749641029,-0.15257778276395642,-1.0740779794474515,0.8289165003512127,21.433745167222536,-0.4893604307712984,-1.9333497940095967,-6.45245290602899
0.0,-13.479791890351873,-10.469191076456179,-9.344986723642423,-0.013119267208065943,-2.400475799709121,0.8991625064945932,18.595953377477002,-0.5458084013212143,-0.6593644932053258,-2.3168381772567708
1.0,-6.288737881010774,-19.18884107603268,11.475519590388947,-1.0141712187888705,0.26273375541545296,-0.21459855464418462,27.908825506524096,-0.18420097676145158,2.9402717979333106,-1.5402792617187169
0.0,-16.177517595890066,-11.691553688721429,-11.460827233939547,-0.7216615968734391,-1.6503034649087054,0.25010414264445857,19.772194247513983,0.12803209810827054,-0.04207566474494062,-3.7677213306399517
0.0,-16.137723914405917,-12.91042428211576,-11.007427575479408,-0.19163174410835418,-2.9049329305979104,0.3970882038055248,20.714741320161494,0.20660017905015526,-1.1806434058865038,-5.587262338709871
0.0,-7.698333855106809,-10.834251545359825,-8.398482081902829,0.75461825607286,0.6726637841063225,-0.9372496731557718,14.103582385838374,0.8248895524596456,-0.7386137721666938,-0.8840246029703405
0.0,-14.447787903322219,-8.811737919689621,-8.842222925957678,-0.1944540202749335,-2.4741867039876078,1.5963011638228837,15.697634914779925,-0.9909419206057615,-0.9644690382589931,-3.8233804332325163
0.0,-11.91103637699629,-10.731063750293268,-9.478109193455262,-1.0722319521538677,-0.2206713657411986,2.090661143443231,15.0649258847594,0.4315244396408533,-1.5573244239631763,-5.687447295121816
0.0,-10.565548834011285,-12.272657976063982,-9.109033602354181,1.831916724348329,0.06300832393824618,-0.45621512625936966,16.932539187745757,0.2979336540521045,-6.053845306733686,-6.150485691443949
0.0,-12.652944846131108,-9.501819393588967,-8.414426179325767,-0.2870978199157157,-1.4540704456352371,1.4279451583416651,14.30452892280074,-0.12639037461218816,-1.2923829801735158,-4.360775202116279
0.0,-13.617134187922948,-11.788033625785564,-10.59212794134646,-2.5413485871870343,-2.2027213254978975,6.170753433070506,20.491148422774085,1.0264858147253453,1.0930515813364694,-2.024903471121482
0.0,-11.210867231528605,-12.79232168665099,-9.359048265246175,-0.549598970201501,-1.0878739762585559,2.0752821992188517,19.78129769262303,-0.6519147526094398,-3.074890164497962,-6.232142060800247
0.0,-12.075089222543495,-7.673916463885293,-7.275331873378979,-0.28504694224808186,-1.8689833693530358,1.0587857030376993,10.180963089114673,-0.2151718219909785,-0.6278558422346854,-2.401534679329078
1.0,-6.460852787757663,-15.517714798640625,7.729667695512775,0.08997344683665401,-1.1902660867549597,-0.8679629338330093,26.712711966587406,-0.18781664854211233,-0.3466681185976144,-3.7065578344539563
0.0,-11.13528933472332,-16.82668644328303,-10.302988874875304,0.8584881255042196,-0.9913579688680567,-2.4430178720303726,26.21527790831891,0.7453403305231978,-0.8724120371056767,-3.4729671997663805
0.0,-12.621079728618662,-8.746864290088883,-8.317790616349576,0.7650618873144861,-1.8795106812701736,0.3211450973868859,15.319754341876973,0.5756007532775169,-1.6806424465582936,-5.021728047150361
1.0,-5.138064295701975,-16.906423670652437,9.745573225729567,1.0145669574783394,-1.38602928520576,1.2302073749986706,27.08566674602335,-1.0466370244108865,-4.309220622284857,-7.838828201770402
1.0,-5.772090967692733,-12.252192182859858,6.985387356789156,0.38296601606231406,0.2860107319589895,1.2357884241435577,19.229534838696818,-1.0940476822799023,-1.3578698813181649,-1.9363883542560596
0.0,-11.941284362860996,-16.760405286572944,-9.282296525899632,1.8162869818644587,-1.0141728230484586,-2.148509976222557,24.954037224371444,0.5560610373963194,-3.7332535719107636,-4.471029336905209
1.0,-7.1141526336662135,-22.700033298718736,13.4103853419065,0.6005130703070677,0.5179091943098724,-0.7882138204993743,34.388185121930995,-1.3151005732905767,-1.6596234466234163,-1.9241975340354105
0.0,-14.722396270334844,-10.622317333064261,-9.286577097626425,-1.6205629133003674,-3.2954591294930786,3.8574709287618,20.284995094079232,1.4223913428085315,1.5961453939868022,-1.2502402109705337
0.0,-10.830049716432383,-11.8075390319063,-7.986460371577408,2.1063856730144837,-0.14170350071876392,-4.756192470960711,20.27179242969881,-1.4583213866302398,-1.6130404072974156,-1.9474251811255854
1.0,-5.367359780209352,-16.795720958628454,9.482590627636439,-0.4285702137977295,-3.767880780516845,-0.8732173463245637,28.978093832122124,0.2582313289980651,-0.014846814322136082,-3.767786491999767
1.0,-4.991403974613685,-16.325867456533274,9.606798894511423,1.0657981578770743,-1.8510626274638802,-1.3112766286931001,26.823646636530547,-0.11676997158078589,-2.540464684520235,-2.4163537126420027
0.0,-10.735409910316934,-10.524440178363404,-8.288546949427646,-0.23179887471724736,-0.5612627441034364,0.5511940555470871,14.957419537243283,-0.8542978012073879,-0.4904391172506679,-5.351658328407945
0.0,-9.880873737158932,-13.543019193264936,-9.472892396791424,-0.3733777302892328,-1.1559569078420568,1.4738693328616626,22.86137887494141,-3.0174108301133242,-1.2117968425308772,-4.687149279907962
1.0,-6.8435746596504465,-20.728663211692666,12.475168669911499,-0.012356660275236242,-1.0135099439598383,0.8597329235116276,32.89021343561247,-1.5120285961392943,-2.213210089686133,-5.845022014900556
0.0,-10.996980472067078,-10.580970524511462,-8.386357582959002,0.6732647190024088,-1.0954781105384983,1.1294607948009574,15.04290740932978,-0.6828803756112878,-2.5172104433981275,-5.192080850535191
1.0,-5.989951242093438,-16.761166739670934,11.096153541927036,-0.46721243399770984,-1.261367836716572,-1.03371121109353,26.03316999188645,-1.203041651563736,0.9822580468777704,-2.1381372189677323
1.0,-4.967345170397579,-16.068452925858793,10.096349221977963,-2.7338569846356164,-2.4317957405575994,1.8739274612189154,24.362279907800133,-1.2744111926885786,3.1228379515438034,-0.12723801924179232
1.0,-6.358131764950241,-17.10763531467492,9.723772733869586,-1.4749459041253377,-1.0943291079915356,1.2831808850449404,25.71357480959417,-1.4160133677036097,0.9763539886683037,0.07858251438705888
0.0,-14.302364807468168,-11.610315627072183,-9.044537040208056,0.704899076109899,-1.3356718369778082,0.24234925599065005,18.929098895579745,-1.7071151611786841,-4.273814644013138,-6.686989401556592
0.0,-8.733749509185605,-11.732904311837956,-7.4531355934786605,1.0852738398933175,-0.0618261783140297,-1.4260098309911102,17.899803223260793,-2.230161489930299,-2.4148756191314824,-4.838321632713883
0.0,-7.947175819188119,-13.172221970009607,-8.040002929541311,-0.30630027616690064,-0.569556012772387,0.40113267851404055,18.20019563190465,-0.13981066915134083,-1.3054958192271073,-4.036614503140411
