0,0,-1.2960042241242007,0.8531292336943976,0.987270840530002,-0.7306374369341775,-1.474898071669144,1.4779500593438009,-2.3405504543622944,0.7707632202957665,-2.5755931597792188,1.7458661216256055
0,1,2.427921724382136,0.21849592696516795,0.8377943663883918,1.9550289757968429,-0.6358839062277026,-1.2510437772469527,-3.312196164116819,-0.703263158638401,-1.9155484221655266,-2.510436618203932
0,2,-1.9527932793894105,-1.0059953190148818,1.5354653283196174,-1.7729719871503384,-0.8873632156434582,-1.641661178087242,1.1539023909860886,-1.907615399073848,1.7502739449533389,8.189492953856636
0,3,2.629388505448171,-2.0315235074871367,2.3783059878991386,1.322114053837708,-2.4781517727499747,-5.970646036851413,-0.04072984861775897,-0.7368174776429842,3.9377263299082967,-17.66985240041242
0,4,1.2283289015602346,-1.327312652882612,2.3809030189628806,-1.3895189111308202,-2.4377791848972654,-3.6428422366963966,2.690105309574414,-2.4380622960446314,11.010954855236436,32.57262754566182
0,5,-1.1949671984139933,-0.5486034051058434,1.0812989225327132,3.671784391138597,-3.416013010862727,-5.047165942233695,-3.7977396494332245,-1.647757255006493,18.596927916119963,-79.63400782562827
0,6,2.191396930123852,3.187379373517702,-5.015081472062051,0.019609160752198984,-2.915667383019514,2.120368366012113,-1.2485878386798723,-2.9303609293638053,25.48386870206437,153.5381328245745
0,7,0.23044329868737304,0.2916516238237492,-1.0488287911740695,1.9297223141186859,-3.7536839671893265,-7.438760778656857,-1.8987304239989586,-1.9279022100106726,34.692602777847156,-328.37654367762167
0,8,0.34601509945771736,-0.16281715860312654,-0.636688094563409,-0.23416456155594223,-5.208222836025691,-4.940598755522748,-1.536056272068779,-1.722970043536328,44.303032260670875,646.8953788725636
0,9,0.2441486332146905,-0.4312977992757719,-0.22359492785023172,1.4958688166432803,-4.749393687779356,-7.585599285689652,-2.1521057084758475,-0.637520018040851,53.29034093619954,-1337.0421720074821
0,10,2.6752779929719193,1.0375693997148552,-2.24237925885994,0.2097711629155954,-4.067711996851776,-5.156846757548397,-1.6469419379136438,-2.4025389389049434,63.164682246392395,2678.7468429578557
0,11,0.6158923779019387,1.7178100725891974,-3.753337740643638,3.2209755953636217,-3.6415006177977745,-1.677944321577241,-4.126418103923123,-2.7757551185088927,72.53476890527614,-5468.510611803239
0,12,0.14202420876062982,0.45049680129578495,-0.6491377434928512,-1.584569609103101,-3.3921532903521108,-5.311481096993681,-0.7536390627875018,-2.4948568121522587,82.42575948280452,11045.120593210488
0,13,1.8738057894402833,2.0917608218560892,-4.055318915568487,4.550787380254148,-2.9438075508660875,-1.080753838388182,-6.640728426683612,-0.6999512978179944,89.13236525507996,-22433.939882004743
0,14,1.7192566353490464,-0.3269048932471732,0.6378228593190787,-4.177435674555711,-4.336104671730249,-7.391275293851625,3.1058201360065536,-2.335105674359892,101.97795830018497,45420.24377887172
0,15,-0.3890677948118785,-0.7831227507832377,1.7003631596269586,5.856046106364339,-3.4939847526316226,-7.18657261413493,-7.270314421313625,0.9841494900253352,107.47304763693721,-92108.3649475972
0,16,0.5141437748735389,-1.5850407217362168,1.8812314600808047,-6.577141712698112,-4.95878913455223,-10.415641881316917,7.156112625612524,-3.217891161465163,121.85435003930621,186613.60814181028
0,17,-0.026561138532206208,-1.582091067924454,3.1773220286053947,5.942304526720745,-6.356969399784924,-13.713605873553993,-2.9927621063528163,-1.6745733963587277,134.7247308058856,-378263.255168705
0,18,1.9974486557895859,-1.0550379938479557,2.4218338031054825,-5.450051344412639,-7.127910052159317,-14.712217288372399,7.107770364262434,-4.205305940149138,153.39478490223388,766516.8811014683
0,19,0.7427038122120078,-0.22445752648449246,0.8107182360637271,7.506751583456897,-6.002343322438028,-10.507299422236443,-6.602639319269776,-2.878057867937521,171.67234948619398,-1553513.1350933656
0,20,1.769444221120286,-1.3447602027424943,2.11616640060925,-7.772290042660067,-7.518858623813017,-13.824307142199485,8.872989591463266,-5.672423200654669,195.52373586330526,3148250.2628405467
0,21,0.39448557811701435,-0.5795075368399147,1.6477158096826958,9.597749207311857,-8.284852154126778,-14.204906849793376,-8.627599090576894,-0.3530051012547101,212.0175022167985,-6380339.431641965
0,22,1.713630181426924,-1.3566914363120472,3.336548403348398,-9.79035511903187,-10.516349274398406,-21.770780596482467,10.3904405604573,-4.033996335580774,238.71119506783256,1.2930243868799856E7
0,23,0.682691058228425,-1.1018839680322423,2.9267750913404456,10.16337272883821,-11.198965318398512,-22.06603069372437,-8.775482247308052,-1.7476177527615577,261.52967883792235,-2.620448506226809E7
0,24,-0.09156215165487991,0.39437381212324807,-0.5430262557088619,-8.839976824992934,-9.921068104744503,-14.83087983517646,8.219586818003043,-5.728628352759383,291.5435536566017,5.310568960486102E7
0,25,0.21664277406595644,0.4347978303405262,0.41612475630245105,9.785214281141313,-9.745299898335938,-17.31424439588532,-9.431789004900635,-2.6940044607405595,317.9232985713958,-1.0762379184179966E8
0,26,2.3959721285067475,1.6576729973141082,-2.8047531466849707,-7.200785937295973,-9.431222375648963,-10.85911144715214,6.441433331146289,-5.5833383013128115,347.08058366245956,2.1810945454961908E8
0,27,0.4115374506358457,2.1784040974704224,-3.295093437889851,10.242713091818615,-7.534662797995011,-7.161567382188345,-10.004712127633958,-2.042080475443548,369.9319677444957,-4.420192958081027E8
0,28,0.6664797344128176,0.23643464252933954,-0.6082907143022727,-8.572139908903296,-6.978397827772211,-10.396545151213962,6.808976120483862,-5.255789862613095,398.5559824758303,8.957930155333979E8
0,29,1.9257584552106803,-0.004013249014172937,-0.9275069063267987,10.115824549138862,-6.739586706448416,-10.967700012977799,-9.858341529381658,1.1242013061905343,417.9142178457894,-1.8154080808408766E9
0,30,0.6170539373977102,0.4420541796904388,-1.2758767617409745,-9.353357132174056,-6.677625681677204,-8.13441741075102,9.193487731707647,-3.9348210950179965,446.91766594320507,3.6790930853579154E9
0,31,1.9539852915700298,0.03852813582704129,0.35750151159109445,9.550786622451819,-6.62391252105422,-10.967780334685008,-8.929950036686,0.6926770405036226,467.09693224456765,-7.456024540684634E9
0,32,-0.9260793695076037,-0.9936079369738867,2.29694064234169,-10.10882630383073,-7.972133166447031,-13.773965072905204,9.744816733994755,-3.180604594072484,497.57524534753986,1.511032688263163E10
0,33,3.2777212181441806,0.14841694037724557,-1.235673057582055,12.325737570517946,-8.959794061425857,-12.40703209904568,-11.2184561885208,-0.5151122330898741,524.7090068765896,-3.0622482945092083E10
0,34,-1.5127866575920799,-1.3672630000050234,2.2731035547085345,-12.855353290711685,-9.059696066954546,-16.86244627716362,12.771627196666783,-5.587421977344747,562.7267906074774,6.2059309246566284E10
0,35,3.387464681824639,-1.2942198490484422,2.775322969418159,13.262338518832525,-9.365791801239347,-17.548330278651893,-11.087800919787417,0.6590461311777723,590.0299001779308,-1.2576896190724132E11
0,36,-1.024495872684637,-0.45987987574668165,1.7306949564162861,-14.573554657417091,-9.447870963702131,-15.843247636614754,15.10929858850975,-7.798569243777923,632.2336068298321,2.5488249727048767E11
0,37,1.1174080519758476,1.1936981913932398,-0.5141472322767078,18.510757541894492,-8.193571182891958,-12.78629729599673,-17.06334620639957,-0.8056387505469218,664.249032332959,-5.16543084676844E11
0,38,2.4845425345319403,0.9597028537388351,-2.5528611526590996,-17.229509461417205,-7.897108757039264,-8.107977422379282,15.81733103270911,-7.378464373765913,706.575017626031,1.0468225982824463E12
0,39,-0.12360637977430977,-0.5505960225877103,1.3704444688707857,17.650683683227786,-8.783520709109146,-15.776034911756168,-16.08680970848972,1.0984059683560112,739.8775566705963,-2.1214833483489543E12
0,40,1.197666880635826,-1.5000023764993933,2.8290142132204883,-18.48475818349148,-11.341693989025398,-23.845795641934572,18.185450083949778,-7.589285499467225,789.7559674035863,4.2993832989841055E12
0,41,1.8771834534709737,-1.6508361656129575,3.9937116828383936,21.640728094881517,-13.47476720126463,-26.21731050491678,-19.827733853550544,2.43070281486571,828.0767065056386,-8.713100090370053E12
0,42,-0.5608697031495998,-0.7881508012189504,2.635248598499028,-22.21527025842473,-14.71615729448892,-27.558151192824283,21.313417869416387,-7.139166904620231,885.2523866613949,1.7657907634550234E13
0,43,1.8895951236382902,1.215828619236639,-3.0810230670414986,24.631729531486428,-13.448032408926897,-16.532849516857596,-23.551712833281208,3.834627720085197,924.4223554322265,-3.5785391973969516E13
0,44,0.9167291041232889,1.0289937554448056,-2.6055964148545607,-25.136909314813437,-13.15300865711545,-17.4387519468754,23.748434380925865,-10.136171194177905,987.2320413208159,7.252242480860522E13
0,45,0.6770434507663273,0.8074163847774254,-1.8025605433890481,29.092100924324626,-13.166062257647068,-19.01378980244047,-28.359068476222458,5.482452739618593,1026.6545363770963,-1.4697343832368722E14
0,46,0.9005739348000726,1.296940270142748,-3.200409382065687,-28.47996212415152,-12.244313840430488,-15.016770974558483,26.863846306815006,-8.669405784097595,1088.3817799260821,2.9785534101448106E14
0,47,-0.4326663128186532,0.9391317976504243,-3.4531522969022554,31.25999837187777,-10.216113795588894,-13.27143488002608,-30.221184678292346,4.026277974856125,1131.503352518698,-6.036315485503976E14
0,48,3.493767513778189,-1.2891974060198501,1.784158955768751,-33.11982944719384,-12.41060361574473,-22.177701950863156,31.06051539468815,-12.08738895649518,1201.5403515042033,1.223315469730263E15
0,49,1.0733891192239484,-1.1324839162239788,0.5877276204563411,36.07833475410423,-12.501258652123676,-18.8792185657573,-35.89269329847072,6.035659038183362,1247.2382420033064,-2.479162565436331E15
1,0,3.929276463486299,2.1045306411468596,1.3226809950957523,-1.614682764709034,-0.6687823796743271,-0.6525512688773186,-3.6189459415623,3.5580369544364348,-3.5699075389823456,2.040847749306168
1,1,-1.0752317220688974,1.7994760755853214,-3.066977941535593,2.496209849259717,0.39596862228273816,4.281894494133702,-4.4553399168047845,1.2595559455594565,-7.296457059972694,-2.9629363803556243
1,2,2.143319269230621,0.558893763119011,-0.8200613066528449,-1.4674011502030553,0.17193351471860496,1.333085560830208,0.5642342498234683,-1.3781158890955663,-7.470770263363373,13.203621516144095
1,3,1.2186853852673676,1.207600894850955,-2.6428043239661183,2.6147434700412058,0.04130320139693833,2.6045733027906492,-1.7596468410603123,-1.3071550746584195,-6.716645932319735,-24.914610031866165
1,4,-0.43998212188260477,1.1482137066072124,-0.7772528228806654,-1.4092203630332585,0.41851792053867654,2.499188381184628,0.47516856252610573,-2.713726568359303,-2.5156296147547708,55.80839539294307
1,5,2.1535782206164833,1.7173152277409605,-2.7865422658249637,2.8479072103086533,1.5764235987090336,7.6118709585549205,-3.974767157135539,-0.4107937890574672,-5.707874556636383,-111.93045416412367
1,6,0.5586028489732744,0.8333464166243967,-1.3022292748693742,-1.6023594810320354,1.7940536213209946,3.794028179411423,1.343863395562861,-1.0388236160534507,-7.988999694662541,233.1979678001551
1,7,2.4572443156887314,0.16835963124691322,-0.2371259990267402,1.6043743800046513,0.9101632079375523,0.4510033705067018,0.49052326699456605,-1.7991556957141992,-7.595401395640437,-468.53847008695107
1,8,-0.512492666398522,0.017929081278386466,-1.1448645968064706,-0.18160653543413008,1.0432805848399234,4.2420357776418145,-0.9769352893999881,-0.8404900908092848,-7.485319841560387,953.4453856220761
1,9,2.2591168655070724,0.9670324957981373,-2.7200918148055933,3.192679850953044,2.0142425292035084,6.788936801632459,-4.309804886941987,1.8849990534909815,-14.422093022693666,-1926.8961650063125
1,10,0.013730147540144705,1.1290629274973263,0.11955986953392017,-1.447334108334886,3.614742387644789,6.854258050991724,1.1764497306834394,0.26239915992636575,-19.815005413033298,3917.547572543745
1,11,1.2664132710462206,0.9686178697384469,-1.982384705084797,2.1327659193597617,4.673945966730486,10.330410895451944,-1.4061317496450139,-0.7803498062334899,-27.000040953434183,-7928.605017194425
1,12,2.40976447428027,1.3196980330767463,-1.719558242775887,0.26461607718210617,4.408171244313518,9.073214441493354,-0.34340740790421864,-1.0254861588952067,-33.879997117251875,16085.487702429786
1,13,-0.09794619576734895,-0.6830028069077523,1.1635179683144485,1.3337574805703385,4.0976647399613295,5.791998059895026,-2.0243810805261755,-0.9434995090645214,-40.644734936391295,-32576.87034085472
1,14,0.9271262427576348,-0.11290672357227324,-0.9648857886379901,-1.1870808626717988,3.4430509195942625,8.52690784107544,2.7428608656580913,-3.1388631262245945,-43.96099808769058,66043.88494714974
1,15,0.39857383027582927,0.8277018428236591,0.16089299863888984,2.51937341339286,4.577446817552532,7.953202622217637,-1.6847156241866814,-1.8120725838004392,-49.54234899377466,-133819.7182284008
1,16,1.7821916429631361,1.8649626516025575,-4.445951925167962,-1.2101044511637722,5.581927263228141,14.695362892157716,1.149877458332102,-3.5347810723977213,-53.04836488715299,271227.70345836045
1,17,0.7779984320403908,1.0605124862200823,-2.8199679781817863,4.038441115309203,4.586572388260524,10.103821884826017,-5.101010727185247,0.3116958925105511,-61.15800898422566,-549642.0662654082
1,18,0.3052490073031192,-0.8885345854469707,0.8406287405541184,-3.576348368019746,3.4695231239058124,6.107182977541381,3.34681959077196,-2.3308538659810223,-64.83888537318968,1113938.517459913
1,19,2.6615970279577303,-0.17990783564108018,0.24444400690458343,4.780299837146865,2.8333048118755184,3.138147942955689,-4.047717326306015,-1.7286745032185449,-69.97833729793366,-2257468.3819070715
1,20,-0.7427387119948861,-0.4072802653568751,0.43113990334197905,-3.485087057311432,2.0095442762855766,3.0455520230682382,2.501451555537718,-2.4643883485247913,-71.64806876721153,4575011.842671719
1,21,2.12206765349814,-1.3223938399852746,2.7596886160874714,3.8982206133905444,-0.03950790897717715,-3.0908420407674533,-4.4712946768536925,0.6235656470555296,-76.48744174674582,-9271650.695901595
1,22,2.504575027961252,-1.5758877545094745,4.373648893166805,-3.2176367215269552,-1.8210493974071125,-9.030033896607492,3.126491942920019,-0.051084590712047184,-75.70259032012227,1.8789908485306453E7
1,23,-0.8155187104392111,-2.105286593927632,4.140627509413261,3.2675462379220175,-3.1521993689140597,-11.016374543230416,-2.916546798195461,0.4826464967453965,-74.65119990486238,-3.8079458456096485E7
1,24,2.0125741381857476,-0.07456030756673271,0.10097989127740939,-3.1979700961759714,-3.3355151866391743,-3.9450042008285098,3.29110940753296,-0.9769192417484187,-72.37678580746751,7.717160914943355E7
1,25,-0.162257189726896,-1.1840043542589533,0.5941783677163761,2.9937707631143478,-4.596217364249248,-8.64206088830882,-2.7251437755697756,-0.6161254488766358,-67.97698918715237,-1.5639540679774967E8
1,26,0.7972799317662728,-1.6783892203246484,3.088531429312424,-2.3318397190478377,-6.255477821848637,-12.508818574822422,2.473062518391906,-2.328086112703045,-60.56646265323238,3.169498762323513E8
1,27,1.049183540724679,-2.141299597426677,4.840928472188765,2.410804714786645,-7.393495654537787,-17.990057085617345,-1.459352648629226,-0.39763543659886147,-52.55557322031866,-6.423283713616538E8
1,28,1.213020746453161,-0.8087293596856597,1.7247911512250587,-1.2627344164223318,-9.300851226165861,-15.696684596774238,2.6802775164027577,-2.037231888164189,-41.15824398091074,1.3017382094730003E9
1,29,0.052951833056765873,0.5034232664704908,-0.6561495630506073,2.3318412651462403,-9.04683256035902,-13.757777176147506,-1.7097239708902099,-2.3758022483049133,-26.74255730192846,-2.6380935238878856E9
1,30,0.018089824370079333,-0.35173945420171165,-0.3485663933324714,-2.2179794779967357,-8.407611813880525,-13.200367192102352,2.271892872414781,-3.204956996524612,-11.198359632396846,5.346341879518467E9
1,31,1.923444075108488,0.9029605799678126,-1.468130705918577,4.471211642785861,-7.786684053626344,-11.181223564290198,-5.128636660088962,-1.3119652994269986,-0.8656393909065647,-1.0834859018646772E10
1,32,-0.12608622680464499,-2.1833129170424255,3.621973868273928,-5.095574475428658,-9.850847485720557,-20.060757364423257,5.299879490631819,-2.4655467455095597,14.716350146528256,2.195784942824639E10
1,33,1.3287885416863647,-1.0342287753464576,1.7453242631368828,5.851900403539483,-11.117161671838344,-20.779406314479964,-3.9422105001074437,-0.9502882491021601,31.89003793472539,-4.4499623922173515E10
1,34,-0.2702913464654293,-0.8895247027350004,1.1216481940407461,-6.359652719406732,-11.808326069813136,-19.757914776044437,7.168954232864645,-2.4988734847733105,52.90986666528153,9.018262624519727E10
1,35,-0.6241290149574659,0.3395618948149335,-1.6567843023193403,8.28184594743617,-10.115257321237173,-12.533464957577296,-8.01720271695881,0.5849390104831192,65.80771749490859,-1.8276347893923447E11
1,36,2.443719717769864,-0.27083802021341263,0.5872828729131983,-7.769759062639216,-9.790151125459433,-15.574190072372136,8.075540698064149,-3.304104640526943,85.69810193607461,3.703871866983467E11
1,37,-0.8671944281905528,-0.6208721431951051,0.6647890290084039,9.381124584258737,-9.156448723300015,-16.448288035507215,-8.46192662936597,-0.032223330180751575,101.38706310877507,-7.506240792111492E11
1,38,2.5511839577171878,0.84699683356309,-0.9556057226271932,-6.985046679501634,-7.746244772766766,-10.441930658671215,4.656878377778538,-6.034030105192529,122.07612002654614,1.5212095030923965E12
1,39,-2.078841312180533,-0.1297211478918187,0.24950393790526532,9.051099301993231,-6.548027577685542,-9.930786714704851,-11.30049593493113,-0.19894114587886846,136.41636653331332,-3.082872527703795E12
1,40,3.502655924376297,0.7638787123759024,-2.2561003272964224,-7.3278380503656395,-6.3889720612564975,-7.8317094801011375,4.745452272634989,-5.125726578373258,154.64382530577788,6.247727878643353E12
1,41,-0.9705697445481143,0.992454709932352,-1.4298226677533388,9.932975748991236,-4.693140490666259,-5.515235455613818,-11.895486917738179,0.6606004580216027,164.48410768884654,-1.2661601573053406E13
1,42,1.6667709292369537,1.4941116429382282,-3.278289291701039,-8.495155356264641,-3.249157464945613,-0.3048395469009555,5.796015940369967,-4.19075075041837,179.34600671764136,2.565991309273654E13
1,43,1.3174672130946399,1.6938102064209923,-3.6667040680240155,10.122917088501257,-1.9003071764355774,0.3891308886342518,-11.263668637956988,-0.483245986190477,187.73287366672264,-5.200220020597194E13
1,44,0.16931493741471992,0.8694436767017499,-0.8782780716603031,-8.133525117309151,-2.68532744104,-4.191465229360789,6.356809796076384,-3.349568468471694,200.9624879167764,1.0538729482367102E14
1,45,0.5245642243952232,-1.443433054024048,1.2794965556715678,8.461827778450424,-2.5190588562353353,-7.497065555105955,-7.572883494502334,0.3152924526157013,210.0268663383858,-2.1357715377957875E14
1,46,1.076498401168712,-1.7223371147868507,3.6846963737559033,-8.698827245503454,-2.878178874036159,-8.716467070169756,8.31513959991979,-4.248708895164801,225.92205962778505,4.328339644059643E14
1,47,1.5492096237500195,0.4269892988859727,-2.0270723943209927,12.23007571133554,-3.440094263599123,-3.825490596739,-13.434228034677716,0.9575150885740928,236.33134511187228,-8.771782816096844E14
1,48,0.1794547559311035,0.5965776531085756,-2.4335169577299918,-9.949450351400397,-3.3319411822567604,-2.6497075653506683,8.101228397063593,-4.831777985734434,255.09942708765712,1.7776833636046902E15
1,49,1.7404323339681795,1.0473812823641562,-1.160345522610223,12.537276013360263,-2.131784696629563,-0.43146246225802143,-13.294594834008604,-0.5815175677142723,265.88487138401587,-3.6026406575389825E15
2,0,-3.932462903450306,-2.741384813778992,0.6912567900329798,1.4075931162293027,0.8484088398923744,-4.2837159111956655,3.1134343687519013,-0.536340843534874,-0.5334069691968049,-2.595056956318385
2,1,4.232371012249299,-1.724545205764579,3.2216588255532708,-1.5532657028842713,-0.19574192630046527,-3.073681629433235,3.860840335800443,-0.5291841183055372,-0.8070189621147891,9.70847729220395
2,2,-0.509909464041591,-2.6621263208981087,5.592800557501066,1.4309541259766458,-2.246342563964693,-11.365187013072678,-0.6279359522048733,0.8909562749935238,0.45053868527753665,-19.160221302368136
2,3,1.3831671042394031,-0.7568954554898613,1.9548138254455953,-1.500416699127621,-2.3991624081248646,-3.9897654109743037,1.909136998714486,-0.7195365383899075,4.688894261757611,43.61237115143901
2,4,0.9398163099500464,1.0684937072038823,-1.6280739494663128,4.332052213688138,-2.4877101979853107,-1.3804722251342925,-5.154162495253168,-0.9432593387335563,8.409703442635044,-95.21482343913445
2,5,1.3148269981810152,-1.1260855423356424,2.1006405628346334,-4.023509085766568,-3.1321683836139242,-6.22903500358975,3.729895210427971,-2.1965550157909686,15.029202020017259,193.82725430347824
2,6,0.8797152253181791,0.8635299131399001,-2.097282673746014,6.2366233388590695,-1.8779849073017192,0.5333117728579267,-6.304219530988482,-0.5405214231145419,16.645775145846745,-407.3527875204842
2,7,1.2286843832570489,1.4815787783812477,-2.8549511702608745,-4.927349075982311,-0.8412858269800059,3.6759331164719953,4.509669026084034,-3.0592406760724504,21.42314866382466,821.4091492868106
2,8,1.0034931455426424,1.6025232966136964,-3.5410544320596262,7.426367610141904,-0.025686580326721414,2.734091202157531,-7.179441395391631,-0.3294858319150127,23.103597702793213,-1684.6346111941148
2,9,1.5846031746360048,1.6801890466083467,-4.062342206292565,-6.028213919114254,0.6255945464754769,6.50767200714991,5.298801788991886,-3.6925198080369435,27.847304316457294,3409.5723855695423
2,10,1.1849814820020192,1.2524454952820374,-3.9024686716282844,7.64080343130372,1.916669574903695,7.52624117408746,-7.285259150237673,-0.6736586154936421,24.706399934485795,-6931.479318718691
2,11,2.146865685886494,2.747686829017753,-5.167350353249437,-4.757914129518051,1.8392107478651412,8.964856456881353,3.2264712352566858,-2.4166101794967396,26.06888997570099,14039.923384366997
2,12,0.5504769004585732,3.0312126230771392,-6.0706051919610875,9.114764046294265,3.8222267071440785,11.860901523220587,-9.796387197426576,1.430038615093181,18.410419461459494,-28472.8888925442
2,13,0.7140020836704581,2.2677486350650264,-3.4352167564976677,-6.086343601435389,6.065816186224657,13.611593689322037,4.113343162197881,-2.4319557121924484,13.435336819002613,57702.3727213302
2,14,0.25008088884927016,0.9788061325802246,-2.6711901081531737,7.133858755966649,6.316849051936748,13.30956027964594,-6.787109288816169,0.19007753785800677,4.454395207874972,-116950.91352129716
2,15,2.4991512041155843,2.150715121135996,-3.74679166089804,-4.966847600905013,7.615971813618901,16.96516728780736,4.6373278398465905,-1.7812558567147518,-4.679926914927479,237018.19900253238
2,16,0.7114355528432821,2.3226087246016895,-7.107388907947575,8.862659844489043,8.816740072600862,22.844854860535552,-9.244882401660758,0.9490354638481823,-18.283517733905107,-480343.4594295823
2,17,-0.6000931672529468,1.6821503044933204,-3.9654576830954777,-7.3248917972601175,8.836179849064875,17.16697480621023,7.024810203445035,-3.295771977576488,-25.705506128015642,973482.5486553402
2,18,1.696027613615903,1.500501573262935,-2.427974081268595,11.584795154836748,10.046707463694712,16.97130935260468,-11.747305328657404,1.3119695721226239,-42.563300701374246,-1972846.7190615216
2,19,1.4895636764510596,0.2519732113170865,0.31482290196059315,-11.033371207351168,9.242478985980123,13.600203400276055,9.139746902490339,-4.45470424445707,-51.261351995794776,3998194.385348917
2,20,0.3309351585781371,2.1205541369031904,-3.2518515397721757,12.806406068103316,10.445072520047193,18.959241739899003,-12.675411394124833,1.222899702170286,-69.23648975271395,-8102693.085151076
2,21,2.2442394562568233,1.8053700681454903,-4.758532674291066,-10.312930515223412,11.124284649524244,22.45484495853232,9.556879499193315,-5.1874807128753435,-79.69301591368982,1.6420913474573122E7
2,22,0.4530414725583947,0.4962903559755897,-2.130384548874054,13.62980856184938,9.788872245632472,17.64008944075475,-13.971502643947254,1.8392235123324028,-98.122148350883,-3.3278474725944165E7
2,23,1.92121351041428,1.6018429818598736,-2.707994094246505,-12.180190004887564,10.890355334029945,18.572033152117328,10.445713747839577,-3.272357662805712,-113.28413223420584,6.74419948704413E7
2,24,-0.1412179471915661,0.6071471525506775,-1.4215560241634135,14.02345152686056,9.09571180262428,16.217399802840667,-13.579953330839103,2.642085948208847,-135.84832360366056,-1.3667742075098044E8
2,25,2.951558638242125,2.5150235893350126,-4.791960557601123,-10.011681476631749,11.135661849270681,23.998948759962566,6.76978929926497,-1.7298177515335151,-153.48955671278037,2.7698959181069404E8
2,26,-0.09194304268482673,1.2631015236542769,-2.3695115959857134,11.019256758921408,10.84023919717129,20.12122308079234,-11.804020430571853,2.480899961506854,-176.58554246456694,-5.613450903566756E8
2,27,2.3474183580702097,0.5426883209670431,-0.8065623698005505,-10.741543870581715,10.50997085667894,18.79132290196148,9.346269937208016,-0.8867017174175043,-195.6902219248244,1.1376181435086493E9
2,28,-0.2613306701142737,-1.1960695589636061,2.2166475401188914,11.692054266602492,8.626682078353683,10.77218915215289,-10.347397298490224,2.5286179560046893,-216.0615046504842,-2.3054888656238675E9
2,29,0.38172420619651803,-1.988487214411377,2.674056829479385,-13.112225593125956,7.580962206796189,9.224132463592007,13.307142041534988,-3.5065150129466907,-229.07117072945337,4.672287728329537E9
2,30,3.3557061606741847,0.8313059741092335,-2.4377555578935777,15.980501306302967,8.195454301465361,15.989672493812582,-14.336593369376061,1.9941678301845296,-251.35650248294291,-9.468825484455334E9
2,31,-1.3559068492047874,-1.6189359333992073,3.3869499865208557,-16.919619524785627,6.729365410837975,4.793409782237946,16.17475555017518,-4.748411647808383,-260.6486158734281,1.9189455584790276E10
2,32,2.9002089132082673,-1.2432814751534775,3.8498054587409554,18.56487779056019,6.228514265628174,5.471046047994058,-16.458413071978097,2.9263499157661133,-282.3315393377015,-3.888921620100262E10
2,33,0.2809667382287628,-0.8812947143430628,0.023360091504713187,-19.35098996247376,4.812419555261302,7.097945545198023,19.378750615744366,-6.6539952273560665,-287.62964496667473,7.881261342867546E10
2,34,1.5993294507891178,-0.23401255824875394,-0.37965442386723397,21.132636795095074,3.97724921898183,7.590516518142196,-19.270310842231652,1.278498713475307,-304.7584307573819,-1.597210904043299E11
2,35,1.8450543069432448,1.2169094849306943,-2.5730192084227324,-21.116841286219593,3.660782108538947,9.904005661745241,21.44706469146903,-8.233872036878706,-308.28763239713055,3.236896436530254E11
2,36,0.6224577539584091,0.16453280331914244,0.250300155974887,23.299175667900442,3.086136516950793,4.217016011523812,-21.729565587960895,3.053941928580775,-327.3795993328003,-6.559871652438927E11
2,37,0.487005610455732,-0.5429962269036622,0.6625874571000354,-25.627567405903157,2.8738143000519605,4.255959660518555,24.404652773714137,-7.648606184840242,-330.72233830252134,1.3294189961411553E12
2,38,0.8065101115955845,-0.4122440539870599,0.38570643147698985,27.99357962260705,2.3310702085915627,1.5001441876370551,-27.25505244710105,4.599937775219749,-352.07884170350286,-2.6941912289811104E12
2,39,1.0319539999631897,-1.1231710355594462,2.203703053992968,-29.567221451745553,1.1558398162929338,-0.05317491227911747,28.24589084659587,-9.122143289005747,-351.427304853271,5.460029080447601E12
2,40,0.8039003723441502,-1.3172375562591594,4.014014004482933,31.963826493972835,0.45336151654337686,-4.2411360969134275,-30.97975956410797,7.3473138833214735,-376.08978706230016,-1.1065256703753229E13
2,41,0.9497345582894737,-1.3092932049262371,2.3346843998846283,-31.715044351032326,-0.8205537279259003,-3.476944608820508,29.91529264051465,-8.872685044247545,-374.94873524633874,2.2424771758362273E13
2,42,0.5275187120686624,-1.597652150443082,4.624679986199571,33.72181145965411,-2.5046553869436385,-7.948184524247616,-32.32149679169675,7.495545666529788,-396.8937434770444,-4.544588542955407E13
2,43,0.18634519412054384,0.7639490517083856,-2.2073985544443993,-33.7884128606663,-0.743611542767179,0.5910739179000781,30.715524516399917,-7.413939044721085,-399.0492518524325,9.210031320472142E13
2,44,2.401871998206523,0.3362858330313722,-1.1017845986665518,39.55045846020853,-2.2723004215021643,-2.660365992474622,-39.61830110553551,8.754034842610178,-423.99351363244233,-1.866498498642978E14
2,45,0.3700846442049682,0.2787494221124485,-0.20939384720667964,-40.315249359975674,-2.9273708628371766,-3.613177502858031,37.858574263170134,-10.436497726828145,-419.8695154072812,3.782632788336411E14
2,46,2.590001385528918,2.1632218860224603,-4.59402037376155,44.23932037329068,-1.6574980526517893,3.194260340511194,-42.88589596627991,8.162038603075613,-444.77713161735005,-7.665857123264028E14
2,47,-0.03541126996806012,2.6694530978970095,-5.920858608306236,-42.64006699484872,-0.8623518966803113,5.801852168727304,38.51342799488695,-13.35067481279958,-438.5921264724158,1.553557237052542E15
2,48,1.090363501336013,1.2909275871646566,-4.320613503042557,45.98057729723593,-0.5004117089548251,4.623600678340689,-44.2524855631691,6.912388542783885,-463.32129282544844,-3.148428218774422E15
2,49,-0.5796021646942617,1.433356768332804,-3.0587668283042495,-44.66326377773152,0.4907330157267216,4.413435739820498,41.3021853103408,-14.036106797836453,-459.10631764504114,6.38058258322213E15
3,0,2.1449284493689182,2.4433557251991833,-1.7456797446688668,-3.795863999019129,-3.3080901035443646,-1.6660375760106336,-8.441981165642346,4.201267103978822,-8.268465689040246,4.385271138416703
3,1,-0.22641056606423432,2.3252503213046696,-4.361963011550867,6.6853439442800155,-2.7853455818433215,1.0838573275406787,-12.487105832252169,6.017504547124789,-14.192650897230836,-5.826097879789442
3,2,0.3997247808478246,1.2579021435040016,-1.934311794984414,-7.2381345250079665,-2.46906573939709,-0.6252019696650934,2.914105039316145,0.9748196347694831,-13.803567356691405,30.41895685877258
3,3,1.1365809114783878,1.340984850259673,-2.7718052494304737,10.593128755140848,-1.4360140964877688,-0.18179525483437842,-12.691055921843793,3.620241906557328,-18.09711756787026,-62.24078229076565
3,4,1.1193440574104807,0.9641695107000968,-2.45443540992731,-8.627601915269567,-2.3168758042067887,1.1022402712202501,5.447104516346442,-1.686168755822597,-14.735734696420845,146.70797628734272
3,5,-0.3933369802375941,-0.09239955616364293,-0.3417653495811398,10.14259701295209,-2.649941496535271,-3.1930555603947446,-10.76577486358819,1.6746112380223135,-14.206942023783856,-300.53518545336044
3,6,1.1155532255435145,-1.0379197151224004,1.781843232745579,-9.917615189514812,-3.4108002084089963,-7.51274908653216,8.379611061741324,-4.9633366068777365,-1.9965185119141335,625.4614541992172
3,7,0.45854376044091827,-0.7378954021729531,1.6003785271411015,11.456760554149312,-3.607380269886274,-6.7131738140108395,-11.772716593453353,2.083831549477977,0.12071194899695592,-1279.888295271318
3,8,1.081780584945637,-0.5279210808807083,-0.22298126453099798,-12.534153791209468,-4.450328149252952,-6.879818522414476,12.967904425294968,-4.908867138327529,13.494341995713217,2608.0047363945537
3,9,1.2556158599408964,-0.019978242828228965,-0.6018158419151673,13.415506255281539,-5.021655961694093,-7.781575567176502,-11.742801969761976,1.7048513610703897,16.345025017497143,-5307.0447175480285
3,10,-0.7809538199542484,-0.12608351749834212,-1.7058030024947444,-12.94449726616285,-5.199394663603487,-4.943747076445417,12.195181263832309,-2.94393854800907,29.396829439577125,10760.224385748475
3,11,1.279958749282265,-0.742765489475776,0.22533084133580028,13.663307507143449,-5.816947080685912,-8.893084845550188,-12.972372628464274,2.7408688236620673,32.39870888466272,-21837.18530291894
3,12,1.2175366665440155,-0.10323949538733188,-0.3704605820486286,-13.464819847223282,-5.922898959557781,-8.75694615249373,12.173468904751799,-4.739664219019546,47.91667951815397,44250.59741877535
3,13,-0.8501342945996891,-0.26675364685844444,0.4491401702921102,15.66380092836721,-7.405973503566878,-11.126503137810722,-15.711166267870631,3.082805880515764,53.2263926139434,-89720.04676325094
3,14,2.7970426382217695,-0.4909868404634956,1.778509318544724,-15.714471826258567,-7.255714451834607,-15.56375466228812,15.234378013790542,-6.057089819420492,71.94430929629537,181813.3587506227
3,15,-1.943139188519646,0.9513684233115522,-1.4847333221209453,17.40075084100202,-6.77463012516616,-9.779585785418917,-17.710148722979035,1.9824835538757002,81.24181332959509,-368520.85690139764
3,16,2.9663154309677475,0.6356346685896894,-2.243390037428005,-15.496484313657362,-6.607944692801412,-7.712993775510401,15.107236822034618,-9.159964811805395,105.43507510475806,746807.9228114383
3,17,0.2785241670901317,0.39775364420713516,-1.1203389880109345,17.47743311892079,-4.773622433882884,-4.832132687885743,-15.279445671763877,-0.22946215878196174,113.78576429624312,-1513552.8756988584
3,18,-0.6327619406278324,0.41693432657051,-0.16643358477665793,-18.08429271259588,-3.7799376592407636,-4.608724634393576,17.09534279811202,-8.268065825103147,133.5179709422667,3067311.595597982
3,19,1.2411018375220597,0.08969541305343331,-0.8230587464205106,19.942660227647075,-2.5600362771450835,-0.45854981832153063,-19.80696120909697,2.604303268630312,135.49800030346495,-6216286.331187616
3,20,-0.4358524728550158,-1.655215507084318,1.1537074468307396,-21.79651734281671,-2.7869960557029794,-6.093231436871284,20.86053723491921,-5.217696398105079,151.0130727643162,1.259783141696892E7
3,21,1.569369633194548,-2.3250437351121174,4.5945734108416225,23.14911192707732,-5.595008230875902,-13.594343943606868,-22.582960163322234,3.706583645750068,156.74427514792285,-2.5530785122790452E7
3,22,1.445609226333957,-0.9308974235442051,1.7108947938256813,-24.95065994975448,-7.155908697526032,-12.072423030779536,24.372922575260215,-8.709369418652402,183.6914345187323,5.174045048923401E7
3,23,-0.23998233640122268,-1.0365954258692587,1.584540229965308,28.74930463797197,-8.172402810659495,-15.888120410453372,-26.870942330110324,3.295778659186922,195.35700192301252,-1.0485696695322965E8
3,24,0.8089768044965248,-1.753395156834014,2.5558236826682292,-30.824334405940903,-9.415133199218737,-17.313017880899622,29.662954440035342,-11.129695135935963,229.72072431912213,2.125023170195024E8
3,25,1.536254638927583,-2.0596553095751196,4.21643279121606,32.18788714570906,-10.36632493792455,-21.24676641540295,-30.266161345005756,4.044374156252988,244.0562707526667,-4.306558702916328E8
3,26,1.4914703601347572,-0.06864990748941158,-1.6119273066493562,-32.918549998626155,-10.27247975315953,-12.339639185154148,30.558433925563307,-11.36643734598196,280.4803945191748,8.727640709412203E8
3,27,-0.7817796298595141,-0.06527905675650073,-0.2562331254152612,33.72574477966381,-9.983381479582494,-15.977737334069943,-32.54159261415404,4.275462175751242,296.8264472786054,-1.768737745800492E9
3,28,1.6879560403943985,0.9963066100125233,-0.7343907627237247,-32.71494609859924,-8.684103793724328,-8.907377632374303,30.738976146594567,-11.209150299888252,334.31477018630585,3.584511400896191E9
3,29,-0.6644429601460662,2.6654538277247766,-5.809358061218012,37.605906975724245,-6.120004336840881,-3.5337243630102053,-36.4918884087188,4.895081944846671,344.88331359809234,-7.264345930418769E9
3,30,0.42054054748539227,0.7523532398537083,-1.7297018236019324,-38.68286972335107,-5.130778360920663,-4.846946366913391,36.11981430785453,-11.339086230061683,378.542776030103,1.4721872449529306E10
3,31,0.3652230733609928,2.1798139614248195,-4.199732018404894,43.97459834154688,-3.7708479604205993,-3.4857112834981017,-43.706664210087666,8.423986613354426,382.88620401444246,-2.9835243877404156E10
3,32,1.3901152579394178,1.5722393588506405,-2.563476907652043,-45.461449982391294,-2.2164584791610045,0.19554219158828057,42.61912353531736,-13.601112105081297,416.3439597449037,6.0463896178189835E10
3,33,0.9183275728500432,1.2637269615795228,-3.291313342939028,51.435134168063286,-1.233010591812232,0.7642732844452611,-49.90173345293579,8.9012966076365,418.91904546049955,-1.225357089172533E11
3,34,0.602853478370825,-0.14652782225000027,-1.5646099391768145,-53.52633845813134,-0.8012064614936782,-0.20018818164169727,51.68806514249044,-14.085090525622322,454.5604596356868,2.4833000953955286E11
3,35,1.689877492198782,-0.1644899459762655,-1.0213105198787595,56.36901722126669,-0.7533984137438142,1.1313282940574279,-53.35526515244145,11.38400228634702,452.53870215980896,-5.032638588598812E11
3,36,-1.1232709684924058,0.13569630857306592,1.168567723962823,-58.529980138817265,-2.7109168701798456,-5.744529488426765,54.68147369184325,-15.537830075237054,494.55581602341636,1.0199110123806066E12
3,37,1.5564098288555566,2.4601733826304155,-3.514663691079053,65.34114278857169,-1.4529178639564087,2.6566907083131137,-63.4195881176086,13.570649073991692,491.3284871588901,-2.06694451672336E12
3,38,1.2557740531785733,1.310120236802021,-4.251020633796083,-69.00066693376635,-1.9020024739127375,1.5264095235916755,66.00524572059133,-19.97940435784119,537.5992315698066,4.188855284877913E12
3,39,0.37479680694324125,2.690719019893796,-6.321056398983303,75.97590045753549,-0.7354612106890992,8.49761213343172,-73.04452412438306,16.18942864945048,531.1729238038286,-8.489104790803236E12
3,40,2.2460960973190973,1.825142486051487,-4.197932144315951,-77.10119171233767,0.23683646367667419,4.474386669660804,71.22142669433927,-18.757369212927255,574.7888034860293,1.7203960329062582E13
3,41,1.1116950148515454,0.5470149897889276,-1.2285496949347199,82.41404031386503,1.0652704733441414,4.173891662399473,-79.6857595929739,20.44266317020378,562.3561369441327,-3.4865425543046566E13
3,42,1.1436684941693667,0.5598263289119155,-1.3441806123479083,-87.16201343494517,1.0024341986965757,2.83998537825631,83.14574028415625,-21.839777616107998,610.2858063570558,7.065802728147022E13
3,43,0.6406131506321882,0.8423395367005608,-3.228293504308966,93.35971708685766,0.19633818917886336,5.391990850827552,-88.59404170845721,20.955462418417024,598.0056967057769,-1.4319506334935756E14
3,44,0.589579635545632,-0.21526316504939702,-0.49588003578719486,-98.03637179182563,-0.8188367806241368,0.8952059640211899,93.34049121593183,-24.38463245992049,655.5876451858198,2.901981127475789E14
3,45,1.2029184726660722,-0.06195913688509796,-0.03352386902939723,105.1695669315544,-0.6557079480335065,0.0188991252339058,-99.94175249628293,24.450587849731733,640.6575068715898,-5.88113463359597E14
3,46,1.199726399136897,-0.23417854732969318,1.497316382304163,-110.05569061508614,-1.4812126464824682,-4.434815262448221,104.49904642799932,-28.9002739656526,705.089842381296,1.191866626938855E15
3,47,1.3793730079945208,-2.0041746916163024,4.1448424632567695,115.90098449295739,-2.619166197008103,-7.467946234753664,-110.15162054183784,25.462598634554357,692.3274156651855,-2.415428560836395E15
3,48,1.2209516138320204,-1.5956220150715583,4.146563772005727,-122.84824230350833,-3.7248179210146253,-10.15953315081735,118.66713503409024,-31.719746639737597,766.2885987959221,4.895090608826967E15
3,49,0.2491751410027082,-1.4711692824469536,2.3597929605241603,130.28311487965658,-5.536074910456811,-10.156188757083193,-122.3235498502043,29.46693104057649,753.3991626766285,-9.920356352965866E15
4,0,0.7480814561420928,1.91009210308725,-1.2422164277246184,-3.6840836944112,-3.583116323798548,2.2761285270314153,-5.999325375536534,1.08762195694199,-5.396809510777331,3.7792452014740268
4,1,1.5960176568536415,2.589072942337626,-5.38084919504594,7.51881148647831,-3.034129788904833,0.9377512662961269,-11.950193096290754,2.4538153447495326,-6.429693488793018,-12.118110745299987
4,2,-1.2711723348136847,1.1700625027988714,-1.9539306070125013,-5.425690562007463,-2.9187788813214532,-3.2061874136633706,1.391303555100925,0.03324433058308296,-3.797633988191389,35.051105530341616
4,3,1.4576265405987474,1.8150852684959644,-3.4910929449414367,8.414504732868732,-1.310583123002028,2.629604681276359,-10.77149245349317,0.7363579684730155,-5.496296495182922,-76.98451219100471
4,4,0.8221186780036106,1.9436740182742631,-3.7612275925309655,-6.61490125740689,0.44271393242384827,5.415482885447775,3.8455914858107336,-1.383029526209978,-5.835959424724911,167.99713027815875
4,5,1.6834951716054052,1.3316207122526609,-3.100101476705677,9.659939830962632,0.11593054871524355,2.945029104089767,-11.5512348733989,1.346008928862453,-9.024109340789048,-345.1714862873288
4,6,1.2358141940764873,1.869000900830665,-3.1180480838581293,-6.982208197430641,0.2724631964146089,4.57950185102848,4.571506612456556,-3.7445549389972674,-4.16900035923839,711.3461362345536
4,7,-0.6046873792388244,1.8443722578280843,-3.597438948550288,10.029868257645118,2.5541987278523726,7.548148954331113,-11.639070730815725,1.1137541243784193,-9.04409748265235,-1449.3776826383203
4,8,1.8590065644378495,1.3480640361008815,-3.870242047412596,-7.561221850550697,3.7215185364755428,12.367041411568177,5.059988136609897,-2.1946265474942477,-13.289164340703303,2955.3913406071724
4,9,-0.6062340090808735,0.45445814415577984,-0.7807600310450005,10.95448643235739,2.873873419314872,6.834285290147995,-11.64596466253596,2.490393862566819,-20.790753374622458,-5991.6882036603565
4,10,-0.4217468206755792,0.942189729714632,-2.570895898335491,-11.033822324771403,1.9226650647301753,6.294084464767492,10.155873625291553,-4.394322606970676,-19.372771075949824,12166.564534049594
4,11,2.9737373875474438,2.304501666806382,-4.165565652495442,14.617112056545484,2.890317230061138,9.02557662871735,-14.559231189529374,0.40683806768076014,-26.930790778587,-24659.76289939994
4,12,0.7513093255836181,2.6424941172413186,-5.034070648960637,-11.784603775628186,2.9383173865698717,10.475125766308153,10.306129603819237,-5.191888713577694,-26.15653343863462,50003.849080387394
4,13,1.8362902587339942,2.7683404221757555,-5.000177698438482,16.05367234208404,4.0399378711610625,10.713265739133734,-17.063639622607045,1.1207919254591063,-34.60833204946177,-101338.09304567584
4,14,0.7410933986674557,1.1458389697747309,-2.7115496987434926,-15.12877663595621,2.8277047914166458,6.762829311024435,12.825594218473476,-5.447684541662575,-31.272541496479324,205405.69173159095
4,15,1.823678950112264,2.3776643746172192,-4.55010521502909,18.955979186418173,3.014186112069386,10.584041257894995,-19.878813412222712,2.7878315890789973,-41.52934253602147,-416274.4387282459
4,16,1.0882449668057683,0.7529978371739783,-2.2715462710920526,-19.367578865797725,2.456216199301115,5.294406787782591,17.675033484663,-6.42782166254018,-37.29472548984688,843661.9452770806
4,17,0.5149755895506716,-0.6592859240964037,0.5446132819092928,21.12320793823384,1.5068402647852064,4.218770243710524,-19.889550974208,4.452821243831721,-48.53675744885503,-1709759.6004635508
4,18,2.156607525497981,-0.9591245613089565,2.4051186438667242,-21.3714496631301,0.4099356701181131,-2.1200119464320952,20.33571925111589,-7.19268009345329,-41.86473016884689,3465036.0460493825
4,19,1.791331501779753,-0.11701548703995585,1.6522789061055685,23.654131489981236,0.15362219612275582,-1.6978628768907444,-22.605405743576643,3.6319290285975425,-50.586849981611735,-7022220.766644062
4,20,0.5883877707770103,-0.6555351460961774,-0.09498518778434084,-24.794324553191252,-1.4762914645368577,-1.7643359254343434,23.914322368425964,-8.051194442217966,-39.35931343165478,1.4231237695292607E7
4,21,2.467490625298648,0.27297918611194666,-1.4815674639677312,28.057775995777064,-1.7738902260577896,-1.388331649102944,-26.22071931941353,4.213722670981776,-45.22394006054,-2.884093488754195E7
4,22,-0.7294672141594745,-0.6906575605864331,0.8097390843994395,-27.981284873856584,-1.9542353787279068,-2.7674554937854356,25.129041715518177,-9.278074210288233,-30.505564142309012,5.844888862992607E7
4,23,1.904035307663525,0.7803324420086879,-2.080353753120437,31.46641537574404,-2.9808698438353822,-3.8187993796232753,-31.107837620919156,5.516387520007177,-38.089339676069244,-1.1845212529841202E8
4,24,0.6285510934387754,1.341308612607897,-2.37562338084189,-31.475353277703906,-1.291965847719791,0.04467522778460198,28.85226581636943,-9.765762746431866,-24.4332468635461,2.4005430254022744E8
4,25,1.411746663715056,0.2088052191300841,-1.8857779601791975,34.41005847770758,-2.445696849848653,-2.4215753427032833,-33.163875350741364,6.2010548837131365,-32.07855687165926,-4.864923910976286E8
4,26,-0.3060915046855881,0.3322390844663728,-0.6315011868568383,-34.71131760826106,-2.0273432276502534,-2.346267683803089,31.877084702306345,-9.13281621222377,-15.721096967767439,9.859221264560674E8
4,27,2.10534822462054,0.7013704657839399,-2.3861858835681184,38.27500443918834,-1.327722135559965,0.9678604969078857,-36.629537537975196,6.952452720098984,-26.049049398309208,-1.9980629085323129E9
4,28,-0.015037207342094183,-0.816428402057106,0.2707419566557213,-39.16093074651213,-2.3487551657541346,-3.478414366491516,36.4457297841059,-10.85739607984151,-8.401496915720442,4.049260355292106E9
4,29,1.679692078798574,0.38919151674846353,-0.8154645799259048,42.94757395999524,-2.1552856905720468,-2.775300575454285,-41.60016697645398,8.985215636993557,-20.501825121898804,-8.206202722077254E9
4,30,1.5899665070715854,-0.45414448380553873,1.5601726977151755,-45.55107982625646,-2.7645160430856914,-5.047448270894458,43.58929482582806,-11.90978354760485,-1.1216672125696556,1.6630633036465616E10
4,31,0.3924700621346797,-0.7853764103284986,1.1442239961230602,48.746807732370414,-3.5302664596572595,-5.60863130894426,-45.75952837440202,10.612807349141287,-12.551435404828718,-3.370352451616856E10
4,32,1.7901771145441,-0.9715271121270758,1.7856373397998886,-50.90196801734515,-5.5965044593152715,-10.978676754627296,48.52276593138235,-14.138417530809267,14.009331951855295,6.830332685595575E10
4,33,0.4117535457586322,-1.264846580290679,2.1610948809571875,53.36847999014105,-5.951969956371992,-11.695566543760611,-49.79018337353647,10.417962910001496,6.848962601499246,-1.384230440187286E11
4,34,0.5533908788353524,0.6624591466516568,-3.508963251247121,-54.48869886298677,-5.829382218720676,-4.946416649999657,51.892672328283204,-15.558184297246033,36.9127695819558,2.805271718364889E11
4,35,1.4337107547880499,0.45180869554102354,0.6838095823505781,59.074001220409656,-5.382647380050812,-9.903471437942551,-58.103794758088185,12.80710459114515,25.123046199494233,-5.685144023069219E11
4,36,1.293943796304736,0.019369245257184142,0.3227488668328081,-62.57450050425566,-5.749999178203166,-10.673397378356636,58.786297294262496,-16.362347697652314,57.04048369534129,1.1521473070912864E12
4,37,0.8587901467252147,0.14975918830043983,0.3972335497912954,68.05793351512202,-5.376300977319937,-8.01133706999596,-65.71013249603268,13.416652021473016,45.03931070291347,-2.3349336654487046E12
4,38,2.007573046161824,1.2970455948926987,-2.2466243128812,-70.56665033567005,-4.367438953370011,-5.013142966398932,65.19733400084132,-20.0301115670024,79.40891684551111,4.731960217498802E12
4,39,0.6710624378540717,1.3374295193875168,-2.0636091216414707,75.79039066126033,-4.248782267894998,-5.545036526401946,-73.58564524191387,15.066360140442523,65.44941920843333,-9.589757444244404E12
4,40,1.2203073315110096,2.159781731077434,-4.62203710954524,-77.19518330779208,-2.9917217376139087,0.8120451160461983,71.07657650418653,-18.891842023606394,98.27354471286722,1.9434535290129695E13
4,41,1.1372214356970327,1.4261745312523253,-1.5031010994377956,82.88953793504287,-1.8534492134036662,0.24324669134491628,-80.93219323010443,20.30485146887275,72.85299078991372,-3.938589314064702E13
4,42,0.38977211072578405,-0.2757630954946261,1.0504551971738505,-88.58600942961154,-0.8391488607947688,-1.682044553760767,83.8110914730035,-22.173961273107796,108.70314150667454,7.981917526321786E13
4,43,0.9637827753238117,0.8864718060879583,-1.6330407737055939,94.76466994255863,0.6293861614793292,2.2429633002200724,-89.69583219941022,20.593616271525438,80.33882107012704,-1.617609817035518E14
4,44,2.086490985110924,0.8095404333815366,-1.2948966106663948,-99.64040819882005,-0.5191304583537002,0.031199082108529508,95.9903599118805,-27.28189844464138,122.82678970699187,3.278236728879632E14
4,45,0.6001135479908537,-0.2007334764399401,-1.1403275310721204,105.5973513860551,-1.5197517087073757,-1.3399054094529834,-99.20476569096385,22.683319995767892,92.95607988165203,-6.643651600897986E14
4,46,0.8672954912076426,-0.4461655861605265,-0.30856411970446196,-111.70703241454521,-1.6056944789367866,-1.9637507541218908,107.31126366395623,-28.362152709917726,140.99960285604712,1.346397781626627E15
4,47,0.6285421460911345,0.8927070459265353,-2.29466763380314,119.24192491695462,-0.6253201040221459,2.525454064368611,-114.83231839195048,27.126114742915927,103.83145087534096,-2.728600316916265E15
4,48,0.9103798907868027,0.6284486015784954,-1.0529880973529566,-124.05719546663856,-0.7946733557968321,-0.3268141620806866,115.37397185237252,-28.76393803298894,149.9808451790389,5.529762296904735E15
4,49,1.8033940625024278,-0.6899316809660638,1.63420334210231,131.83431688143583,-2.3807784363184226,-4.999970219298495,-126.55286006417415,32.46214794179367,107.62137689722626,-1.1206577552122918E16
10,1,1.3093897574167181,1.3765641020751533,-2.2120232176321677,4.753787146212489,-2.7297106523444157,-2.978783148649169,-8.593994763211674,0.5738259080727193,-2.5159508252768124,-6.326259494088753
10,2,1.9176093766616176,1.2407229047078587,-1.9847617455301492,-2.232947206301847,-2.5596991877910082,1.71160490168618,-1.0176107364049491,-0.06259318851699613,-2.024845449165179,19.717095425389363
10,3,0.07683898281712187,0.804720453783563,-2.644302282922165,4.635613604357726,-2.814618611059297,0.31725008421579215,-5.551926511987977,-0.709011552556122,3.0358536602504733,-45.48867454903964
10,4,3.105968112218234,-1.2878646802162614,1.8684921873246327,-3.9661851963155645,-3.3218189658813877,-7.099412487628934,2.876601130774401,-1.0626391002973319,7.087373700998579,97.17009638105972
10,5,-1.1162754364263057,-1.521505641552758,1.9611172071393561,4.749134415651292,-4.252732673641921,-10.783068528130013,-3.6033353772742753,-0.09150665245011647,14.223892300872508,-205.90895260958536
10,6,2.0270248492585528,-1.1177504734663999,0.8964257996705332,-4.866489557867861,-4.838052351081454,-7.161298877328015,6.773913445006187,-3.6410313323594723,23.850904116194606,415.03756873946645
10,7,-0.5326279962691466,-0.2879267625776598,1.429180793316089,7.9988612028029165,-5.716603219861441,-9.30988730070155,-7.487006834977669,-1.500723989068547,33.89201829712073,-863.3845645010226
10,8,2.3986803554393226,0.1647141568484851,-0.4927578522091948,-7.354410350538616,-5.889532756107333,-9.002529626129308,7.293956650143022,-3.814519200072449,47.00567466347653,1738.8893581951402
10,9,0.14681959292647254,-0.014715810442384514,-0.22445204838341323,8.538180670413269,-5.025374169519814,-6.743059582784057,-7.362466634637925,-0.350390901358123,55.080771654956635,-3559.5742347557457
10,10,0.20347241260958837,-1.608764475055241,2.5959154378468448,-8.483007962443576,-6.471704735519955,-15.074750059430436,8.77939628067443,-5.5123351399580125,74.5864478333542,7189.5569927089155
10,11,1.292189209124504,-1.2881928700760965,2.957456280289263,10.081760631417083,-7.3158685261065575,-12.954246533457626,-9.538899546010533,-0.7878556760703813,87.64386852079716,-14624.073230596061
10,12,0.2964273464525774,0.053728605949862396,-0.5270636446240149,-9.975017120777988,-7.480698927602432,-12.152637252322691,9.40382760638312,-5.882345929164737,107.64009703987007,29597.78558344297
10,13,2.1047362825220963,0.7121313965617729,-2.362529091717611,14.322336870527318,-6.214597198581986,-7.198522564335378,-15.250152980150919,0.2811917459832539,117.30808093594969,-60057.45511461698
10,14,0.7088555389115367,1.4283928127623509,-2.4187876590232413,-11.65531784328582,-4.567971742308587,-5.6863622211156155,10.516439912099806,-4.824598578151,133.04552619580213,121658.68372946151
10,15,0.2606383850846322,3.0892634012329605,-6.483305516193887,15.027778479356693,-3.1062509269612946,4.895123717660443,-15.3059155284477,1.7004487848529242,138.7445996518362,-246641.1782645786
10,16,1.4168269651341472,3.333092753977449,-7.683365732927547,-11.890874275689727,-1.73388915824385,4.982627812262752,8.937638847641042,-4.120523010287505,150.6627801403717,499778.9327485425
10,17,1.1819614473779037,0.922642743247295,-1.6153306674338719,15.540424899559733,-1.937470989508451,-4.2508695061819255,-16.469146872225444,1.6360388165863813,154.43824947831848,-1012946.2169626766
10,18,0.4144417555312955,0.7580650399385238,-1.5027776268730355,-14.166388994458485,-0.9728393145799028,1.731976458897531,12.268257414625305,-5.660651796387505,167.95945690002597,2052760.800687884
10,19,1.0289581311585028,1.2559099791238042,-3.1645858458740017,17.670391324432757,-0.3750110678588,2.6325445780250005,-18.108149229627216,2.0625554255557685,170.24527790104295,-4160221.3360792403
10,20,1.5035104685939462,-0.314583776883234,0.8201217236716033,-17.648885556119897,-0.346141467652629,-0.6333256362964945,15.2837570186867,-6.632852103349607,185.35868164277397,8431002.538069084
10,21,1.4846994524280122,-0.866940240080827,0.5350627183879809,18.83101746277605,-0.2168232426341854,-0.04701304096808512,-17.624720376986616,1.889629890510979,188.40732937049245,-1.7086330560097612E7
10,22,0.05959309072481722,-0.5421042720060865,1.0265108008275898,-18.279436785742156,-1.9484075196060262,-3.7971962497426777,17.016502689490608,-6.359021256546584,206.37516946358522,3.462695540069973E7
10,23,0.9687327057612987,-3.227983803597376,6.38680272795477,18.87673002076212,-3.51953961653836,-11.217782543708719,-18.980602170991393,3.7489007688740017,211.4242200040626,-7.017487853032342E7
10,24,1.12484895458569,-2.9674963551848315,5.0914927503098575,-20.653850054427117,-5.821807863993917,-15.82332299657676,19.83587190224483,-5.7365303483304135,233.10795709837203,1.4221582411437398E8
10,25,1.5063110250636411,-0.8847222616166381,1.4258208648228767,23.87118254145434,-6.311279814309143,-9.568832659748969,-22.826270479709518,4.546014248519919,240.34476445558565,-2.882137451052511E8
10,26,0.41440011351460393,-0.29780626878533806,0.4447816666993559,-23.418130633542603,-7.678030894360305,-12.514224232473993,21.954197040382056,-8.183400707667479,270.38469787588986,5.84091849167448E8
10,27,0.9199991132853134,0.16982982756584744,-0.9854869230609417,24.977696883476266,-7.431635155324083,-10.918593242267256,-22.37842141171175,2.583718033187189,283.79509621586243,-1.1837166275046775E9
10,28,2.4311617030355874,-1.434202309375682,3.4366991133035776,-26.24839446343759,-7.656210795916339,-16.903856920890664,25.552905572113573,-9.867862356243252,315.9609760367652,2.3989117003662515E9
10,29,0.006638368582310858,0.4992752075130439,-1.1823095775063877,30.25973229573724,-7.468042816256959,-10.294341625635242,-28.732136527124553,3.561273774909666,330.39506869413617,-4.861617861482911E9
10,30,2.6597388562916224,1.7239172177266537,-3.7539532714290944,-29.489048015638115,-7.738333110664449,-7.137019054360367,27.883945462095607,-10.701377902132522,366.787468067972,9.852520563406242E9
10,31,-0.6435588793541658,0.2259207626056141,-1.2742291541922883,31.977253801288857,-7.485019771180155,-9.99023133870228,-31.316198023487175,5.421347261463003,380.1378404131421,-1.9967049422260437E10
10,32,2.094783554564359,1.40773494113067,-2.4121200596544665,-33.15461743234517,-7.191798774393016,-6.956202940737056,31.591077770598282,-12.144655252573733,418.32872012147396,4.0465082377140274E10
10,33,-0.18114811181960483,1.6899275674606482,-4.026428131796245,38.4936840546984,-5.906464930227116,-4.081611231770856,-38.014961900003705,6.945067469503956,429.941396829052,-8.200625288275195E10
10,34,0.3273704322022142,2.5454494662837552,-5.144339815556756,-39.16228810802844,-2.9036275572108807,1.067197562018991,36.27819064083094,-12.359438230144242,466.04897553842534,1.661932977007858E11
10,35,0.6750690600980486,2.841810234567208,-6.0119567732963874,45.29010023815827,-2.362651978365909,5.10187571146467,-45.34989766887858,11.54710697861902,466.316622356248,-3.368061737533492E11
10,36,-0.12474899851763777,2.307980427104294,-5.162357937592656,-45.719709173636794,-0.6788638562715432,4.67480391944126,43.04539388523274,-12.574156868820554,500.06474490212065,6.825690332442238E11
10,37,1.4579337606500253,1.0412274906511907,-2.1957904432989257,48.990744105706824,-0.7562418600335163,0.3219743402199128,-47.054965277939,9.020816764520376,503.6315663874001,-1.3832896238240598E12
10,38,-0.6046230081008235,1.103744729201382,-2.882600536886177,-50.63701191780447,-0.6920731625628912,2.5860070336631606,49.41574587733979,-15.23871288107967,543.113990314299,2.8033650657786494E12
10,39,1.334542680162809,1.7840449487768872,-2.606256540905179,56.417421348504085,0.1278781916810279,3.138519920523819,-53.38985010390209,10.542548012317111,544.0780955119604,-5.681280013807887E12
10,40,0.19122116269025202,0.31978171508864905,-1.5206825292550687,-57.78916798706042,0.46910624624045216,3.1302946284754194,55.228690369598276,-16.35137668295817,585.9290531668436,1.1513642296051537E13
10,41,1.1374408689997444,0.49362459985252394,-2.0208097116655392,62.57005671228528,0.8610872589841594,4.62025340236327,-59.144075401866786,13.269225919691781,582.5603737197835,-2.3333466860311133E13
10,42,0.0963643204588811,0.07778649731377271,-0.8038853659553622,-64.80897928549146,-0.5568771942655153,-1.781352715461066,61.968579983349976,-15.89117691672925,625.6230327772747,4.7287440560503766E13
10,43,0.30582869426825954,-9.97258320517412E-4,-0.1723961821987237,69.60603033052968,-2.138708254242871,-2.3479540404978474,-66.31123077297646,15.94393456385626,624.3081062807512,-9.58323959388966E13
10,44,1.7425209309747292,1.2193671405166755,-3.4032446769828266,-72.4312501292372,-1.2504578459325348,2.489149929730365,68.06755518489204,-18.759586848427155,673.299976494553,1.942132626016608E14
10,45,0.5967276980313299,0.6537507902519962,-2.0541671210952273,77.85854081780558,-1.121269576305261,1.925075530017398,-75.18575310770224,16.303071954353744,671.2104369969521,-3.9359123812917375E14
10,46,0.27018862949908784,-0.04213986259431651,1.5298272836355722,-80.33292556182413,-0.7771259498074711,-0.7853925745104653,75.27304366407307,-20.224608084837147,724.0931389912046,7.976492473099546E14
10,47,2.6419388612135783,0.3991128628333633,-0.4678167017278888,86.43330301824862,-1.9973386579252632,-3.136513652325747,-82.69135349945218,20.89071404152916,716.6506291812183,-1.6165103795469648E15
10,48,-0.7523240034550235,-0.0957024390533435,-1.0390594170818606,-89.64782078633677,-1.5695721938704228,-0.303727537433947,85.28387385613513,-23.138025683132682,776.4709067872346,3.276008616562567E15
10,49,1.1204166814310916,0.2924582947779142,-2.0471889735371955,95.86929151304021,-2.0147123818009396,-0.8296691093830915,-91.19014641100293,21.406829789388713,770.7925044911375,-6.639136124075962E15
11,0,-0.6215180667192107,0.7754390337376521,-1.4601827337092543,-3.0353997516423132,-3.5256339524255593,2.0348505096723573,-9.08295610669554,1.6710016441442308,-5.246853277335885,3.2725417186292667
11,1,1.4493142518336615,0.9018213357452127,-2.5824665714287955,4.162947145000919,-3.4383616720775096,-3.320043733072903,-9.445198099524772,2.4271633010075253,-5.038817288079411,-4.55580866709704
11,2,0.039693824143153145,2.714931855559178,-5.430702803380618,-1.1071583266630611,-1.780602674567604,4.697190459167437,-1.9657917249653076,0.7257323386330098,-3.684534489138066,14.873774612227244
11,3,1.451483232713361,2.081758387771361,-4.86757687453578,3.8279937021789547,-1.4551814497199331,3.7971791861027224,-5.7290576986165656,0.9796331128445149,-3.0673547399527648,-31.447258147371233
11,4,0.41453797085351146,2.153293327963475,-5.393481410158508,-1.7137369778776093,-1.1250481129811245,4.926940658225127,0.33571247835477974,-0.6441421600133151,-0.4830677628203288,69.50048556757623
11,5,1.873627012145052,1.9084910825132297,-5.0357837663541964,4.3144524896582785,-4.401713912107752E-4,5.992495826232933,-5.795721125819743,0.41246037272506864,-3.713990418529962,-143.24780944004166
11,6,0.4388021195423379,1.0985452317121518,-2.653887621252296,-2.240741100013277,0.1255307329973552,2.8001170066837635,1.299228411628503,-1.3580807267110084,-3.716859822875867,296.13052117247577
11,7,1.0358547670732847,1.1514009241679997,-2.0639815575760383,4.033196982170526,0.10185371136027388,2.8355726866896793,-4.5240270856787195,1.7947442562658018,-7.713731656782964,-598.4739534915471
11,8,1.5549174739634966,1.6756081421978974,-4.245839266062638,-0.9600102103056527,1.1888577087786916,6.833295166753263,-0.8110539169032225,-0.6758817821051709,-9.875239806631866,1221.04437787604
11,9,0.5526070657525005,1.0421159286484372,-2.4728234759274614,3.1782712781329536,1.3555781426708966,5.86921639301438,-3.5999047249210303,0.2941593217148179,-12.81457397641449,-2469.8507016522144
11,10,0.6352349739381924,0.8561708974087113,-1.5951315176686442,-1.5408070895879913,2.091846537037596,5.949127618658858,1.294284650404443,-1.5936518299201965,-16.23345685819704,5015.605632441106
11,11,1.1550598096816087,0.4183844439469468,-2.159862751870239,4.335028207749934,1.8225462608625986,4.495212559042342,-4.633748238028082,-1.1768795733579869,-18.002126064977382,-10161.140631644648
11,12,1.2991866835990011,-0.4398571287245564,1.4027996749549096,-3.303612677166186,1.6253985800688646,-0.842949550388139,2.9502096288032824,-4.4646192350924006,-14.093918841092423,20606.253274752187
11,13,1.206524468827908,-1.0475397606108185,1.5553181967316128,4.209016771300725,-0.2758114110720239,-2.010252904777571,-4.033860672153513,-0.704530771462853,-14.035624344357569,-41756.10471716582
11,14,-0.10709180584657874,-0.04786284432745769,-0.056527451128066786,-3.8728618724000556,0.1955342638572719,1.2479762710782034,3.2317640524353934,-2.093956395321252,-12.924381573960165,84635.36732664754
11,15,2.226695058363195,1.8049026117905045,-3.9533864727867662,7.629185133282976,2.1340480564432545,6.617561958547087,-9.458708176516293,0.8453174326083369,-19.808595386184727,-171519.51525813094
11,16,0.12090242216584807,0.500009314769544,-1.253739564177444,-6.3815353019417085,1.0722537440380056,4.659250846420842,4.445131098758688,-2.603323656999049,-18.36585326930818,347620.551346511
11,17,0.6710862411266078,-0.3470428311194069,1.1225985112425203,8.45921209172059,0.647530071156362,-0.2480604413337183,-9.12757734687511,1.2253304439468244,-22.40124525672756,-704482.180414617
11,18,0.1617948068087517,0.15769417637920624,-0.6988388901475304,-7.539523978278028,0.6481100610232378,2.9238344028737027,6.70200254633835,-3.877300157115638,-18.143342990904383,1427717.3998216207
11,19,1.3610846538702521,2.3779451752235516,-3.9971048096730106,11.278555876671215,0.663968774457343,5.314832450893902,-11.955155242745818,0.7224566607374514,-21.26451469398332,-2893401.8111618534
11,20,1.3536565002620922,1.4274993057510736,-2.7965483745956585,-10.57055132978725,1.3334593726688084,4.637983103328176,8.892214484832035,-3.632744038853943,-19.47410011866033,5863773.205649007
11,21,2.0222754874512363,1.4178187817406818,-3.2386437968151514,13.636259127477746,1.7616439652732065,4.883484888476215,-13.789521083260318,2.0152080449083964,-26.565208369832554,-1.188348339551951E7
11,22,-0.3742319716174405,2.1661785850256328,-5.773833644914591,-10.765307774155579,3.7416729672792677,13.01936793169967,8.658078496734307,-3.5425011412234286,-28.042052883398146,2.4083011999753363E7
11,23,1.51611985469827,1.9787989738562715,-4.861898391255903,14.645431792619704,3.5565801198378137,9.836867886351188,-14.188961908389608,2.847868462289021,-39.501087218440006,-4.880646180782533E7
11,24,-0.16347228899779565,1.4949453342243202,-2.197802009907143,-11.376497782243836,3.4956902337265734,7.9881852169268655,11.386079078876437,-3.8919359333172263,-39.30305326191892,9.891086826571558E7
11,25,2.0477291904786856,2.9140060672079002,-4.659415934013799,15.580705107295632,4.413664828879351,10.596566832183871,-15.003295348043125,1.86832907521715,-50.49737519345115,-2.0045206570668066E8
11,26,-0.17001307464918602,0.13125809145152445,-0.8339233437742871,-14.610552089884992,2.730080822474015,3.8592913968287283,13.708712755075826,-5.470712920610275,-49.08824154301894,4.0623479766252756E8
11,27,1.8607060472698622,-1.0059617829283096,2.0983718360906014,17.041785849439755,2.4706489285326456,1.258847935899714,-16.269250890450817,2.2464326442178892,-59.07445513803025,-8.232725844730765E8
11,28,0.6987190158168735,-0.6949506585562957,1.246840280355847,-15.6096419327473,2.0037522399895806,3.6856371192453747,13.330830748836403,-5.851464901777518,-55.97116724691858,1.668438504751286E9
11,29,1.1189759476103065,0.12327051988494664,-0.33369911322075246,17.776947956532634,1.0427001592714165,2.3763991139638643,-17.570831270384243,1.770610454519782,-62.50079057901211,-3.3812457780521855E9
11,30,0.17655260310875365,0.08051170679439325,-1.0251932732585607,-18.036424101525007,0.19606980862156692,2.0063959111099345,17.31501774289124,-6.122744713639598,-56.14138676778985,6.852409071330508E9
11,31,0.47919247588840996,0.5894608604171879,-1.9332761458297179,21.53632937956233,-0.33416662693150445,2.273228177954315,-20.79027073460542,1.9928230590215137,-61.4643049196082,-1.388704423632011E10
11,32,0.6072951620146793,0.07662450276843463,-0.5286004953779198,-21.449242883039886,-1.346600768447022,-1.714145602474686,18.264106874328668,-7.409083495043934,-49.7679518131933,2.814338666783693E10
11,33,1.2719969017328228,-0.36113696247790483,-1.4654800540793387,24.623268046539046,-3.153978003342109,-3.2596687461781526,-24.699028281758917,3.8909099698792113,-54.15192117111499,-5.703519036217288E10
11,34,0.7207007968526626,0.6073150352425462,-1.7294546940385933,-24.0920643006357,-2.8526414678506846,-3.2042740282935767,22.909733288447896,-8.822010574345862,-39.5143974241015,1.155871174863492E11
11,35,0.6528026950107637,0.4248882510763769,-1.0752427803431834,26.551527952328758,-2.9954652262448414,-4.748569051835471,-25.76688312142418,3.774160306197549,-43.75272349078143,-2.3424804297627744E11
11,36,0.211306469377871,0.7155113560107478,-1.3702068937937915,-26.024828126689073,-2.928904194117669,-5.071739607940834,24.625559400794074,-9.511114122278903,-26.931229698348325,4.747254437668146E11
11,37,1.1915368273313636,0.3641175130363643,-0.34896897485017386,29.02082207111673,-2.4067822138766184,-1.6799560905712834,-27.08464123422348,3.708308398508154,-29.203970708900723,-9.620752603795002E11
11,38,1.033901758749261,1.0566957504701424,-1.4114042206426853,-29.55249410326611,-1.9422770565746643,-0.46812613921092716,29.45333294870241,-11.020609334364618,-12.996474867940535,1.94973498638599E12
11,39,0.2584996741709119,0.6187682867750295,-1.1612865034356343,33.72984789776775,-1.918962140928898,-0.8728982898932186,-31.224799709276702,5.5006989867357845,-19.488535820881214,-3.9513192716117124E12
11,40,3.7992654873966716,0.6774493933430643,-1.250822388213288,-35.65395716406803,-2.6644447181808397,-4.055732539863051,33.7861577348912,-11.925360726559978,0.08206850466035931,8.007715969195238E12
11,41,-0.4030074310229865,-0.5054699864041479,0.8085872053913034,38.6321926095471,-2.1822335682933343,-3.169838149655959,-36.19701944278586,5.724583549330314,-6.231808867909759,-1.622838111406961E13
11,42,1.1597726086230549,-1.084466001204663,2.562158437465446,-41.15638512619518,-3.278555674965754,-7.438597031263748,39.454651266889854,-15.181523709819865,19.209059686708496,3.2888323536486133E13
11,43,0.17459005544285766,-1.562439321656235,1.7168798988295684,44.56473320060119,-5.474072515620028,-10.47175692652237,-42.507708622687,8.311237837498803,15.03004917381759,-6.665124619869514E13
11,44,1.9693722517847458,-0.47549372762120456,0.30291737314476963,-46.24795023288973,-6.251481850682706,-11.04949053627772,44.21988278465339,-13.611072026851222,44.1949780750756,1.3507494886165334E14
11,45,-0.28445177609734107,-0.26402158125498665,0.2468006913076738,50.57697223666089,-6.7956036256857155,-11.537204788050719,-46.71695324172633,10.159031324952855,38.12901773293485,-2.7374194558324162E14
11,46,1.502586467827339,1.1181731742783123,-2.2647132456257837,-51.62745459812325,-5.2921833390356365,-5.450496853111277,48.45349091087543,-13.452398332295322,66.07258205739663,5.547635102081809E14
11,47,0.7752626294340502,1.2382108767433524,-2.0057354853505047,56.167153807892376,-3.152193247253873,-2.3316291337904724,-53.99338600597136,12.735283873185777,52.25096910838093,-1.1242798453952088E15
11,48,0.31377388033608866,1.9002244603695433,-4.117171815838624,-58.65230573153974,-3.00802798246723,0.5740758249122859,55.60290314496688,-16.807230517142884,81.42811342691951,2.278457662594745E15
11,49,2.269852264564042,0.7251453463379793,-2.384135849474567,63.782189249567196,-3.588862196428117,-1.315691883705366,-59.480219733775634,12.03179832478169,68.53052615669854,-4.617506345505891E15
12,0,-0.2525761523607616,-1.3025671697405656,1.4671343169352222,0.3102689428713832,0.26494275642671145,-1.0303214190888383,0.49212069461624786,1.6632057891888414,-1.6560060023338825,-1.4774167011876191
12,1,1.0134234410847764,-2.175792415915914,4.336918725092144,0.3443511771678811,-1.8128304398279815,-7.885191023527718,-0.5073897001566503,0.054566491654164245,0.08024886994619379,3.5100181066469665
12,2,-1.1258310895019672,-1.1693322336585972,3.1983108454780327,1.317728424053536,-1.9860813945527735,-6.375284791611362,-0.5240163268406948,0.07661063113092159,2.4692936709534195,-7.7849743531724815
12,3,1.224195065229077,-1.2795578163767498,3.194086670288673,-1.480277714579203,-2.831330817263609,-9.548711044330132,1.8317035008576337,-0.880255781114438,6.538316836287463,17.15615065226612
12,4,-0.07537536608293893,-1.5713912012415943,3.5152773494257854,1.4331836339092372,-3.339591508502688,-7.443847738117587,-1.6331232226673158,0.3390670063344834,9.637660923011968,-38.57880024817363
12,5,1.3499233410114477,-1.467084314520044,1.674272306894032,-1.6706944479678583,-3.821630808441173,-8.050179363975854,1.583610915264956,-0.345274154866539,14.646486790930194,76.05238130595335
12,6,1.3183777473325256,-1.2576544358395785,4.111680303970318,2.3574112970147283,-4.316891858473159,-11.928881637097083,-2.0427975639066296,-1.1547786921581653,22.208759372781245,-164.25362934192054
12,7,0.9055586991457352,-0.7292102004557653,1.1850545899074947,-0.45545585630722885,-3.6841005517540157,-7.400258790440327,-3.243634790799019E-4,-0.6789183156586136,28.10459187722357,321.12946267037717
12,8,1.1927357741238356,-0.10900352563216473,0.34937643151687614,3.4185431299592715,-5.085922440602161,-9.421583083639582,-4.917432294914,0.36757177435866223,34.90934047141456,-668.2624392525846
12,9,1.6695408701952688,-0.7514805649564633,0.5247864569513534,-2.612390411448021,-5.78689354398342,-9.76131041099986,1.5222323920740921,-1.6646985909485652,46.21967180148346,1339.0547164182726
12,10,0.9036990095172908,-0.12320382429824311,0.2070310806336258,2.9766965094510165,-5.618509444053467,-10.37226218936743,-3.256742240879834,-1.7777404755306834,56.9691449526997,-2744.847997326927
12,11,0.47789013236100286,0.5079389278287199,-1.0950080607593025,-3.0055302688950403,-6.9643055727078025,-8.79478303969114,2.471188660594162,-3.7367842866742293,71.70662394771324,5533.488732295596
12,12,1.549919850092796,-0.9820469277954832,1.446749410670553,4.2391693192341755,-7.282042699637907,-11.432342678756493,-4.246078680292456,-2.0049075816415485,85.87922678140086,-11260.040620105698
12,13,1.7405481444673105,0.9216371578613405,-2.955993871960855,-2.173376828720239,-7.056282134476943,-8.406893032433008,0.8572119000996522,-3.915173163722132,101.46875765110637,22773.069712405304
12,14,1.3856580367708704,0.21437004016112848,-0.9346189417532613,3.845818477938991,-7.000661870937468,-8.998593338373283,-3.5404211389763622,-1.1072705066185806,115.72523412535135,-46212.3805519289
12,15,0.05668334059592406,-1.3740331035969195,1.5444306501381915,-3.1923055412894197,-6.924474940229942,-12.446490535280317,2.643375197565722,-2.575457176796849,132.8679129244513,93592.41471669938
12,16,2.18252927458824,-1.170490837227467,2.5640541498703904,3.7232040003283955,-8.077083513326903,-17.029665258272274,-3.431170714875285,-0.6376873518740499,147.1996181567757,-189749.984571854
12,17,1.5022906256499178,-0.9335375113858846,1.6117208483566092,-3.9820578243666134,-8.53399754231103,-13.759988052032103,5.165589427612064,-2.00782197300295,164.86616273954652,384468.7533225388
12,18,1.6685445617088783,0.10142547625802151,0.24932969776721967,6.231745967373957,-9.156072596552757,-15.150106080059965,-5.413199391776866,-1.9688834976791147,184.9556454085416,-779262.3404581334
12,19,1.8800618773240103,-0.9754728838816509,1.1758515981192228,-6.240339383890558,-9.051110919860264,-15.54021802575186,6.1287313392228295,-5.603268907400162,210.69222638199668,1579148.171800069
12,20,0.9578939460411462,0.27875437678749626,-0.4838457658066263,7.508376536921139,-9.466163294737195,-14.763856476288534,-8.103885336607307,-2.263741392736724,232.67180348519847,-3200419.008248664
12,21,1.7015486542056695,0.3949924940657152,-1.3197796893970268,-6.047002679131625,-9.369654811473318,-14.566815118919527,5.684853897501591,-5.2696358485526895,259.488311391307,6485822.429443278
12,22,-0.28084042754992744,1.8767992263285616,-4.387247911206072,8.889396345503622,-7.1116308592699555,-6.665712170275418,-9.666749942652311,-0.8172625752843999,280.0170437196067,-1.3144276461703623E7
12,23,1.4703986331609626,0.43901543626785644,-2.0406011456135698,-7.5260791921045485,-7.83743324608912,-9.946516956095074,5.25887141633612,-3.597569730990557,304.57007035321357,2.6637952556743454E7
12,24,-0.03461646976051136,0.02858446736651285,0.4744560598419043,9.41412447779076,-7.917873507125454,-13.045094201950919,-9.812567603099927,-0.4634756782532745,327.1776900691757,-5.3984467246476434E7
12,25,2.229459091368921,0.05034305657263466,-0.7988301312319853,-7.9412567124698645,-7.191081073936963,-9.573371689096893,6.971760601427434,-5.34019258871721,353.95760588650114,1.0940437149244155E8
12,26,0.08161245663601369,-0.3760792705660652,0.019570621542032485,10.138204250869908,-7.019095764273056,-12.270900075728601,-12.177643884347457,-1.0959764204105427,374.4931722883667,-2.2171833725447816E8
12,27,1.281619600859132,1.354082147679676,-1.564682541672836,-8.407646556320824,-4.912078729966668,-5.451917125063059,6.109163145387048,-2.8100430542884443,397.25452997126814,4.493326341396395E8
12,28,1.5671597676369369,-0.26120078669240376,-0.5022314472818257,9.943843646991924,-4.608907694534775,-4.481645988915741,-11.957526841094662,2.1057715121563847,411.2796595106554,-9.106145945374558E8
12,29,-0.055396477077530704,0.10492838598418014,0.0789451045501956,-10.056765652874178,-4.148747896890458,-6.094044863337925,9.016039521528503,-4.687743297627608,436.1487908130545,1.8454449451643486E9
12,30,1.6581027265875536,0.615876748390358,-0.8481065378460999,13.00661838058152,-4.161818057256292,-6.158230823878707,-12.256738040867376,-0.2963665480536827,456.17337546469207,-3.739966057067433E9
12,31,1.8424816875638301,0.4774284679818731,-1.3562004818591853,-12.692528362566291,-4.3761362933838,-5.7379169147871885,10.867784908555771,-5.00810846514006,482.16127134412,7.579388789101876E9
12,32,-1.0354232411868254,-0.8587793166016028,-0.6102621347598942,14.497448985171657,-5.072278127919192,-6.035978995358394,-15.32858782491252,2.970905730258741,500.22432875361017,-1.5360336527592386E10
12,33,0.6624212909464922,0.5099715179754443,-1.496317557369332,-14.269767617514782,-4.962682207769991,-7.2230262767202875,11.990282534418169,-4.131788740608208,527.3120722655406,3.1129150198567303E10
12,34,0.4978155038650155,-0.2215723412192856,-0.3379176866014873,16.990849294666532,-4.388976258737645,-6.085950772940995,-16.927051819716247,2.4244979064799628,544.4767963763585,-6.308611813474176E10
12,35,1.6828341814599994,-0.03612568565219179,-0.17749669417871033,-18.076071694246842,-4.577439989466101,-7.011928288007414,16.281729127224537,-5.211811592169342,574.5697786640795,1.2784988501442918E11
12,36,1.0209415557656591,1.0943529455299326,-2.442104555688492,19.689453253041066,-3.9343671885351577,-2.7687675039778648,-18.153863175355998,2.6157911793380197,595.503708734157,-2.5909968211351013E11
12,37,0.801558218432649,0.6215630877376935,-1.15430952150155,-19.27731978554673,-3.1164031219908273,-3.351050608027723,18.62096781504457,-7.647236445839996,628.5742769750569,5.250896012802037E11
12,38,1.3635066454272375,1.8817474729887285,-5.20684795136728,23.418333442391873,-2.5610694343311877,3.014387488179932,-22.737360785051234,2.713693281285599,647.6356183983831,-1.0641429097033995E12
12,39,0.059741564933673996,0.8087509894259068,-1.3960443109017608,-23.279913567681657,-2.9414529380707637,-6.148184292063693,20.517115277595746,-7.1908182258988935,682.7655061794256,2.15658456946566E12
12,40,1.5336069124546223,0.9092766371841743,-2.143469237470753,26.384575678517006,-2.351824752213548,-1.3662750223631548,-26.870362950922136,4.4508726062373185,700.8534977578732,-4.370519188713269E12
12,41,0.3747038936583073,0.11200679573375899,-0.4559230068133748,-26.523048596915352,-0.6617200833978032,0.4335190230122461,25.28198485244659,-8.014043951489835,736.2358655104699,8.857263585601117E12
12,42,2.0084571585295787,0.5365162780249525,-2.4838751616007313,29.939384844490537,-0.3971248678492256,1.7824982581370334,-30.29459161692001,5.500143039455723,752.0455979327462,-1.7950068365429965E13
12,43,0.8861197655212496,-0.8602358584225105,2.4237453677280816,-31.576479696299064,-2.148542708787322,-6.505976574489151,31.474489835763876,-9.252320481432697,792.9513228745338,3.637748286460706E13
12,44,1.090270313606173,-0.6936868703861547,0.2983662556722473,33.30885336208121,-3.061858162041497,-5.477586541190828,-30.397984435516936,5.848201563523279,812.9998352026553,-7.372235206276473E13
12,45,1.3531946352184878,0.028429052987210324,1.2364249255540787,-35.53034479843475,-3.9469727450481096,-7.46464661030587,35.326250002080634,-11.24978511997101,861.3135124070661,1.4940520249423178E14
12,46,0.5312463084206347,-1.0871690359573278,2.214036191135231,38.34160229916357,-5.413368998757928,-10.252901195079495,-36.300230738655195,5.697342888846129,886.91928643486,-3.027835372566058E14
12,47,1.3195380360320788,-0.3941382507895805,0.4306587107759747,-40.13689667441233,-5.15162533419848,-8.47725169123105,39.42407978418755,-12.496179573671766,940.2219809311935,6.136189965469326E14
12,48,1.405975853559851,0.16872250443759473,-0.12069918125825552,44.39703367416407,-5.134170500902745,-7.891691449526709,-40.68363783974341,7.8782692368795635,964.7870662962167,-1.243555961910179E15
12,49,1.2913734416314735,0.3017988742517747,-0.9784895722325733,-44.917716831826105,-5.134333114278881,-7.553181344463475,43.07766625245168,-13.058468873745582,1021.3941299009939,2.520181805165288E15
13,0,5.318204918212927,3.7641920001062705,-4.756262991215406,-8.261108271674868,-9.228533092104808,6.815033813807667,-15.071620489065307,3.5068263556366928,-11.049525314654087,7.838547286722657
13,1,-2.020584947446241,2.1194221624000256,-4.856178087968368,12.123974346399455,-6.935659292691126,-6.02886823061612,-24.103590929634336,7.626292983679522,-12.511961336330355,-19.84438152687934
13,2,4.360023722137402,0.8219880536010482,-2.8158391356593486,-11.11197881750292,-6.224806096375822,-7.13724586692049,6.358361938708205,-2.142002514188394,-3.6672725381912623,60.64485470949179
13,3,0.6025296101018491,1.7173351719315484,-2.6518870093505686,14.084973123058983,-4.908935916904668,-5.1386753150597775,-16.35408482929134,2.721153471767532,-3.2288878844257902,-134.26152623150932
13,4,1.6295104795257649,0.8163752605256398,-1.548641711236201,-12.460654144991443,-4.322690242888611,-4.999162565506074,9.78479084693026,-5.608564923314893,9.833055833409166,285.63535509408206
13,5,-0.012526906299098362,0.9043772985938174,-2.0266755256810867,14.445222074725052,-3.8309191264895888,-3.854584307940592,-14.455599319198141,-0.09106343733935796,14.50062950795088,-599.8646263841862
13,6,1.491781413144425,0.36771139987648943,-1.141316515643095,-14.582095235287895,-3.60454299801783,-4.763691005958727,13.92256179128038,-6.677542875139565,28.703945444247726,1221.8476627022878
13,7,2.2923212799201025,0.1941574064527416,-0.5629319608120812,15.124987278452133,-4.251236637078187,-6.775553053933093,-13.84067368776457,1.9114535726377657,32.223566099930856,-2508.45294826199
13,8,0.48215434293923454,-0.5954186250438833,-0.27873746862950344,-15.965224144894504,-4.093636612536671,-6.550264454425261,15.557896044122472,-5.3132173537411385,45.01059470027691,5081.525241666173
13,9,0.6697626350704822,0.8032048535443842,-1.860817443963009,18.72025099703249,-4.11024844601663,-4.93084849911392,-19.428293517642757,4.292251259531017,44.930813639943075,-10342.735198707069
13,10,-0.5122969563279702,-0.8522788627678627,0.8447101656263686,-17.430958858813728,-4.700560073739814,-9.635841279256505,14.554070428319065,-4.05906000980627,59.03027447572744,20955.576360490235
13,11,1.8954709159159238,-0.7709092338576026,0.6011849799766548,19.304332663089927,-5.804596589888751,-10.435926880781487,-18.71780558150471,2.8945800904720076,62.130023394087914,-42520.90912654127
13,12,0.2928829891268906,-0.21946527593891874,1.3664603592477076,-19.390168247524013,-4.959868359105489,-8.622969682929241,18.48264849253478,-6.9177755282191065,80.53859002713052,86158.45544771923
13,13,1.8095944364742147,0.05920129549436594,-0.5258432267082599,21.159053913079077,-5.220115680203,-8.019509476133162,-20.53130783275813,1.8340803499199012,85.63295080130153,-174676.0750723645
13,14,0.06410304546058593,1.449868458880955,-2.0583402332815623,-21.17034869827659,-4.219233937688666,-3.0499512705991756,20.221284828172422,-8.864449866153313,106.79668914525118,353971.1596378404
13,15,2.2224052525905886,1.7305141499035759,-3.5782588110172053,25.553004798879357,-4.620457163008114,-1.8254815548459582,-24.97624107498483,4.729496609340028,107.48944372194481,-717440.1571572352
13,16,0.2606038217807271,2.0550246112920876,-5.141099713240796,-24.6988339405353,-1.8483470837561817,2.0868220746294144,22.137396945422548,-7.771567515877266,125.44893985585293,1453924.690527886
13,17,2.4193587884895353,-0.3338286604917515,-0.41060123603322085,26.853357725351046,-2.7587704100375157,-4.689594531916233,-25.50453480770683,5.061269750933427,124.3374386165943,-2946608.3757627592
13,18,-0.28843798933824605,0.6437503615633775,-0.8123282695284618,-26.407751540989782,-3.147557265541205,-2.2158797335200733,25.076170514929505,-8.534861686902513,145.42663612395802,5971534.862331427
13,19,1.1057792491191338,2.550600313493785,-4.587013628480036,30.74683585746586,-2.571505723392369,0.22782283053695185,-29.311643588275448,4.006350620710077,147.03637510182563,-1.2101983141832056E7
13,20,0.7844207202947497,2.9965366393944035,-6.780697414311461,-28.923389200550552,-0.24648550379392886,8.43312232061651,25.6020258722941,-8.381596036977957,163.93379969955546,2.4525746928611856E7
13,21,2.399328829860905,1.8682173555979438,-3.8529567555545707,32.47291914895805,1.6393525572754832,5.299689773500168,-33.41356256346572,5.337516037951652,157.30542328913424,-4.9703828217730686E7
13,22,-0.8324906889453698,0.5215683045698675,-2.510760158016742,-33.24555618109581,0.9205107761797812,3.102409946244821,29.523640703142053,-9.02514804045273,175.3612159378521,1.0072938166292828E8
13,23,0.3219351078748518,-0.45670392465605336,-0.406587279204237,37.29961414010374,-0.1692958900208119,-0.496663732471027,-36.9953613909327,8.090617662487208,169.0150714749903,-2.0413759387076506E8
13,24,1.504226725022834,-0.28295650496712577,-0.45438665490083346,-38.08117103916396,-0.88257157637693,-1.384434376000987,35.1740840684333,-8.787505498421668,187.24870769464394,4.1370376823101085E8
13,25,1.5677138765064615,-1.239391393154837,1.8739879645023834,40.435197668398736,-1.3407774378043196,-5.010960937276044,-38.601393973216716,9.932102429806031,180.3153689700485,-8.38409302368194E8
13,26,-0.14481930011260857,-2.061289312896831,3.722774825834792,-42.46463834203809,-3.335408370194462,-9.05965826523456,39.174899585325704,-8.875044584972104,204.68119329153504,1.6991143677095344E9
13,27,1.3871305680689847,-1.6566064615171037,3.152463095839569,45.20566257849656,-4.111032670413561,-10.557304856901563,-42.91194570556776,11.495378716678593,199.9482493439639,-3.4434134398895917E9
13,28,2.0161126276560375,-1.8689617211584213,4.037719814808683,-46.39865339092638,-5.510032139333814,-12.258082406068564,43.87899087648979,-12.348068038452922,230.41573151908432,6.978397506430462E9
13,29,-0.09270443149988261,-2.014990510356226,3.206816814750912,48.05183989838434,-6.676198812919525,-14.113139696019221,-44.497430186648714,10.821813353103316,231.20305981674943,-1.4142371702175154E10
13,30,0.7064654197706346,-1.8131108910925882,3.944531247767511,-50.48650307434248,-8.693000606542581,-18.857026195189338,48.6623763148701,-13.993411535989859,269.13356505619777,2.8660831395626976E10
13,31,1.5492949204391142,-2.421083408349812,4.234806374981505,53.72881758374582,-9.056887767137088,-19.557153472717964,-50.48817479686548,10.623316556957672,272.28392868143663,-5.808384043222202E10
13,32,1.1527075376327405,-1.0990226888770498,1.3116902419418173,-56.6457014234233,-9.919337478873217,-18.132799650983717,55.106229566588205,-17.01585655312236,318.98144509130555,1.1771230422914026E11
13,33,1.6802242035294748,1.0893537427891125,-2.911227528966835,61.91084980144936,-9.58399223438715,-11.739899462864173,-58.963920240571866,11.685934827534693,323.48169846944904,-2.3855493178339566E11
13,34,0.19673908914625815,1.416743291942499,-3.002881810021621,-64.40737389627401,-7.9799199308888635,-10.146672554583606,61.14146891274826,-16.91655303327361,369.34476520182665,4.834537543067718E11
13,35,1.2005590691489934,2.078471976032789,-3.910926152171985,70.0918481786452,-7.303355709136922,-5.8080324573691335,-66.67587657085298,15.083218419439712,367.9508799566115,-9.797639936642471E11
13,36,0.34161226817568474,2.421980930091915,-4.132068670200662,-71.15064269577393,-5.538324008086521,-4.577110674905987,68.11264126933013,-19.87576138118927,416.8438483718756,1.985582849233982E12
13,37,3.427517432651137,1.2656474211856708,-2.0055268046028227,77.62465741175721,-4.769046869564458,-5.692518703948327,-73.49840855928402,15.205294390911043,412.51915309105897,-4.023968299736064E12
13,38,1.0974083410531137,-0.8415482976776123,0.8273147453475423,-81.25854682342063,-4.080175291023641,-7.865360947163378,77.32109704091599,-22.35387645326746,464.4497117687382,8.154945980722059E12
13,39,1.5275962272085126,-0.7793438381228243,1.8582104625538016,86.3484316526174,-4.1829467304185615,-9.21596570293571,-81.06178072558643,16.977223466877028,458.9463862519419,-1.6526756424846098E13
13,40,1.1267800760968232,-0.49629108602913996,1.7091654085737737,-90.59273022952883,-4.945140409000476,-10.35050103970363,86.76274345400157,-25.58844776805591,517.7052569954038,3.349300885191365E13
13,41,-0.21691205872196473,-0.9424435842791263,0.08364805683413201,96.49262121193892,-4.847244611829502,-9.791330323393549,-91.41497647708255,20.93531144428886,509.3946693787187,-6.787669722532435E13
13,42,0.7297784300283133,-1.727035013650831,3.084985234129109,-101.79631232576003,-6.250899621740389,-14.432656599577093,95.74063249527106,-25.518905403599724,570.388204214446,1.3755843933154033E14
13,43,0.9343239887776199,-0.8155182981633096,1.058221693778321,109.28755276113993,-6.743333243022962,-11.48689820641691,-105.16476548519316,25.489325978844604,558.8973093233549,-2.787749699807372E14
13,44,2.3413132826857552,0.41557517858374887,-1.3770329334947438,-114.7409001294697,-5.843064165788486,-7.466858533572932,109.57516708598104,-30.72677288264416,629.8439428744097,5.649634022112491E14
13,45,1.036850537217647,0.7910163068673906,-2.882580534721306,123.999963828259,-5.6052473119195145,-5.3866274097513855,-119.94134163184043,27.939962928805738,614.719428601417,-1.1449508751104902E15
13,46,0.21582054110069582,-0.056546773560281205,0.6387147423549752,-130.50056687457914,-4.464398868777449,-8.670099667300015,124.04332445642065,-32.517141480883346,688.9574365229095,2.3203494266792385E15
13,47,2.363286034042302,-0.7105522745888398,2.5451452688270475,138.60724044432487,-4.809629112630198,-12.32689211926162,-131.4745149336435,31.966943045616567,669.1508853244392,-4.702403901278432E15
13,48,-0.46224643110558683,1.0845309624034005,-0.3103392217394856,-143.66759194762224,-5.747264658889834,-7.42085851764135,136.9906604934141,-37.14500996746182,753.2454792713012,9.529858820618264E15
13,49,1.3664027551680868,0.809733124014221,-2.806960949862169,154.8781780749403,-6.052619381043755,-4.037790432878344,-147.53135326011292,35.80163684117728,732.7287678055171,-1.9313145158847356E16
14,0,-0.27404713837710604,-1.0076163974773935,-0.8683251338749812,-0.8703661182964129,-1.1957914026916008,-1.6237636903702115,-1.458378180164111,2.433740966750271,-4.181677004025096,-0.9720344324202899
14,1,2.2021330483608557,-1.4313252739450308,3.1342229271231674,2.264005211872878,-2.650084694631323,-7.2636297800331855,-4.845728671966154,0.24029192541712674,-2.534932808087688,3.3813643978651973
14,2,0.5359526600488767,-0.891660960208812,0.5407712073973918,-1.9126502248292323,-4.063856562230467,-6.448302460264807,0.9149089496005373,0.8949369190619247,0.8672690385124645,-1.183722175493585
14,3,1.2640556178045415,0.2111524609729764,-0.8615227363251404,3.321849876706799,-4.39177789382399,-5.334425883472353,-3.6902904483490997,0.11929110696772197,6.687144569268565,-0.37975294456881037
14,4,0.01706042401694463,1.2268820441144601,-1.8187778963656047,-1.7611053911223102,-3.7482942362140785,-1.5014724039236258,1.5771551630624379,-2.045471271922928,15.340987069644147,-1.9212445029304015
14,5,2.432996077965951,-0.012921181257306902,0.08934898070130998,2.7854175203559297,-2.8846043473736125,-6.392603973225881,-2.734068694493745,-2.2663435016291036,22.062599634186135,-9.438383590463262
14,6,0.25343331612580733,0.04753467681668784,-0.3255014802949167,-2.8759513526763563,-2.9928422413707993,-2.778710019580051,2.9613402916607865,-3.0373487599585665,30.609442988769388,11.107402023176716
14,7,1.6852455347166704,1.3149221350698883,-1.9715721060962648,4.621682701524361,-2.775351424810445,-2.713412878022143,-3.9190708183746734,-1.9524530909230828,37.66282655143624,-45.89342269414834
14,8,0.2628177190171642,0.4938928613763646,-0.9712586269367082,-3.046457979945519,-2.1505893393119573,-1.1042239204999422,3.1288372522820675,-2.9117792698554523,44.78651713235682,75.97182872116419
14,9,0.5478586620516813,2.325671158239953,-7.045924342223465,7.5175534561637045,-1.6626671528357448,5.485359023598074,-7.957610817718689,1.7220362491352774,43.2626415521866,-183.91968603513715
14,10,1.9728055033756562,2.4465959251623772,-5.869443921912044,-5.821202468802152,0.3481118740012922,6.992987424057258,4.310869419130128,-2.190635014246121,46.68974695016812,357.92972774491847
14,11,1.183346833674634,3.5032270679480106,-7.952175622084989,10.454352124186704,1.2672454650889744,10.112717579318547,-12.926739188381417,0.08553131932567126,45.745003125721226,-761.4034088732838
14,12,2.076515231673786,2.5786328277166546,-6.267493217833372,-9.674515175104913,1.786588946796419,11.328360845750844,8.215526051548308,-4.1097867120917515,50.93174377396561,1528.7446945716952
14,13,0.615811624336144,2.4681546764632416,-5.570633271822188,12.330554995029955,2.309257301456466,10.990868136870295,-12.88912996172737,1.100785922335884,47.56063862773565,-3138.5686976419015
14,14,1.3867389671243644,0.7061282471235877,-1.7737374897833014,-9.706691476767244,1.9051817038910708,3.282155543656768,6.529059734900905,-2.3400980751731812,48.313629314388244,6347.257355080705
14,15,1.3062272523321306,-1.1456301757342788,1.8955910549147679,10.073054341600294,0.8631998721240501,-0.8618010028256883,-10.167025026034961,1.9770642765990214,45.493993483248026,-12898.197154593168
14,16,1.5878594673337962,-1.2699045342436346,2.002457202492694,-11.728710740328806,-1.1723088970664237,-5.049902903332864,12.467329918631693,-4.069163614042665,53.35639871940271,26128.211604301618
14,17,0.7754125734058095,0.46253013489815054,-1.5296875718022385,14.598108184600642,0.1865857485441269,4.148516503935973,-13.098039103639064,1.9786716817384253,50.667902211064664,-52994.298549788014
14,18,0.4442569689282939,0.7981047829209725,-1.5222039529441773,-14.45735359076688,0.9035667344985128,3.1861546617135432,13.149012774014436,-7.244267184258408,62.04952350959278,107386.00835183423
14,19,2.1687942126218345,1.9079258208606036,-4.192540045542104,17.448375229966373,0.5801865736774392,5.1096198346016815,-18.086616309320604,1.2331792830232073,59.41819995829353,-217678.035367008
14,20,0.9794048467311683,0.6877698592943923,-1.5778020354115545,-16.94596863766879,0.9016554453447052,2.3131367864955275,16.791841637090116,-7.6688883329821,70.95930225943687,441129.5929806851
14,21,-0.9253970799905575,-0.20260883516053976,0.7001659608712993,19.219425388853544,0.07860784874569648,-1.424232261977413,-19.336799193327057,1.2975867659072728,70.2390561497265,-894048.2582157013
14,22,-0.04957470443952117,-1.614716772173799,2.347952378440743,-20.558429323564,-0.7816807294648752,-3.6311155795348626,18.21155459704471,-8.626702489954294,86.77024434214317,1811853.7135750614
14,23,2.468366420262959,-2.6420008332061924,4.707592279721932,22.12567837265142,-2.5106120107278116,-9.967433389842373,-21.032339239960063,3.533643766307488,86.65564193385364,-3671958.4875503494
14,24,-0.06939668557906745,-0.5482318259026189,0.3633873433368596,-22.991839582103637,-3.012171373343311,-3.7654554778348777,24.083573991016834,-6.695225833799444,104.13267459901736,7441541.43538594
14,25,1.393079163880862,0.027384330906936066,-1.0349197396228342,25.24502307604309,-3.2865402656475804,-2.4736486336951886,-24.129331199016228,4.755519685907586,104.0151467982551,-1.5081058137139346E7
14,26,0.09639914540307615,0.2564264794843024,-1.3933524222944453,-26.820588588699433,-3.3739575873429737,-5.448646554123472,27.492396368615196,-8.263975310475091,123.94655029913307,3.05631381987883E7
14,27,2.076775350827061,-0.7794861794787159,1.1896955082301959,28.66409330314538,-3.7886038292013096,-8.427675913615184,-25.108713384317632,2.677159466113607,127.71934528146392,-6.193914200033953E7
14,28,0.4620851204468024,-0.6975597881144804,1.4749518275596363,-30.45678362096417,-3.8639040525238766,-6.8878199334961145,29.946041986168726,-11.531060891983135,153.48233738352957,1.255253921369411E8
14,29,0.763195196002549,-1.2604497183692722,1.6972320169797033,32.31641659171648,-4.370624887189889,-9.520312172867673,-31.27058616203918,4.218479952268854,158.52094024633914,-2.543890007235309E8
14,30,1.3612834905870708,-1.3403696196915762,2.1543799909994297,-34.27829976178378,-5.491717833997952,-12.228909910489937,32.44943660006592,-11.195890258161235,187.29683305422068,5.1554291643136674E8
14,31,-0.036880284892437776,0.07319221857487146,-1.541357742691979,38.98066536070393,-5.13707061784469,-6.48222357099413,-38.0589793455869,6.616284242260076,188.80149195224539,-1.0447958065495856E9
14,32,0.8340308078676646,-0.710947753925832,2.3915038335907486,-41.47525079800253,-6.184905407379695,-14.360799754511124,39.179803489517774,-12.939756545817037,222.73982062347633,2.11737580585598E9
14,33,-0.278963604707438,-0.3763537023444173,1.4104908708888941,44.54077419099346,-7.511092760886144,-13.369461941658978,-42.03696778982514,9.228320093359043,225.80235581448474,-4.291059152465503E9
14,34,1.61454458506942,-1.2232069383983255,2.840245005901179,-47.425903759122804,-8.903565325422155,-17.33036731094907,44.858606514859055,-13.047451941250717,261.9089403013458,8.69623035881485E9
14,35,0.27783073723998125,-2.8728141776600276,5.3889599130565236,49.552677048828116,-10.389189733518439,-19.13303227656767,-47.730256024890274,9.568606608483659,269.431165966521,-1.7623719751654854E10
14,36,0.17171538889048632,-1.2793076541009836,2.817871638522461,-53.49623123183729,-10.412276322726466,-18.366390075740206,51.14458950270792,-13.71053083051184,311.32203813673596,3.571610695700753E10
14,37,2.5947050202502115,0.6903277644404567,-1.6884284512311605,58.18946352360558,-9.28406541112011,-11.76626237710651,-54.898619790975204,12.061420584325779,313.1642591029461,-7.238201251047636E10
14,38,1.1842038653924793,2.900072150879769,-6.91248381190588,-58.59897932114236,-7.578329930543301,-3.8796012517591203,55.15191470904269,-17.38760729285569,359.130763140232,1.466888796308294E11
14,39,1.0280529292915368,1.965517568547304,-4.304930588371992,65.03198393232344,-5.9060397569748195,-5.758047334045308,-62.467748592052295,13.0678002274524,358.11448813159376,-2.9727865662545917E11
14,40,0.5679372920507677,2.8250320132386433,-5.945526556290069,-66.32603080300125,-4.254991950110246,-0.055494609178923016,63.627916847984295,-18.108254330085202,402.0764218806106,6.024628438774695E11
14,41,2.7603929886866174,0.6493412062798543,-2.0194627997330463,72.71805905861115,-3.381765296017189,-3.638781632073891,-69.76307349794448,14.680105449507797,395.409019220707,-1.2209469813168538E12
14,42,0.11744753943557154,-0.4933881150616758,-0.6721678048610537,-76.85122015972318,-3.728138005508446,-3.2891303220282935,74.35289246399762,-21.43515093296789,445.0638553073963,2.4743626032643237E12
14,43,0.9436377438034198,0.10207683590790828,0.6922453143053353,82.23401265639494,-5.323376976757117,-8.39299553104264,-78.20343594245324,16.604040876484643,441.9799491805046,-5.014525926891712E12
14,44,0.2678457167684126,0.7766789097422475,-1.9322930188596574,-85.50173341326153,-4.776672965667308,-6.089734450247098,82.35822737938022,-23.835286942449223,497.45431693900264,1.016240313212983E13
14,45,1.5164103701110159,0.41767315419374995,-1.8755497731945434,91.90948192843543,-3.1425437692022973,-1.8690202003675869,-86.43551268441495,20.17703582487716,486.23421019981134,-2.0595055031918176E13
14,46,0.1779573284236044,0.8546045822310036,-1.2071847875118924,-95.8548412642438,-2.1092945778862577,-0.655279676978372,90.12618353232257,-24.6221008816736,540.7683178026956,4.173779432322237E13
14,47,2.4737497316209582,0.303142484502849,0.03365408589888952,103.39558594427605,-2.0092646054224184,-2.6778892555232447,-99.79381160721881,22.15938525737359,525.7900795989798,-8.45855217324212E13
14,48,-0.1804154480697355,-1.1912714247693585,1.8724150998153284,-111.12766095173733,-2.4508830040844662,-6.048642939289198,105.31895906032851,-28.454961476595777,587.9183161286471,1.7142042608427916E14
14,49,1.3568344543381756,0.12561772859331266,-0.06432108914162302,117.7020669522995,-2.2452801228614927,-2.5358634641544837,-111.70599260559557,26.70468856261808,568.5660396646344,-3.47399435235965E14
15,0,-0.716878013031173,-2.0230333998365113,1.2122861893978132,1.2828840294974468,0.42007784515591806,-1.999115348904033,2.2583729668723067,1.8600847938950633,-1.9800127400873464,-4.179673439316535
