5,0,0.5567439401800234,1.1284679440917444,1.1828268281254377,-3.75055607736511,-4.198122594564014,2.134804672307353,-7.63061844243406,2.244505405287454,-7.266446215865493,2.150785466061669
5,1,0.1275379890990569,-0.4447134495024414,1.837362255400406,5.314171518813198,-4.840120354631467,-11.239398105107774,-10.500354355240718,4.524000671015198,-7.832622588405816,-3.3878235740667977
5,2,3.024110536994413,0.9641758383179291,-1.8906893948105863,-3.9708805876857527,-4.409411108294952,-4.97046374890082,1.0382997721735683,1.3061659542037602,-6.059806294031013,18.92811968007274
5,3,0.10268188174913517,1.2209345887233352,-2.5230702374615426,5.631939092049152,-2.948779821983822,-0.32250029042789086,-6.5298591970865365,0.7614090489444231,-4.04804727882559,-39.00407397332895
5,4,0.15607467970751165,-0.26280415649992706,0.2189876369317325,-4.690132928677691,-3.698114073169635,-5.209573532951918,3.945430496383303,-1.334385574946897,2.9329468094858573,86.49790932695318
5,5,0.9509225439508208,0.638847212553089,-2.0857317234185895,6.148578114318214,-4.350737055024412,-5.546359788726384,-6.482676305653212,2.0175538093734353,6.748593344800854,-183.1128132519788
5,6,1.5170160788350118,-0.744589453358097,0.8655670490251983,-7.0127011093352705,-4.754227982837972,-9.022810664968341,6.728956139776049,-2.585340239779737,16.642765825804965,375.57361899347836
5,7,1.3340422273438681,-0.47865765558475737,0.8312455188097985,9.500361491895989,-4.242361638469318,-7.356417520896835,-10.79719391732971,0.6768795688134911,20.554276908084784,-780.9953162427254
5,8,0.004950892157370768,-0.01099096372709385,-1.482221308665349,-9.174268274279331,-4.774154457854208,-4.800469460156241,7.084039679946334,-3.8143274563176695,32.86621532018667,1581.0367125369205
5,9,2.826109716922242,0.5121198351278647,0.40365362580064224,11.94183553862134,-5.75703323695204,-10.481230597214232,-12.243707582146708,0.5873349564859236,39.56741386367938,-3235.617987760679
5,10,-0.583650827226155,-0.6240582496094709,2.1235026564049817,-11.046836998765851,-7.25384423545351,-14.303115568880525,9.01055126280267,-4.260253124633032,57.68104049189336,6546.959746324263
5,11,2.1278044852698215,1.124172149924012,-2.3382154171518588,12.97558828876097,-6.796519351788859,-7.590191950413415,-14.80504201650434,1.5220051107911903,64.3553136703931,-13312.213516333712
5,12,0.03114631743690785,1.7003991772107392,-2.3102366228653786,-10.071418635478496,-4.941930400540531,-4.540048361297219,7.693120950647312,-2.4456935010393934,75.9959911627156,26954.037183859033
5,13,1.0152444323637781,0.8491358204766584,-2.916317444611538,11.056988677237054,-4.529811515521118,-3.8102121739441563,-10.499305334857187,0.9243871632542414,82.6610437542417,-54677.69353165376
5,14,1.8267523934740209,1.4252694135905188,-2.835575464678833,-9.352013635651023,-3.078480358444392,-1.2229458291945303,9.539772867838709,-6.168760288536648,97.3024912374413,110772.55687556109
5,15,-0.34260893490948263,1.844559104206092,-2.6054561961735994,11.807466830681669,-2.5457229158913037,-0.4041209554830961,-11.967241214877841,-0.5632874736542901,104.14536474725446,-224557.17723639612
5,16,1.4232310775971193,0.8337097362937153,-1.6593386717141847,-11.203702369561647,-1.4960940892004149,-0.7876152295692358,9.756776882326072,-5.664671776003632,117.26707843156116,455039.46340537065
5,17,0.7997941297426827,1.3753556118102122,-2.101983423420873,13.577862224191772,-0.6758988468627485,1.180655719688795,-13.394499660233226,1.5391387764201359,118.29880766349237,-922258.238082583
5,18,1.1596759701801853,1.2827746267808884,-2.057413380189295,-12.047023740883851,0.7778740839649789,5.466326157961269,11.691494805552175,-4.8531589754535025,127.68257701414227,1868991.2344143235
5,19,-0.36455704100912356,2.2202208661457283,-4.9371008076282505,16.4092075114868,2.370564350794009,9.136899181511607,-18.029804441519843,3.802251074051324,121.82746045702466,-3787767.047526136
5,20,0.7632264278395675,-0.1935495796367681,-1.2545040837037378,-15.428497241016577,-0.3059413635139676,0.07621629209676745,13.632311616300932,-3.742568948124897,131.23497498177997,7676214.178836666
5,21,2.040507882787189,1.723492743948563,-3.828417382039326,20.27478726037822,0.30270554745275724,5.190535595098808,-22.523140108463284,4.776410976150463,126.70908688414094,-1.5556650373011852E7
5,22,2.160511857542554,1.1509968508689612,-2.3770174707341063,-18.463113968412724,1.2878970343848932,5.1337182637456005,15.813106021461513,-6.0656386222367695,137.53830397649912,3.1526951405968726E7
5,23,-0.05445678986106217,1.8345067821549828,-3.9033256027946304,21.247951070290917,2.1223300539122527,6.782959434679081,-20.955718432102106,2.56357696266663,134.34253254197682,-6.38923947213971E7
5,24,1.3204970396179032,0.43364069883892653,-2.4416771293369726,-21.3252193670412,3.3186622661469114,7.999811317251352,20.494194893516173,-8.15888767745881,144.45174921274864,1.2948382826286726E8
5,25,0.24806243001989348,-0.7053368888784309,1.1092513608502836,22.429263655521,3.126322442764193,5.562184587310399,-20.937597327061855,3.5882668821916863,139.39287750023007,-2.6241112003479803E8
5,26,0.8529800549355134,0.1867407371196796,-1.2054317613330745,-22.45847190600382,2.068772057176791,3.341422180223522,22.01994917757159,-6.85005764934161,150.04880335028759,5.318004865133993E8
5,27,1.2306771857835355,0.7035925173709682,-1.6876855789194753,25.792429735554613,0.3364070206466101,3.142657668386417,-23.02244650276516,4.28266433738421,146.53104235332512,-1.0777432503243132E9
5,28,1.3040814433343006,0.8909843358656719,-2.2121487101158945,-26.04439660645232,-0.1804343093455542,2.57746771346691,24.34415695122431,-8.92857523079117,163.28144216449397,2.1841468723220806E9
5,29,1.0074853432635884,-0.08363518726054509,0.05644010821923698,28.43304350877955,-0.27641783608848675,0.035694153126482275,-26.754127867898596,6.458735093310242,158.25232603364333,-4.42637687483694E9
5,30,1.263161712997325,-0.18700795567786088,0.5124222326186212,-30.26970595337326,-0.22141182500926992,-2.3468037052685005,28.500341167322432,-8.063412379817722,175.5554552889182,8.970464328383549E9
5,31,-0.625968820611435,-0.5641792310562156,0.4237644451477538,32.57654596974485,-1.556631343567981,-3.241994980848441,-31.322045928108206,7.217445552454592,172.30815954560367,-1.8179480325118107E10
5,32,3.621914802409412,0.42195548822623374,-2.0867154917636404,-31.973335410739168,-1.8145866301169182,-0.7791133761872855,29.94852764104817,-8.770222378079835,190.21913284426861,3.6842407477217606E10
5,33,-0.021083119066184763,0.4878175484509192,-2.6876848309806056,36.55104761433729,-2.6930739465038767,-3.1532638297144886,-34.94816612264847,6.751025314166833,188.78887024052975,-7.4664565167173E10
5,34,2.086033384430873,-0.4330604033678789,0.5342002448096155,-38.78521621108091,-3.122507529322412,-6.875977914590111,37.89520502473494,-11.79459000195548,214.94199937723027,1.513146849125127E11
5,35,-0.16447439939166292,-0.6221494669688901,-0.6868761416573099,41.42602772206425,-5.855178285776136,-7.648873527718295,-38.658012501051594,6.600550549318278,218.78192116134144,-3.0665328111797845E11
5,36,1.1789672923852867,-0.07656465198020102,-0.7298639944574583,-43.316353001877594,-4.911475062603736,-4.581556362271679,42.81382615096631,-14.70233437863505,253.3687639358448,6.214613922856113E11
5,37,-0.8213456257313628,0.17924969751948883,-1.6968151402523646,46.06503574967153,-4.38697638669268,-4.461189750764531,-42.2953165545612,7.366259360034692,255.72871975990202,-1.259449306390863E12
5,38,1.540942202682796,0.35363432251699833,-0.593460184217578,-46.84814629637499,-4.560714606643867,-7.218674305927562,45.313545128611345,-14.227790476392748,289.1372636196029,2.5523911457162373E12
5,39,0.5915990790989367,-0.3273059172172897,0.4477197638036098,51.01108726003276,-5.099261890146593,-8.937972419779221,-48.1242955980666,9.133710026923369,292.1095282512561,-5.172658024562393E12
5,40,1.2139340716649107,-0.6541108732368368,0.296193099428653,-54.466293131724136,-5.1502848748436465,-8.542748386303868,53.139881739447816,-16.373116038286312,331.879550818531,1.0482872534094518E13
5,41,2.564190397122386,-0.7667337179412173,1.6396483323377236,58.124577124744164,-6.891444470479511,-13.878828541844886,-54.948210580362414,10.491033250868599,333.3432706754169,-2.124451607792459E13
5,42,-1.695306682468421,-0.15602978095433706,0.5922491850160233,-60.18029980152071,-6.384073513255845,-10.686569883473302,57.70910430922488,-18.29087100372578,379.4345655817375,4.305398753164694E13
5,43,2.813236600478895,1.4231182107425462,-2.94021864257558,66.93069885826728,-5.853527122062943,-5.99388936866504,-63.8571376435814,12.315906750156556,380.21555052765524,-8.725290967265286E13
5,44,-1.4987224092822375,0.23338557693814999,-1.345922216985131,-70.87647559682486,-6.587771209365102,-9.059326154772087,67.1776937139493,-19.717741690008385,430.80329593028245,1.76826135807234E14
5,45,1.8687577548124996,2.6367988568981695,-4.047561143678976,78.09835763696815,-4.537136564772123,-2.4262804492986976,-76.12254506842639,15.384837708390481,426.00880076444133,-3.583546087101971E14
5,46,-1.3502699031773262,0.9475483260215105,-2.0796281223106856,-82.35318768389544,-3.390179961479696,-3.83562028861637,77.77408937365107,-21.58118484004816,473.52143146803644,7.262389408525772E14
5,47,1.9314064977982253,-0.953756011008301,1.7772610878705888,86.89275163740736,-3.8304723630334374,-8.56428242634503,-82.46842426850678,18.997298840551434,463.8066501371037,-1.4717907524873842E15
5,48,0.4261574919951624,0.07675559454880698,-0.9709581737625887,-90.99342883519837,-4.828444636060961,-6.665592425404544,86.47303706107549,-23.084818043377688,519.4188585608598,2.982720833674595E15
5,49,0.3509911302771517,1.9129941178896779,-4.524378026327259,98.5597749104394,-3.120202701610713,-0.9741235048651302,-93.21297732125328,22.80535304609265,504.6863746256794,-6.044761156843703E15
6,0,0.6501408441701937,0.45167016643385793,-1.362734984083355,-1.018398026940971,-0.012881042854228753,-0.43738234876690596,-3.1603303419569677,0.7316161067033183,-2.1451555462262544,1.5663985202674906
6,1,0.4917267510184543,0.7520721770203074,-2.684344926459016,2.170465736697434,-0.026353128748096075,5.361934352015166,-3.9420396238159356,0.11453605130014549,-3.559841498335664,-1.9171865406612827
6,2,2.4423130124008505,0.8704447544505459,-3.1377443992566794,0.36879344926149316,-0.4274754248236443,2.908902700904945,-1.7564258473432628,-0.4766775632423904,-3.929654205504967,8.013609828668024
6,3,0.9205487121183207,2.0496309638273535,-3.0287636444664106,2.1588972879308166,0.2721057183060561,2.7432313631417458,-3.386189774458086,-1.1502674532689565,-4.138807836112174,-15.059695771370503
6,4,1.3731282203597825,-0.6191611784354221,0.8455656153763031,-1.8870347387958053,-1.343298269386024,-2.1019705332012473,1.2720959203206201,-0.7726897553605669,-3.4621676084741315,38.76770634075567
6,5,1.45854598539497,-0.6067897657484455,-0.637602376236069,2.154615347646347,-1.543317085684236,-0.9048360149708187,-3.1394327747580295,-1.2274860796329143,0.15867635907329625,-78.59052665445822
6,6,0.5944070467325818,-1.2058269946818239,4.529081697358729,-0.6110056379849005,-2.339205451407928,-7.838910850783333,-0.15512897440349233,-3.5908820715323784,8.40100865149462,158.32217578670327
6,7,1.2321725609074081,-1.8954476327869771,3.9783878441386427,1.5448478147663094,-3.7827081442684274,-9.717120968459888,-2.999771401144427,-0.8233362885058351,15.726475893368155,-329.4964738580071
6,8,0.6754871216700942,-0.20206468324499283,0.4036411410269522,-0.5879679695379552,-5.323666970196499,-7.775782293315578,-1.5813542167810428,-2.3830665993810936,25.45395698271563,660.0911310476337
6,9,2.7265000400819335,-1.4729654240294763,2.2530756870844963,1.6450697782705364,-6.054507167856817,-13.83814301678721,-3.1592015557511184,-0.7769270929774409,35.077741205561395,-1352.1477352267514
6,10,0.440786207068516,-0.07945265035636928,-0.20763735697448849,0.6169986383810424,-6.692772754167213,-10.258005858438386,-2.2253096733385065,-1.7667957090174942,47.335964949263676,2719.111800382638
6,11,0.8507079041390007,0.5919284520134612,-1.132963598980599,-0.07224547507515444,-5.452005293047274,-8.001542248200105,-0.5886422241902196,-2.336520969943225,58.756455379932426,-5539.055696831489
6,12,-1.1929537919340878,-0.5789420386701877,1.2811292857040517,0.7327159659584729,-6.020994370009683,-10.478138916685316,1.0377438483621937E-4,-1.6838750444618236,69.91874286702055,11189.768034410195
6,13,4.0849896420708856,0.7512542973352081,-2.1653149044078726,-0.0025847714888003193,-4.609964402488115,-4.622138982792842,-0.373870752556491,-0.8624506641055092,77.5096117232236,-22713.653774898357
6,14,-0.48631608973996326,0.2287477516625239,-1.3568960100692635,2.223672693008332,-4.621737911820265,-5.883920110328107,-1.3591331558481912,-1.426311595896509,87.66487258374163,45987.71774000108
6,15,2.2669047765731394,1.202409315962278,-3.0892744858117744,0.2116626063177287,-2.6353124290243244,-1.4431376952752974,-1.1904238837518117,-1.750780969289216,95.630225719835,-93247.0780578716
6,16,1.0463842030052137,1.762660313606828,-4.133408776547153,1.6879764423143384,-1.293481718199823,3.5311800310373407,-1.086892978519468,-1.9776366146907616,104.54796395685881,188918.42446868232
6,17,0.3722063757528419,0.7857321132926316,-3.353293115795028,0.8397024605560771,-2.228209842504261,0.49111691938309526,-2.843766323842779,-0.4868655088376703,111.28299008756585,-382917.9051780632
6,18,2.126768199317103,1.7945453385205785,-4.421010814086921,1.2548546082026468,-0.779216692124191,3.160536543469208,-1.1676823853825975,-2.188887721310705,119.24887350958896,775957.2033143184
6,19,0.33633196575323376,0.07790898363972398,-1.1213160774090818,-0.10149620431407229,-0.42416838384371247,-0.43664514656835085,1.0547434533583175,-2.4481667903858955,127.03910313169354,-1572615.8301062558
6,20,1.757848641461765,0.6225221750972596,-1.6756150524274198,1.78485635971707,-0.45389047957544376,1.3206389042273172,-1.5057434382498485,-3.1019921517904785,134.64873671847099,3186981.219800813
6,21,0.579022368110151,-0.16062692614146823,0.7835876338798204,-2.0678040368779538,-1.1113434994971292,-3.6604827712441015,2.2780662848912554,-3.1276487744605808,144.82166657858113,-6458786.15285147
6,22,-0.4281396676327611,-0.36980519051241684,0.3979878068248185,3.739353894092141,-1.5552463722243173,-1.3783589369057552,-4.348212527602372,-1.6129113283131917,152.90909970822136,1.3089247497369684E7
6,23,1.9844848324278108,-0.03983144089811183,-1.0072467294790055,-2.4613880750497668,-1.993319461906455,-0.6819419858862419,1.819604611425233,-2.6276937742324367,165.13259653635063,-2.6526658873795476E7
6,24,1.0496671851396011,-1.5617348665317012,3.1673832215612623,3.2253142979700766,-2.8985433670079264,-9.473762500929995,-2.7418699047699153,-2.6217576693353157,176.9799103879769,5.375864585032014E7
6,25,1.285668457519453,0.20479258023936064,-0.9088560530315829,-2.7657965517197383,-2.690501222196884,-3.2783058386655393,3.3856482184837784,-3.01714984150365,191.02102407529426,-1.0894698940322824E8
6,26,2.338111346544503,2.630502730535376,-4.635551430631487,7.085839761972223,-1.2057164240823441,2.8723655906792693,-7.179777875283657,-1.1220341005185692,199.37541285255554,2.207910921861809E8
6,27,1.3475703192790487,1.4541477538505254,-2.911542618307627,-5.542749360654001,0.6445933494110958,4.280191186159459,4.86579595278669,-4.185147918922367,210.01024707290193,-4.4745378330745757E8
6,28,1.1768987954832162,1.862290541167267,-3.609085538355419,7.165290221027933,0.9931513704155536,4.159162042900977,-6.83130094018523,-2.470255269212857,218.094024480787,9.068065828356136E8
6,29,0.3984112613494532,2.3804753042924736,-4.990869436545648,-5.730043734828624,1.9759253785114375,9.19039692992423,5.911970228252174,-5.705859338088511,229.49759153845153,-1.8377279833375037E9
6,30,-0.17053316259763474,3.3741390231710646,-7.127206588413139,9.868337777358567,3.37635921989472,12.502573809388961,-10.58366337583502,-0.9708581120228618,232.41665096214592,3.7243265283276944E9
6,31,2.1390684412224856,2.368970057310882,-4.604686919694242,-7.236219704240475,4.176337620128788,12.603692539176171,6.146914966146105,-5.0662522603335765,239.87748766314218,-7.547694182918804E9
6,32,-0.08741283527458676,0.4544517747722734,-1.1072459718519283,8.65640352234276,3.6643504120200467,7.6959134343199,-8.027477486412003,0.41640232051854353,241.81703942824032,1.5296104044620874E10
6,33,1.3143598168238713,1.2443588138709372,-1.6543310405976128,-6.353113829067971,4.170938049985028,6.516140504976341,6.977942975716612,-4.8891287232810345,251.9927091072431,-3.0998977480373066E10
6,34,1.1278555725367376,1.2439575628367092,-2.8730191439254407,7.489214165028278,3.9677772149776525,8.327427201190385,-7.827546752142637,-0.02862903701095909,255.27430411027885,6.282231056749711E10
6,35,0.9659648306824812,1.657058650289875,-3.7384864153265474,-3.3621053489911312,4.108552398034735,12.24778819732785,1.12649969407384,-1.5259062388148859,258.3004461456625,-1.2731525485392847E11
6,36,0.442848732702277,1.1524641732471765,-2.6765757360296325,3.1611351865796036,3.4060856033640445,9.053731618837684,-3.5305879397443305,-0.34885554504111227,262.8733376398753,2.5801620389914957E11
6,37,1.8066018823889447,0.5377696428458855,-0.8239674079479404,-2.839876032260549,3.4740253253207536,7.957161418376323,3.0723259845415325,-2.2646929094291206,270.8804712824277,-5.2289383236055817E11
6,38,0.6938182883678761,-0.47395239561829505,0.22878535608987555,3.644328649863979,3.6912133632792488,6.248636884086931,-1.363456817818939,-2.090863563849496,277.07605443081866,1.0596929792666813E12
6,39,2.067491012081022,-0.4457465559284551,0.6211866769099748,-4.279727965957621,1.8438404153863586,1.232483091115321,4.852111174461289,-3.9399000568260982,287.29921291440564,-2.1475663720737349E12
6,40,0.2305225722757966,-0.8357024445577015,0.9455350052157763,5.320694676087263,1.5742325556462744,2.3173396453509794,-4.61485500884218,-0.9960788210851025,294.660495307776,4.3522429724620093E12
6,41,1.1533071451802064,-0.24252367331546817,-0.23334291492690284,-5.365885974705429,1.4367282730187738,2.807030575517792,5.759055915200938,-3.6514799167250738,306.4484748700067,-8.820225134220955E12
6,42,1.0962084073678546,2.406867492581323,-4.941226612473727,8.962954015594962,1.9388851551148845,8.960082076713551,-8.44441016152127,-0.8788678364505236,314.9205498196118,1.7875006498592832E13
6,43,1.2495835706747243,1.3407839786034963,-3.942505134345242,-5.350301523353597,1.7933210811338511,8.22447380499525,3.769849200073017,-4.334430916775416,328.3692775525949,-3.622536301139292E13
6,44,1.4516344807575323,0.7027450298492488,-1.2790815460025777,6.894089668861922,1.5219726895048762,3.520704878334187,-7.266863083567984,-0.24548151570096283,336.0103926746953,7.341406703271594E13
6,45,0.10458574164787482,-1.3803951805459511,3.720472191576067,-7.451135481518543,0.4691835556467572,-4.369640280097878,7.053889317701614,-2.979198558991716,349.77908826959657,-1.4878043421149422E14
6,46,0.4746012665344608,-0.03457231032906127,1.322128897207047,8.842791465783755,0.49313820319133767,-0.04267092138613615,-10.105676987310328,0.4957571047328796,359.7716376474962,3.0151738622865806E14
6,47,-0.12940600568340432,0.1868708535160661,-0.4555539841833983,-8.445318550499408,0.2047013901387113,3.093974628778078,7.376260166503044,-3.444916880899945,376.7644437432488,-6.110530237397694E14
6,48,1.6239962382496693,-0.9926663079749493,2.8228169798584553,9.149840954793982,-0.11780866323751837,-2.4634737241427587,-8.058954161203356,0.41772540100791805,387.80052164442577,1.2383557793850665E15
6,49,-0.183723963159649,-0.7121570624206347,0.880289404959961,-8.853930113248184,-0.9055377537979497,-2.854833525640254,8.248548120254297,-4.238697351099411,407.89638823836805,-2.5096431516716765E15
7,0,3.574373188916185,4.272512202479269,-1.6794705025468832,-6.524377246620781,-5.768760507513758,6.166835807830805,-11.01481059855703,2.628259645097806,-8.91364674957502,8.642805043301085
7,1,-0.8131554407381592,4.557751774695824,-8.089911159248196,11.034729749797522,-2.906039683496151,4.236381196610351,-19.940918788745005,5.1062773278604885,-13.678419462887303,-20.42330301911888
7,2,1.849950868609095,2.3691039261191085,-5.836000654895464,-7.524114228900293,-0.9851518083015315,5.790337319057638,2.317838645801174,-1.870106998344894,-11.260173507719351,57.79107391479019
7,3,0.21791592520248063,1.150798269103696,-3.3394489888928964,9.612723258965742,-0.5100938341495633,3.321354032326335,-11.235535708886424,0.8386875308592207,-13.021535863085578,-120.42570179485605
7,4,0.9752578425371857,-0.0314041620933756,-0.10110188269745063,-8.366117365592727,0.2479132035351489,0.9542644507483109,4.277854681154695,-2.095156419724607,-11.561266887522338,262.16475311476086
7,5,2.3997300172122404,1.5205161261869615,-4.2165891381662295,9.981028348564225,1.0655184760316536,6.800848042241068,-10.847433699744885,1.8688145204578932,-17.408691460171497,-532.5573125785126
7,6,0.17069913996073666,1.0510925732619236,-3.2667610192903958,-8.998734658713369,1.1231095730960716,6.094002759196543,8.00945413257889,-3.3471682537793233,-15.110909865753769,1099.6095034733803
7,7,1.5026578431765523,0.4850733148751474,-1.1643841217469617,11.247700855433711,1.0318257230571994,2.740579615225324,-11.050552987283183,0.4058764559759912,-19.476621772650923,-2231.573698822205
7,8,0.6457012116659617,1.7500822487095404,-4.918060725773438,-9.135451826368117,1.6336525913966,10.235889296211303,7.902111170765338,-4.722919166443485,-16.540913430079428,4544.493595629028
7,9,0.07293401628842844,0.31127604391105335,-0.6161616046017178,10.796024907970093,0.5274974629595766,1.3904711712231952,-9.677743885261524,-1.290027681484251,-16.356576660372255,-9214.181512800706
7,10,1.843189949650881,2.1839637603095476,-4.138201432997124,-8.586136366104565,0.743513216139419,6.192599914361481,7.7197826361647826,-5.484599101545631,-9.158114951820863,18692.562269494578
7,11,-0.1452265312440123,0.06620613047764268,-0.8328636505240852,9.792966032142756,1.3177518519677873,3.455163686351967,-7.8316997101677295,0.5997754271907689,-12.008766066055589,-37884.978501467675
7,12,2.3873155932119614,0.020840371280205383,0.18953479898692088,-8.481021444024776,0.4410911828457268,0.9080442771079225,9.101602126431647,-4.0788134187517455,-8.381415197793684,76793.27715346424
7,13,1.0255802257779711,1.701064061518217,-2.787207754492578,11.479592794442015,1.1968316826962906,5.475122341146491,-11.597647677566519,-0.501903189318337,-9.891197924315355,-155635.43826004645
7,14,0.3556658655864927,1.320933434612871,-2.1952384311185655,-9.219668736587833,2.5123312331450416,7.389820055655446,9.68323349735214,-5.569769383715555,-6.205329363747311,315423.279149001
7,15,1.0818978280416187,0.08654097483741685,-0.8733181618698331,11.065305104559082,2.9064390787577707,6.265719003221109,-9.584421022143067,-0.2519009341404685,-10.557455396061895,-639241.9639612692
7,16,0.09923847160029375,0.9295460876945741,0.1474014742614207,-10.879723307781894,1.753286724456646,2.573796586387481,10.32935884871491,-6.010032362462233,-3.47677741370981,1295500.3898652657
7,17,2.887738269980355,1.034354418692793,-1.3291733510894934,12.930906604687157,1.1936755544036624,4.904070823682712,-12.55944440160408,0.06863209380724938,-7.0087523899095565,-2625462.3641740256
7,18,-0.9323767411841717,-0.3998274400304266,0.7627719159113224,-13.267145481729845,0.08863296965117329,-0.47239473363118406,12.779492539062735,-4.55745617087687,0.012914488694704462,5320760.678637991
7,19,1.9594216943925127,1.3931614384121902,-2.232692404231676,17.711247361100448,0.6968217090972502,3.4135650682053624,-18.489658776954172,3.1021691030349534,-7.713612662990152,-1.0783032098643282E7
7,20,1.4353735641187138,0.2098771533370012,-0.9058421820314426,-16.911774173937093,0.3747496078004823,2.117790081951735,13.681121133537044,-4.594852530617065,-2.834373416960927,2.1852841780954327E7
7,21,-1.3816433359345277,-0.11615102566645275,1.7933572462967131,19.047856315419914,-0.25192309469892427,-2.4017903938575467,-19.87986445869131,4.199257192817824,-9.67275277853063,-4.428683152824796E7
7,22,2.114892572166367,-0.6750927389750646,2.3980731371565076,-19.949086069816882,-1.7506320808828666,-5.18976399532873,20.287194807116546,-6.276748419147026,-0.3426753834774168,8.975141114293003E7
7,23,0.2626346977359533,-0.5936726369409678,0.5120755031671573,23.344956386054765,-2.2378028526452023,-2.741195568534525,-22.83620956202659,4.148944392724184,-3.0451890878627967,-1.8188960548466727E8
7,24,1.430257717046816,-1.0651514677899596,1.566244097213294,-24.086827615856794,-4.286784619829214,-9.207951946030557,22.94462879449199,-6.035134541479522,10.377646870454186,3.686162303964507E8
7,25,-0.5172748977178239,0.34577699411072116,0.3674122678193128,26.616505138128456,-4.503442212605709,-6.178447528222343,-25.00154659362072,4.860103836593345,9.404171358548139,-7.470351064593052E8
7,26,0.6561005153004178,0.9288448398457122,-3.9210331558402896,-25.759201845603304,-3.997794385046145,-2.147378270286231,22.56666238972118,-7.306002647049988,25.868021052703977,1.5139361378701305E9
7,27,-0.15735614863109992,1.0446754114228871,-3.1762111362362853,29.5058102967828,-4.644588114349973,-2.624452841182303,-29.915495057646176,3.984711922760797,26.158819548719865,-3.0681324231047306E9
7,28,0.11293129681777225,0.30462069609929865,-0.23757481761147925,-29.336466547012904,-4.505035102557383,-9.279527437560803,26.288621490916647,-7.961673302800944,43.97450558756291,6.217855703380934E9
7,29,2.6419731598932135,1.207268744495848,-3.6208524880944832,34.03761742237742,-3.893040247164919,0.5867460294793476,-34.03067455021974,8.12442995117851,36.28434389785009,-1.260106288989053E10
7,30,1.0891241391008475,2.2986893328260734,-3.7587240405524125,-34.3964336689188,-2.4438452118464875,0.15852501663899865,31.0825280299428,-10.02464489224622,54.39684360852493,2.5537225837821644E10
7,31,0.23511093401229244,2.006239875351886,-4.523742536910373,39.138348430943886,-1.3761409669124332,3.72294412708638,-38.89408374741312,7.716731454679745,45.73231272360337,-5.175356314487107E10
7,32,0.758980944229737,2.4466504334180215,-5.298056651724973,-38.19738334327097,0.12675779075947763,5.663058660682005,35.44963197212247,-11.51769969248662,63.53660870777651,1.0488340870991638E11
7,33,1.455167567785589,2.7890506532339687,-5.807369205622393,42.39058673787182,2.023931273513001,9.805998660665024,-41.05904236296934,7.753615414490127,50.93872308985809,-2.1255598178607086E11
7,34,0.42416085788988633,0.47732881417539375,-2.9551280548607894,-42.219495692025674,1.2508121705142154,5.720193040112464,39.14578319020577,-11.4019867128493,66.93527832273237,4.30764464412847E11
7,35,0.9724972411731143,0.548437585060241,1.2968896450740108,46.164466170454155,0.6102818663683276,0.4577950790458155,-43.41826552197713,10.19627104267221,51.53997259767044,-8.729842474968014E11
7,36,0.02429065244483397,0.04828943701400684,1.028949986541748,-47.42523263061723,1.2378706340740853,0.20972059738112248,44.263196837794474,-11.938864054045528,68.84372657765812,1.769183763461465E12
7,37,1.3568820302615587,-0.48513668079066785,0.4495042329040175,51.87797303917809,0.5936482538141683,0.3337629859984377,-49.21920362023314,11.036113603451792,51.90533119563408,-3.585415427493815E12
7,38,0.7970315173140352,-1.1374983163771617,2.905398920308267,-53.931735401907765,-0.5831077358977584,-4.628201864676751,52.22105990690816,-14.391425838865333,75.07057508824467,7.266177800706348E12
7,39,1.3218733100314968,-0.5000554848391885,1.2081296893765745,58.46414821301447,-2.2647451297476806,-4.658367335863863,-56.48480831213827,13.56540680996532,58.34149857123471,-1.472558505403991E13
7,40,1.1162241628835876,-1.1716228217769422,1.1761679730095769,-61.59177592527873,-4.47660644875864,-9.425564199327972,57.78443576991722,-16.385803669099722,89.42950543752453,2.9842767563629605E13
7,41,1.5784570227923092,-1.9847492589099751,3.3009534190443928,64.34810739022463,-5.461484649392259,-11.782680012225704,-61.725432464465236,12.847880661299264,78.99694180248213,-6.047914378880927E13
7,42,-0.42004734807329225,-1.5945109345146897,2.063360401168172,-66.39902132865346,-6.95649001012803,-14.2662172280999,63.64442719587024,-17.759543504766658,115.23415190360639,1.2256660933414753E14
7,43,3.0570190760195457,-0.07042769660862802,0.8959434463895644,73.59805887869199,-6.578765904061156,-11.701597856871496,-71.24199441714654,15.945682853554535,101.19553059144266,-2.483926322788709E14
7,44,-0.6372303794523753,-0.6990486784442382,1.8532410244524447,-77.72157593460729,-8.036740043662533,-14.195665171540465,72.96156976303472,-21.715720310872108,147.97657594488345,5.033907693586249E14
7,45,2.040502101882453,1.4140848981610328,-2.659963525343515,84.26951572462114,-6.62923241205619,-5.701303504533631,-80.44899675216486,16.627742945475834,135.8251856119914,-1.0201682084958295E15
7,46,1.7606291565918468,2.4514926280706426,-4.942658554290038,-85.62750966306785,-4.631010912887519,-1.4874612460754,79.4586929142548,-21.44631571823173,177.51980192051232,2.0674657482326188E15
7,47,2.7533285967773615,0.5824925686736249,-0.42348742983536836,93.43855172639995,-3.763747452101461,-6.258161572827161,-91.98800169010143,21.932956734959692,154.27795320695193,-4.189911609201753E15
7,48,-0.5662562230969308,-0.19350429810540834,0.1497811389332107,-96.45762914144174,-4.438634698524602,-6.807474429492414,90.03816005811453,-24.54442304254788,201.62803841470713,8.491245529910285E15
7,49,2.315457994450388,0.256906915963748,-0.7752427454557965,105.54347376137667,-4.178089228044278,-5.182329765554046,-101.92796146547903,24.376448530750427,176.02812213056617,-1.7208298736153686E16
8,0,-0.5157675155277316,-1.2335741675920584,-0.6952229492517034,-0.5754110146144623,-0.5589454014135945,-2.2714494319764693,-1.3456099822381378,1.5215190237019107,-3.1463680395851226,-0.6073940554122461
8,1,2.3615759479190714,-0.7384810397447494,0.8366224493481678,0.3067157837348612,-3.0555468090545306,-5.166317571429483,0.13258550955176995,-0.18646809633230627,0.6516836495105829,3.1244117975269434
8,2,0.18047428967260778,-0.9568590053439466,1.808253974233986,0.2054504802346221,-3.5795211438068595,-8.8790120193997,-0.8677832879250195,-2.438055614943085,8.38144428609842,-8.027659278541504
8,3,0.9062032604892233,-0.48785865196881245,0.8493716827633522,0.1959854692256185,-1.841294822876792,-3.6316937313568305,1.0827082614765406,-2.4262098262821237,13.749468986239835,12.690648989976609
8,4,0.2827059638715659,0.31240929188286637,-1.8951381937253298,0.7029002825551642,-2.4552459958700408,-1.7857537174581746,-0.5429487621739378,-2.1677499822828907,18.926797770161734,-33.70588229584559
8,5,1.0574083572513036,-0.9382294840485385,2.486088573785598,0.5537896385760324,-2.695750245876515,-6.39457016740756,1.234302352447201,-1.765413474028375,24.15597314613774,58.78333776950006
8,6,1.1981421640928602,-0.7812036405254996,2.3181926950799383,-0.755594004799781,-2.682232270999111,-6.371904343303643,2.101710015228009,-2.3443705732540248,31.543376522404575,-132.21471297763117
8,7,1.4443276347033531,-0.4742575437129518,1.7191912056788592,2.585654541048478,-3.5283117010433593,-7.947505040175111,-2.362000081072071,-1.2914454486236457,37.95049230717582,248.3230943536285
8,8,1.049493744773065,0.6977521401104946,-0.34369423624200635,-2.196141158022974,-3.2826524029129818,-4.363021384799067,1.9962989556746344,-3.38917532854592,47.165696506369706,-522.1880566417708
8,9,0.3024169567948658,-0.48298418302116597,0.43707374719720854,3.991798195601111,-4.202608954814241,-6.8330227249753825,-4.304566578608881,-2.238387310456768,57.06533332314291,1026.633117791427
8,10,3.2830582570166156,0.08327049810217606,-0.09104613940575912,-4.495498127559367,-4.685266023157111,-7.733553772623108,4.548870041141099,-4.618151702449617,70.51896467090407,-2110.441011359384
8,11,-0.9467528581064545,-0.23597718201868317,-0.09390389632174567,5.169895662917776,-4.054217866595205,-6.195027011421332,-6.079125254642877,-2.7449445429316937,82.96451686488422,4230.560910485204
8,12,2.7429504242995004,1.016158171968567,-1.2393568302543132,-3.0938557540304705,-3.7470129864696746,-5.4317784402721205,1.6475114818682108,-4.077264289837608,94.57356444576526,-8618.02058848284
8,13,0.6089489323764874,-0.3841722454000194,0.576622675601796,4.053463876143112,-4.227364661320553,-6.669100090206682,-4.532672151439464,-2.9475669020808635,105.65812422110697,17408.194101075274
8,14,0.7858257332892025,-1.3502798703608725,2.0750010364519538,-3.7340094642728707,-6.291001450426456,-13.11413209361923,2.680380901543394,-4.654826454749831,122.36450656141197,-35336.087648121815
8,15,1.5449375067433786,-0.6705457539142281,1.0743082069730017,5.9719611513916,-7.081154967386173,-13.258911650984565,-6.964204193544226,-0.7842747632196705,135.76320789496108,71537.3600196675
8,16,-0.3465089372629423,-0.7991129132214047,1.2373590276233288,-5.205156322229507,-7.510211220177206,-13.823177154096168,4.353216961389797,-2.2872298481816244,152.49074121356648,-145046.9131938387
8,17,2.212041642936984,0.12297812079059633,0.3351450990691142,5.882651665761676,-7.521244695716024,-13.501098558400544,-6.777788125387554,-0.048139706166902996,166.30569677712026,293860.2696389135
8,18,0.25728261837968297,0.08366135558068868,-1.2743472095501243,-5.130058027750613,-7.985517662927334,-11.11745007449986,4.3790305486171786,-4.18643607740578,189.01487616746397,-595623.9400383984
8,19,1.1497746988401083,-0.7217492028513165,-1.3016296420003173,5.69989017278614,-7.236737464773938,-11.676151100552932,-5.041137772315871,-1.5093285466933437,205.4287973459777,1206976.469407435
8,20,1.2381077695634195,-1.5157760065439088,3.3200442061750883,-7.235599456999699,-7.641397407053722,-16.04309773515367,8.1140199446476,-5.515798383844381,229.6407371873681,-2446156.620143259
8,21,-0.045139011733080436,-1.2422361642652058,1.6322395322595267,7.739689593953091,-7.171057258565386,-14.261235142412735,-5.921983662922746,-0.3522136471739148,245.8781198342713,4957230.082848846
8,22,1.7005976499961408,-0.5884418635210699,1.2265796131716615,-5.850496766899717,-9.060949087984653,-16.986617792173693,5.438465004031904,-4.518227041983627,271.5894042721078,-1.0046417455619536E7
8,23,0.8691252223627428,-0.5831812438883867,0.027385854679922605,7.539171388484431,-8.774784571576458,-12.085369598265949,-7.320292090285202,-1.1162334367723283,293.8105330141586,2.035983999321082E7
8,24,0.969663825456615,0.18278499558871414,-0.45798962158008294,-7.280012390745165,-8.66356508995329,-13.196465275212155,7.082919088169257,-3.809834590628398,319.4322538230634,-4.12612636246724E7
8,25,0.9046271200053816,-0.3148519357701145,-0.7213958795574882,8.55122134983515,-9.678920261705791,-12.590971449463881,-7.059988075094186,0.446235493971331,341.2674321357865,8.361960182646605E7
8,26,2.377396598623517,-0.1558803335534265,0.1585446003971425,-7.755573685357443,-10.539126645983133,-18.29692107824763,7.566643175565802,-4.7857039455507815,372.43014410089023,-1.6946308117304647E8
8,27,-0.1184398375692772,-0.06928147239233753,-0.19036505593871367,8.849350542426675,-10.37446446352185,-17.285726556546418,-8.870706717743396,-0.8927383146339338,398.76790421879633,3.4343247872641486E8
8,28,1.1847516906033122,1.62342471241523,-2.637746368348869,-6.423744982520528,-9.149819957678433,-9.790906893638592,4.493131094198149,-2.4858213387845747,426.3209122066838,-6.959980673215026E8
8,29,0.850919378081402,1.746585671195785,-3.7292390122270964,8.985527849168829,-7.604865795077349,-7.435705259730781,-9.55206467302253,0.876535911696963,447.47055585758613,1.4105045679678507E9
8,30,1.6008067005430557,1.9275034518681096,-5.274247369164437,-6.671666978911104,-5.911769928689979,-4.13045779372259,4.345301605706641,-2.937375229922162,473.2762160483016,-2.858518919641673E9
8,31,0.056204288343144726,1.4930370961253332,-3.8224252680715325,8.758578054947016,-5.739560679265884,-3.636529939329484,-9.343565209913725,0.09899168448716393,496.0047865594606,5.793054159938205E9
8,32,2.201752329569409,0.5294567442102428,-0.9254933467034807,-5.012216639985255,-5.10639562317524,-5.64397592567441,3.418843415650968,-3.6043794421125948,521.7793556289429,-1.1740163262586775E10
8,33,1.5775489648168892,1.8898264842032377,-3.117916964767029,8.922474772717145,-3.0845277237501962,0.37942382263673324,-10.819002112341218,0.3468345484358154,541.6346482165236,2.3792532371731064E10
8,34,0.29421504461893944,0.2809223041275287,0.06741036930136568,-8.213028481958302,-4.304778188993178,-6.645826634649183,5.8913677075001365,-2.6995660495361142,567.9363572086983,-4.8217779797209755E10
8,35,2.5512193052770273,1.547754696522665,-2.783233193021982,9.963570205831836,-2.1974544931727156,-0.434607144677232,-9.965050608172302,-0.13703380073534677,587.4822785711169,9.771781460201282E10
8,36,0.08759778541990305,0.7861026129113337,-1.12243563942568,-9.021138938810049,-2.1012117723985284,-3.3887528699363143,8.608502681364266,-4.4987507066909735,615.1643031569437,-1.9803423917506268E11
8,37,0.4463210519720351,0.6639062047945665,-1.9721776019558162,11.195174206540344,-1.6537703266342954,-0.14345410525697436,-10.215288131437854,1.1865924132903907,634.1011336331678,4.01334802152375E11
8,38,2.476789193026752,-0.2814953269675913,0.12868558010744394,-10.92574339503978,-1.3571231022663168,-1.1914731875050641,10.210054319150608,-2.9138636427526596,659.0736224091738,-8.133423002725292E11
8,39,-0.1248660476632695,0.8346790626967684,-2.3286246783715985,13.191566349679526,-1.3316680435349644,-1.3724229709692204,-14.008325840648892,2.573016823474549,677.9822912064571,1.6483138104278613E12
8,40,2.9171221008263717,1.5021839949786862,-3.4468724628757132,-10.602465705081329,1.3405788655785342,5.6013669357034015,8.180648799939501,-2.3695947976287535,699.5781336439625,-3.3404612272560283E12
8,41,-1.880208352471802,0.018814708129719082,0.2506252830344337,11.916334240857225,0.6181456157349619,1.8257464718365337,-10.606039678962563,0.8015373900493387,721.7253813252909,6.769755333222635E12
8,42,1.7507236384003306,0.24989273565134965,-0.34386861889389664,-11.917041580614145,-0.45073647862532906,-0.08723784464296402,12.161538651058848,-6.024565995341983,752.4802724994711,-1.3719538757610807E13
8,43,1.1273409717404768,-1.2183974417608034,3.595781372893109,12.653933159677845,-2.5732023556787347,-9.46608333755575,-11.75534107867074,-0.6177591244502258,779.3902376915462,2.780392118305681E13
8,44,-0.08556492042005648,-1.797908802210351,3.5449301604767887,-13.251493881681068,-4.437578029564226,-10.715038945915461,14.853631642698616,-6.583184572439883,820.538774557367,-5.6347231990011945E13
8,45,2.820222910855221,-0.34998132923486974,1.4776272618814454,15.369533091165035,-4.857518483709102,-7.837983184229877,-14.10452163455897,0.3558768555488805,850.7391117312304,1.1419290581340478E14
8,46,0.1900155833633484,-0.7068616749212124,0.8336443558945519,-15.290036234971373,-5.836346699160641,-10.202403644931351,15.02910337708805,-6.185309707514364,894.866683715287,-2.3142254335578828E14
8,47,2.5461362931802896,-1.2315679664934005,1.313853353276232,16.90481457215487,-7.453161844480334,-13.91575028937652,-16.216740616830226,1.3762850386684304,930.7293679438859,4.6899930596926244E14
8,48,-2.196239991055659,-1.1220887595842066,2.300429331861047,-16.95584915926666,-7.372935289422194,-13.80526935032546,15.80127188464863,-6.727753819903234,980.5993126017892,-9.504707095964925E14
8,49,3.0651994508077904,-1.726042567372391,4.1013966361359735,17.989911028006667,-8.109299939687501,-17.32104262867607,-16.83078356420565,2.120135229433216,1018.3326589017273,1.9262172849768395E15
9,0,-3.1520446863262634,-4.270310889572076,4.087593189260961,4.393489068250108,3.668777648345892,-7.678342675943977,4.994596610877119,3.2310680834076795,-0.19328600809392804,-7.603893966018584
9,1,4.207145008950654,-1.2832339897079241,2.204074791059888,-5.4312723217888355,2.8900798800639462,3.4629095780800085,10.178251786734535,-2.1667144934874765,-3.2962671593418795,23.628008948158687
9,2,-0.98277472968076,-3.306355083210343,6.409403076304655,3.9645223075368174,-0.4750213797128843,-7.944099351454718,0.05530063652509082,0.3168059705863333,-1.935808881666817,-50.82001163781498
9,3,1.3388804836361292,-0.9945572542146897,2.795232242105831,-3.6772453677672243,-0.6726338489805661,-2.832202127369631,6.748960895398936,-2.432138289882983,2.4705511238465085,109.4298880529395
9,4,1.698841332943466,0.49469361504537435,-1.570650483881098,3.276390970066793,-0.16609136913402867,1.8149189442655476,-0.5033380840508666,-0.7032649582814483,2.9028826842404793,-225.84809971764216
9,5,0.33322336128308894,1.3284311599234262,-2.0519077207705205,-1.8554578876033523,0.9144461528216344,2.0120327527493878,3.233757651664632,-3.6606528485937178,6.907405309728258,456.47203863044086
9,6,0.5878814490925582,0.9705803042088925,-2.7441512080849852,2.3722849591979474,1.881787435408877,8.344438147002176,-1.1522930025401317,-2.023647183830894,5.980800560854631,-929.5632538220688
9,7,0.88461447972764,0.4135709988797168,-2.204357552215503,-0.9116881634073848,1.851092258627617,7.927927565111885,1.5744537005248465,-0.7363022958530934,3.7165832700797092,1882.1626916271437
9,8,2.3098857191523026,1.005904107484639,-2.033376435899108,3.148663347588119,1.7485642236391628,2.705103277839177,-2.2041550637669793,-1.4617466331799611,3.5558938827652122,-3820.710460337661
9,9,0.33596056787369255,0.9585637826513396,-1.3879166746463332,-0.20312477691728015,0.5337981589537713,3.890052750664073,-0.9191217417513701,-2.1289379048782173,4.819638319197526,7741.335466905876
9,10,0.05911679994778596,-0.07722334858193503,-0.06972332826179639,-0.7555836380456038,-1.186583434184243,-2.64345366163921,0.5586767891540894,-2.6322658053363868,10.146112361525617,-15690.344249980499
9,11,1.44340665744319,-1.6933424867251112,3.40579631218725,1.275114246897257,-2.0726021456114854,-9.048205045676074,-0.2679150619953258,-3.3702931190899017,16.71310823437615,31790.129129203062
9,12,1.244469167460955,-2.262119119195078,3.8453228359839726,-1.492807921601516,-3.924084744154652,-9.360244901266375,3.45993832214263,-3.6763206522384753,26.224868370758944,-64434.76062999367
9,13,1.4217065456569915,-1.9931153943795095,2.400929361595252,1.7900210256061282,-5.58526109996497,-11.796796918570607,0.6025650260096442,-1.7832057969796193,36.743697694378724,130566.68866960639
9,14,0.4179227501908188,-0.007233094562355991,-0.660565889758721,-1.2550653879676843,-7.106188698915048,-10.922810688340789,3.0960444391203636,-3.3662507647683797,51.87907472035675,-264627.4086273721
9,15,-0.14049909365947189,-0.21085419106792744,-0.562157854477097,2.4416287091759883,-6.5884018039941,-8.723339063340877,-1.7491045870714443,-1.3896403844495757,63.336710503628105,536260.1689896533
9,16,1.6451927212243893,0.29824027198354663,-1.467192495691438,-1.5726473858766266,-7.212705081152982,-9.524017741392182,1.477942687345836,-1.4982375539177935,74.80636320483687,-1086813.5975346104
9,17,1.912674203647733,0.297785760119368,-0.5160366704266972,4.077645547883947,-6.9010761294951335,-10.285192027321314,-5.247285401885962,0.10808390083474773,85.28885774568624,2202483.8449085504
9,18,1.8778102580202234,0.9477663983320299,-2.1668571274872095,-3.8842886002529635,-5.296042518353697,-6.957282017851806,2.903329906344697,-2.1400726945204593,95.95837526144436,-4463579.460973954
9,19,0.8102603584892187,-0.4456935851817241,1.0987661099890165,3.6981075866067044,-6.274729198534139,-11.999249574206775,-3.2588804672228617,-2.0414198265392787,110.30019648529509,9045800.000834515
9,20,0.24805549446052932,-0.4724721481766281,1.5059430480873042,-2.737637185184814,-6.126801527074254,-11.591065763317419,1.9484339684455096,-2.581263899306805,124.46441009075167,-1.8332213763351377E7
9,21,1.2940312094126476,0.20363678186629217,-0.24968126415805553,4.159471419027575,-4.843174640826551,-7.261841667863389,-3.3609084150397788,-1.3760880311284984,136.51678258095578,3.715186362207915E7
9,22,-0.0029947619280525917,-0.19488873653523853,-0.0244826001449307,-2.3104179910837654,-4.241041736460242,-6.150119072121896,1.0880045548866972,-3.31304392194303,151.60468230573304,-7.529178010077156E7
9,23,1.6400357444433797,-1.5980153056263193,2.624173414514457,2.241651593757754,-4.450452146083672,-10.032776592255297,-1.9403000494482747,-1.364136128911809,164.46850418505758,1.5258570811831567E8
9,24,1.4704974903027965,-0.934520297669383,2.5563739290808023,-2.3464354893999886,-5.650208993127583,-12.484025954827025,1.922487510353204,-2.8668948312448856,182.22723031442845,-3.0922921584569806E8
9,25,0.6854444042764065,0.3031523823724479,-0.011981467815359137,3.922660298350914,-6.7986572878898945,-8.924467755609285,-5.340096825166739,-0.6241130937568207,197.07811720189034,6.26681660046864E8
9,26,0.3015548876399907,1.3687027068540232,-1.4602645905539293,-2.8110368736260423,-6.076661678354558,-6.921841130826733,2.1114997613704793,-2.396718568539807,212.82620827702678,-1.2700287688672898E9
9,27,-0.25914076881991965,1.3418884414308643,-3.9480041370174543,4.651818125946017,-5.325855719496996,-3.7380380242236444,-4.782100008884777,-1.4685801327210255,229.30836355380748,2.5738312882776475E9
9,28,1.5039085212487031,-0.44084938421965214,-0.4884674274588494,-4.548615678505216,-6.114772369185949,-9.189723816714249,4.930739030229365,-4.359494044372309,250.03639647158593,-5.2161085876559925E9
9,29,0.2473043894428386,0.6224608126558813,-1.2314969080974991,5.424207784750709,-6.238788470402521,-8.034285454996889,-4.666822523471742,-1.231106504582757,268.0602636243783,1.0570928998281845E10
9,30,2.3746238338968935,0.6217982126017628,-1.038894065997931,-4.821144798431408,-6.304646328580462,-8.577032046605618,3.824156259049373,-4.034628571751637,290.80316547648374,-2.1422970833034718E10
9,31,-0.1330742808507575,1.7168109100738005,-3.08968455778639,7.731806111826166,-5.112925787842391,-4.522509605408907,-8.988866749544048,0.7184499974312515,305.7425913530249,4.341564252130524E10
9,32,2.076703536061026,2.5670833868127225,-4.251917914459137,-5.315229469916112,-3.337148943166581,-0.029482908854159384,2.359444121663942,-3.0899806757374493,323.7035456331707,-8.798583730507193E10
9,33,1.3688036144951947,0.05462904814909031,-0.34258204497935796,8.433308651891807,-3.573806390383338,-5.850342423329668,-9.275395981620985,-0.5782376826075379,338.04491218517484,1.7831148162994257E11
9,34,0.08228921736597183,-0.7812745445282783,0.8041272901013955,-7.842699645988911,-4.8764860751462615,-8.266113987175757,7.34732747465862,-4.277080140695041,362.7747304753482,-3.613648003315566E11
9,35,1.99584838699858,-0.9238876972707663,2.303370409283778,8.506117999785612,-5.63686997510575,-10.899988045388104,-7.730144089121204,-0.2606936823310219,380.88392888757517,7.323393739103312E11
9,36,0.7068485365075878,-1.7054638317258766,3.4870020261166834,-8.159368316868704,-7.210304826067802,-15.472667617758868,8.005295059288729,-2.6548042359619224,406.3942181554087,-1.4841538476085564E12
9,37,1.0450464116508564,1.016325712234254,-0.04169871367969913,11.773668472281495,-6.662360699126922,-9.098687984490587,-11.443380063946616,0.3980256927728232,427.4672724803283,3.007775795449149E12
9,38,2.140368292033953,0.43888694425988617,-0.29950983609351767,-9.901669034818683,-6.584372091691197,-11.3162496109551,9.30844795938293,-4.020728315291948,455.6620045960633,-6.095537367166343E12
9,39,1.5661890282275404,0.26695887634562515,0.241621537422696,12.550352900799188,-4.269052301559498,-5.873058769904786,-13.385097785966805,1.7301184747205869,472.2949939576882,1.2353173347760436E13
9,40,0.5582528770789955,-0.5853802820228131,2.1168450613554874,-12.456465531303252,-4.789465455107355,-8.557214930372576,11.104416324885493,-3.13796240938301,498.7277951758732,-2.503485461126179E13
9,41,1.3731191930272573,-0.9753414416548274,2.651891393017584,14.944476538766525,-6.001464724412389,-11.502618107514278,-14.653439411943472,3.4808138586632014,515.1030804039503,5.073546106361325E13
9,42,0.26608029761582186,-0.6509267543562076,1.1630275252470517,-15.232733196598453,-6.473464831726863,-10.689517593920591,14.172478914139361,-4.505971217530834,545.5088590055227,-1.0282013014769253E14
9,43,0.9447758974769949,-0.44713371761026954,0.5626744049954215,18.41106798272266,-7.267377599947741,-12.233067666071923,-17.58541569742856,2.717080873845894,569.7737293785935,2.0837455582180844E14
9,44,0.4376431024346952,-0.3221357788095246,0.6863883674462965,-19.010775389833118,-8.011798666984573,-12.973056070663388,16.360232065168905,-6.247757405591445,607.4098844404924,-4.222904158131581E14
9,45,1.8841025748091953,-0.2502767166664054,0.2750954368611997,22.031209656802414,-7.686811636556987,-11.309117622644612,-21.327706002552013,2.521338676067593,632.9720448584634,8.558107998557734E14
9,46,-0.9644737524813469,0.17990470384575885,-0.6431297629103274,-22.666324099417107,-7.3978148454557315,-10.59474780607473,20.95250569060425,-7.123559539922189,672.8842488040394,-1.7343801746953978E15
9,47,2.0286245306528374,-0.14386133410197322,0.3326287102788642,24.16928624886039,-8.118470808550484,-11.889050309932374,-23.84575561535616,4.752298568655886,697.8792854712221,3.514882718099005E15
9,48,-0.7510529397821801,-0.989350028649537,1.7165319793078262,-24.77763680774201,-8.12623504558407,-15.91064273871945,23.325282077866806,-6.518033678490519,740.9707238266591,-7.123236705679484E15
9,49,1.8142447686223855,0.7649020511746406,-1.2163731679565806,27.22911200162394,-7.775620332357981,-11.911016286619349,-26.511596629894314,4.191143323323304,767.4040616147739,1.4435901631613482E16
10,0,1.8554466867030526,1.5159375924906522,-0.6964576147575416,-2.2209960930813732,-2.621143322692767,3.1115230145977844,-4.48751567366301,0.9638040774074138,-3.7986428154210046,2.640481583275232
