5,0,1.0,6.153451668865284,0.3447839408460377,4.114559817061875,0.6876206554656759,0.5936370879933199,-4.617805880325715,-5.661874515457075,2.2389415967260438,-0.2252068743476613,0.6670638871470573
5,1,0.0,-10.095943825683063,10.621846631046694,-21.262729013036225,-22.46712306322824,4.472905993987588,-4.910607824875909,13.799219558327923,-1.0525996360763195,0.6725253250263412,-0.04238607960918561
5,2,0.0,15.305009120206588,-17.733167553356903,45.859624380106766,30.156790230579404,-12.738239968722036,19.50996261784388,-23.03985684606092,-3.745004073667316,12.325644434380932,-2.1781534527806157
5,3,0.0,-25.368015547507742,32.00027223943352,-90.95098418452507,-62.63257340325951,29.99568782850438,-44.133928200448445,40.51488975695382,-1.116833012847771,7.854776662538412,-1.842091978981724
5,4,0.0,40.19046142073431,-49.05475870766614,164.83057001194055,96.97626329539241,-59.99400842610283,83.9857772355801,-69.4511085585339,-7.449239993671058,49.758849074784294,-4.859702674604962
5,5,1.0,-38.67597693457024,53.454666636005086,-246.78708234968494,74.990619373446,99.33217267792908,230.85019545042692,-9.427869396250905,-137.37242957009354,-105.28114956640633,164.83864523357343
5,6,1.0,39.782396419292006,-55.429434647837645,338.70129843878937,-105.68556488137656,-151.1957004440416,-203.15458607350436,58.71601452135224,267.3888295299781,244.74294703244774,-215.67390349329605
5,7,0.0,-67.387462120158,82.37547124518674,-492.36081726215724,-334.968092369424,233.76958575352336,-96.2929554741096,148.66749275368676,69.45611685411336,286.3562242257884,-72.16394664647783
5,8,0.0,111.05826034211256,-130.89231795307245,732.7170579965599,284.7915371859302,-366.64764915177653,334.8565836307262,-217.87606383021762,2.7744808526406373,723.3253022581878,-33.76689639760287
5,9,1.0,-114.6065345223965,152.89584141597035,-1012.2417803245381,336.66061909326896,544.8000782210868,950.0160226647763,-82.52049043695314,-397.39680713303534,-590.9599396401508,463.8514465713054
5,10,1.0,119.10258486155743,-165.13715393320922,1339.7786286816654,-432.69873309730633,-784.0841323473842,-795.0492669385451,263.685402632506,756.2321104167075,683.8278576173664,-612.3447022882821
5,11,1.0,-120.60315556153746,172.89940872953844,-1718.7820601201536,567.3841533203545,1105.956796995109,1162.8097154526008,-418.2370367379443,-1078.6958361045313,-851.1185303133528,906.3721814991094
5,12,0.0,199.0973027181784,-246.84414943366394,2274.7325320648442,1403.6188553407417,-1571.998249975,334.51489394848556,-554.1114394046699,-278.73005142634895,-560.9968875309937,305.6714867888546
5,13,0.0,-331.4916630864429,399.7626114025606,-3116.8221174685323,-1012.3669622532906,2261.9660405994396,-1385.9510688260507,779.2596736027625,-30.767694906226893,-2245.7976751299866,128.62699133385456
5,14,0.0,548.9818328467182,-658.5814534395656,4407.873021085748,2002.4536200686168,-3287.292320023389,2397.521020308619,-1404.255592600449,-68.9787949503125,-2279.8907929494594,29.31234991234598
5,15,0.0,-911.1550002571112,1090.9943331001516,-6438.216069911915,-2861.1475175975625,4835.988403449896,-3682.2051439219217,2134.130482690458,80.70554974611616,-6847.975312335983,47.81560271178504
5,16,0.0,1508.7285782053495,-1806.3607265425023,9668.359609852245,4593.045787346698,-7195.176011306822,5568.773027721479,-3374.885407894816,-147.00439091957205,-8527.010468978619,-39.77533395808718
5,17,1.0,-1549.0178763516071,2086.6415531370444,-13415.398702803084,4474.465276749757,10360.162276307994,12973.811016960766,-852.3292859351482,-5346.793188996746,8495.697257493279,6488.883037789375
5,18,0.0,2569.013802144943,-3154.950218401271,19273.176279695203,13178.164504486624,-15083.669730078196,1329.224745928489,-6567.005420589448,-1550.4714196210211,24527.53343336144,2371.103935025944
5,19,1.0,-2636.9958318625163,3580.17805081111,-26073.503380299135,9027.837732013073,21415.46722098509,22056.018008958123,-1830.4018127437644,-7782.562591269051,-12597.279302595276,11062.120663977634
5,20,1.0,2707.0302591354407,-3783.7266834715497,33992.9449548028,-11088.878751237098,-29886.829435757696,-20843.730020576524,6659.56288131232,15865.353960597266,5368.189423565463,-11959.731640096998
5,21,1.0,-2780.225956570171,3924.8464677935312,-43220.889021347386,14427.192617538634,41216.03323380807,28897.354181653733,-10579.245296409566,-22850.01611928717,1154.4168526699623,19869.816820981036
5,22,0.0,4609.254564892589,-5721.7240288004305,56641.347752106994,34484.6776152569,-57224.00838685548,8348.345069631525,-13456.269421378607,-5915.542017211219,36212.62775537041,6767.954507613918
5,23,0.0,-7644.658566712566,9223.713634890937,-76652.40744157082,-24103.44886274253,80069.90064423882,-34117.70620035961,18710.98759619116,-557.0370656378229,22810.515066366843,2919.0461318002417
5,24,0.0,12676.45634877622,-15207.989703478523,107217.17809803062,47833.199706195905,-113021.8880871121,58513.83844804259,-33565.178268893695,-1521.4669211511903,104158.1592058383,719.8774547609938
5,25,0.0,-21022.562934729565,25191.50254191171,-154880.66234559455,-67562.17730653084,161090.64390734243,-88962.76498651902,50596.44969220885,1933.6325809200416,101675.88905147249,1147.728495119888
5,26,1.0,21590.32135620088,-29077.624603883225,210138.9928669226,-71208.24748498162,-225437.7097918008,-203776.01116437302,14946.098543863274,73607.38183063807,-160358.86356666824,-88901.47837473704
5,27,0.0,-35804.61368201584,43967.75585587876,-295340.4717582592,-197203.26530536817,318271.9291885332,-17997.754635517354,97272.99982486026,21374.598599947767,-477430.9646539925,-32433.251302154884
5,28,0.0,59373.35407588852,-71484.47197405173,428758.33760214207,159929.81026430082,-453725.3361150146,177040.68690062387,-127722.30392784099,-1458.03704253973,-625021.1409465371,-15726.624178067894
5,29,0.0,-98461.8328921786,118068.770375439,-640796.8187525119,-315641.6734328445,653706.789346674,-336790.86411150405,223388.38049295734,10397.158413165402,-1505236.5769431272,-2954.647574717086
5,30,0.0,163280.90613808983,-195637.25914876838,981747.5031941787,471516.1550701862,-952493.4209973557,547508.3426192655,-348257.1684097925,-15332.42945529257,-2226270.5486489856,-7826.644815504082
5,31,0.0,-270772.74418775726,324375.7301789526,-1534842.8230730179,-772342.5246461816,1404204.056923597,-866055.3888261709,562562.3157808593,25854.207594761665,-4851627.717529592,7229.218108478201
5,32,1.0,278071.4154715737,-374496.8559881313,2176473.135641688,-714071.133083733,-2009845.8855118176,-2092153.7843606942,125263.9998852614,969383.1782680972,3434747.885892045,-1176061.2836327937
5,33,1.0,-285571.8095411887,398465.59794930066,-2924642.4193329792,930310.3471344664,2820736.661456563,1728800.7269264294,-546287.0504837782,-1868492.1994634073,-2647491.167291952,1492913.6139657223
5,34,1.0,293272.0907928842,-413854.75880700885,3797278.614836492,-1244742.5635050065,-3905267.7482098574,-2572989.150165308,899963.897820546,2672287.5366658038,2080690.9906940353,-2261056.32487383
5,35,1.0,-301178.11381896224,426572.33338598453,-4814122.337206369,1610613.4233598094,5354591.050371695,3135232.3259721817,-1250694.9917268688,-3376521.0134516037,-1344851.6717455836,2607368.948581967
5,36,1.0,309298.9447092152,-438596.6084444494,5997609.978020172,-2037449.763731804,-7290190.469610477,-3929357.7275121775,1632241.4910949368,3971302.088363039,40090.07654893128,-3101277.2906735325
5,37,0.0,-512919.21567708306,637247.4075717307,-7672063.45805534,-4521242.250482366,9971183.26706041,-1123549.8016725695,1654534.8467733725,995240.4257033035,-5851431.471954587,-1026391.3065279942
5,38,1.0,526746.8562341717,-717042.3442090849,9612131.050879411,-3530466.619482402,-1.3551105406849941E7,-8341614.720256619,1122342.5476285324,638662.5421072529,-3879966.7395870867,-1461553.820700921
5,39,1.0,-540947.3415775411,757358.3391073974,-1.1865200860585254E7,4057037.8332028957,1.832924275345942E7,7062314.325098299,-2639478.3065349446,-1843084.8400666588,1.3624089990069536E7,1271833.029299688
5,40,1.0,555532.1295588979,-784809.2325115984,1.448164993906952E7,-5011106.80085148,-2.4704470854810324E7,-9656587.119671803,3819604.089342597,2704125.273535539,-2.479162024803485E7,-2447078.6212583645
5,41,0.0,-921253.0895265754,1143571.1456893322,-1.805437979311946E7,-1.0253774734120106E7,3.338298089120928E7,-2446959.032660197,3699742.3887686054,743156.3375984053,-6.393436853685529E7,-827606.5735685815
5,42,1.0,946090.3202850855,-1287549.5399275506,2.2190185844901722E7,-8274664.524358316,-4.496145325485291E7,-1.920830486193554E7,2710052.737516929,1936280.4596360535,2.218525289440011E7,-2909890.429897866
5,43,0.0,-1568923.2812921796,1931115.000320458,-2.7900610485435665E7,-1.6310256032465268E7,6.070247275840241E7,-1720777.767587774,7387421.435400982,635281.1839525509,7143050.884958947,-1088631.3399963037
5,44,0.0,2601776.573685606,-3134014.562399761,3.602570804528514E7,9648142.819594556,-8.219514641368963E7,1.4975770439070161E7,-8383242.395865709,-137079.80241367006,5.799898651441014E7,-564910.0334312173
5,45,1.0,-2671924.1607386637,3604213.6595402015,-4.543157548814311E7,1.6163970738427663E7,1.1087399746974266E8,4.264004816201552E7,-4777848.475631428,-8252100.671015802,2.0767495863950644E7,9676262.29324757
5,46,1.0,2743963.62441061,-3830650.8529682513,5.635536271987017E7,-1.9209057908922944E7,-1.4913102066443452E8,-3.2539170797061022E7,1.2257924604622077E7,1.459275743099493E7,-1.0269473662803297E8,-1.1332308140443735E7
5,47,0.0,-4550375.146838548,5633132.018327688,-7.169302276050301E7,-4.188908972565081E7,2.0101651864880612E8,-1.2508958734282855E7,1.6607981574219147E7,3959728.4574699597,-2.995058773209948E8,-3614623.1694301064
5,48,1.0,4673057.561120363,-6354488.47212078,8.945850672261083E7,-3.296414771907204E7,-2.702269462867837E8,-7.831635815357974E7,9961795.638118234,1.0404543303873328E7,6.504785030243692E7,-1.508179064526573E7
5,49,0.0,-7749433.156317868,9536684.685370153,-1.1459534270234855E8,-6.870920614082322E7,3.6399715226915085E8,-7345309.30231547,3.176989195831859E7,3332541.0808714605,-8.13032020552059E7,-5625516.696649976
6,0,1.0,4.799720403848171,-0.13269392573713648,4.894452638331413,4.23404349880117,-0.6690185305336941,-2.7096379100811054,-1.9265131789236092,0.4430485899936927,7.160659048167861,3.6464136142811725
6,1,1.0,-6.402371713309339,5.7824613914211245,-16.613629241823336,4.977731963625593,4.651051224347644,12.433821910698416,-3.6426717376885223,-14.094665914901041,-12.683930407964597,20.23451861475776
6,2,0.0,9.687186119266942,-11.539682036583663,32.90267078430348,30.425643418190703,-10.0261137880989,6.837771577781347,-16.29325579673086,-5.363121255773911,-14.402575994039328,4.3359824561859925
6,3,0.0,-17.189340474916158,20.34028535828131,-65.33209740886424,-37.07470140753187,22.79119773416323,-31.64501129118958,25.59437379370547,-1.8781981639073018,-38.01689217274283,1.4760592843084064
6,4,0.0,28.559075132492342,-34.056422389875,117.1896972498793,71.8019210039578,-45.554760358413056,59.76306863764867,-50.57149811513848,-6.224345062724937,-40.19053803464974,-2.368353736194875
6,5,1.0,-31.113660481766807,40.28770120878686,-180.76240132973544,55.41414981399662,76.55453994768392,168.68024292965706,-4.838722477217491,-101.0246167073531,-13.084705348820698,123.22620321469276
6,6,1.0,31.83169392896917,-42.95089312774198,250.8359324751183,-77.47806016181862,-118.64531010834,-151.3227239424064,43.13131486297688,203.94178883945258,134.84957624225194,-164.43156828913388
6,7,1.0,-32.85573962818861,47.383815437333446,-337.80651308840004,106.0152107313454,173.28949719384013,230.89505714517475,-78.23173774919508,-305.3755332419874,-288.02544280501195,264.08367433473956
6,8,1.0,34.264390742562036,-47.73215116089883,439.21374453529734,-145.12030287611788,-248.36661406536805,-289.62628463766146,111.43747419071002,394.5578931197281,448.7932642176543,-304.8422291933664
6,9,1.0,-33.59058781803606,50.42803754352934,-554.898335345157,184.76740135386314,347.75408565048366,365.6830897907675,-149.01488739113674,-475.1556144824363,-584.7247848031166,375.4641554315895
6,10,1.0,33.682068930204686,-49.590879161294744,685.8648678106058,-234.17523966029356,-480.56247284662857,-446.2303189337418,188.12967848382624,541.3102310082338,671.4451975099606,-408.8138187257242
6,11,0.0,-59.34368215602846,72.92982728672337,-878.9560286089761,-518.3800169052704,670.3491217022017,-130.3671027602347,189.2621891790721,133.1724269415455,797.3530086651158,-137.05910761783946
6,12,1.0,61.44863904010474,-84.86819816482158,1100.9181080041346,-403.8365195329141,-924.0773621924841,-958.7541884726045,128.97686284727845,61.752704303237614,-1192.7101159458196,-167.66310836244594
6,13,1.0,-63.04443698801202,89.03121204409759,-1359.3087355667037,462.78234627946466,1262.956140692539,810.0682243821333,-302.2680865549899,-204.5554977603987,1596.4046846743752,138.85059103800515
6,14,1.0,64.60009403235786,-92.12216741822155,1660.1481003535591,-573.3073346945138,-1715.6229311605218,-1106.1665461538469,436.5230558519673,309.4408032517354,-2115.826425691047,-283.2330565034161
6,15,1.0,-64.12284648156087,92.74424484633717,-2004.4386510845718,697.1513200447729,2318.1934886133395,1293.4585304308878,-565.39392698503,-369.12100277914146,2876.450151360131,262.02920683119675
6,16,0.0,105.29775197083796,-130.42022084285438,2463.9111964362883,1371.1195649652254,-3141.124911001001,344.71496532608535,-472.18424572079533,-99.91559753086332,7024.685042637602,80.07393639930504
6,17,0.0,-174.20803223372496,211.54263404817473,-3099.3430174572795,-766.5052786408073,4272.74480788331,-1383.2258440470525,614.4615383711636,-7.165447098377857,10524.558722508234,33.74703506962005
6,18,0.0,287.3850450016042,-344.4913602419369,3998.883029611662,1540.9833044781249,-5838.861037040404,2235.626084406717,-1089.163348196414,-34.79500340589454,22458.339130104432,0.8831207454343839
6,19,1.0,-294.9999312482336,397.16221358338424,-5040.778873226253,1809.821852243565,7928.644970411965,4920.839427986556,-469.279313836548,-907.913808729919,-13316.846400418764,1106.2515108329462
6,20,0.0,487.82797203337117,-601.4681345194487,6532.931692895648,3964.0673310473203,-10808.705613716433,198.6787317168825,-1881.7600158122807,-272.2945560218339,-18329.489350324027,401.2260469920886
6,21,0.0,-809.9218886008032,976.098307721194,-8736.495900624264,-2629.4877954746844,14808.56305608483,-3525.5409218975406,2224.905331705869,22.721064519341784,-41621.54804076933,195.7153629051164
6,22,0.0,1341.3507836530373,-1607.541033425677,12066.491771985902,5280.085504998733,-20404.314784890976,6434.212774052969,-3778.8590198229185,-144.4689714357165,-64933.10081144906,30.12523934425115
6,23,1.0,-1378.3030570310355,1855.70457663807,-15926.698144407397,5525.588712737197,27880.690952347566,15342.948338317401,-1225.4665483758613,-4585.61119789567,65705.3290361606,5609.31759362625
6,24,1.0,1415.9255945621385,-1974.7513211579003,20415.627959333964,-6762.603083335269,-37862.4328496212,-11820.845779933989,4110.1780383522155,8582.473899278788,-69125.48216043592,-6717.995221619226
6,25,1.0,-1453.709904638348,2051.2435314770073,-25644.1372913681,8652.795600016745,51184.98854088373,17328.85994489742,-6396.6184923277615,-11939.831229599811,77528.52135388505,10069.570860021353
6,26,1.0,1491.1210158921103,-2112.6860064091493,31721.050877644593,-10846.249575848457,-68956.18725155367,-20534.120168550027,8570.365939474174,14668.065791725323,-93486.8405622219,-11162.925008064332
6,27,1.0,-1533.3018506441178,2176.3496293927033,-38785.85311620455,13394.426159475921,92663.41493751098,25323.511119566767,-10887.480622458355,-16740.279657505173,120074.11557404205,12958.040875206128
6,28,1.0,1574.4222960525515,-2232.3427460072967,46986.05643317278,-16363.496242327154,-124278.10660646795,-30529.429029241233,13483.686273654814,18058.248373822655,-161142.6859963846,-13369.495477466658
6,29,0.0,-2611.8227270150583,3244.322080588153,-58019.294171572175,-32483.222641557077,166930.55348868915,-8104.521249671161,11101.887580941255,4556.899343910883,-388110.80669540924,-4312.588216066075
6,30,1.0,2684.4685095995846,-3652.3620831806656,70786.21707634335,-26550.326849576155,-223809.64820453283,-61370.98486825962,9037.686192443478,2653.0943812156943,158885.8905177244,-6103.76331253904
6,31,0.0,-4453.343240550222,5479.550261161847,-88186.30449729644,-50882.97837154986,300496.6785582941,-5121.300269192223,22785.038848023403,1132.499142559471,126087.16381838819,-2366.0129920475174
6,32,0.0,7383.660968326864,-8894.14785567774,112616.68576564251,28978.228802224585,-404156.1560738232,46690.864708895955,-25446.55486831163,-549.224394551926,451529.31546062435,-1334.132076080877
6,33,0.0,-12246.675740082765,14687.666033487261,-148022.53602876072,-59413.562994923705,544728.8347449129,-80582.8921460478,42675.504279774934,1215.2879489800403,528084.246312029,-112.13477233183326
6,34,0.0,20308.30677167375,-24333.722162653354,200836.9543132234,77463.55063239655,-736085.682808376,117626.0757445004,-59883.225659752476,-1938.3728440697298,1368777.7024619693,-869.1194663961893
6,35,1.0,-20852.916329358657,28086.234576079132,-262015.77526582684,91443.47895874012,991385.3658651527,256308.24443240734,-21469.981132196725,-68691.70377026708,-482234.821711755,83099.0494069439
6,36,0.0,34579.363710323334,-42465.054635108725,353300.20360612543,224968.38613147658,-1338461.2878052029,15502.535762665322,-108997.31080934184,-20094.00140826465,-141857.2037083575,30267.239534496923
6,37,0.0,-57345.6973907594,69044.84118900447,-492530.5689731375,-166646.4006168201,1812353.3792705412,-200886.50186410398,136494.55754386625,1543.4813080343895,-1249508.6364020966,14751.43209271018
6,38,0.0,95098.73332228391,-114035.96002543633,709270.5297051278,331437.5253710919,-2462716.5107584684,375150.92017130123,-235634.32146531888,-10026.747462657066,-936683.6890212662,2655.7206317723244
6,39,0.0,-157706.52698592725,188959.78528562706,-1052347.674339885,-480339.25493525,3360641.4530986254,-593684.9818502421,358371.935822952,14825.739484910151,-3555077.7807662617,7472.938585904576
6,40,1.0,161956.5568721746,-218128.26998725752,1450181.0305326565,-485696.23610191885,-4559448.59922129,-1399527.4077097336,96035.62556902673,557188.407355783,285493.94947560655,-673773.9334901815
6,41,0.0,-268577.36856185837,329815.4031489121,-2070078.5869471799,-1405564.4486064701,6210208.54547345,-139995.27665046693,698006.4957588159,161514.53111531163,-2945750.0659827185,-246003.86048180616
6,42,1.0,275817.9752355222,-374166.2634370512,2789512.5486067845,-968805.3984428473,-8413831.237143077,-2358936.189153079,199073.70398144927,811369.1546289012,-2546659.0690387464,-1152220.6293175188
6,43,0.0,-457396.0800865147,562587.7893968377,-3893792.752291128,-2590348.3783289893,1.1441054384573398E7,-394872.9250300402,1276511.5833415166,242761.4627160791,-1.1021317636396518E7,-434759.71844281716
6,44,1.0,469728.2505537616,-637520.1924366828,5175086.700846218,-1816892.7225660894,-1.5481662296712335E7,-4421219.024617626,387864.08887830505,1397977.1600220671,-345691.4684122964,-1992516.6742037646
6,45,1.0,-482392.6173922286,674740.4246133898,-6666936.75000484,2196951.1722153504,2.0873007243538328E7,4056633.8589769076,-1331157.0679317806,-2791119.5637893532,1.1612967843443872E7,2073091.943323999
6,46,1.0,495399.47064805217,-699645.5618220263,8403952.250764271,-2826797.4692729535,-2.8064688124487966E7,-5617766.653940066,2084226.5986083942,3971400.963664876,-2.422379233005368E7,-3457215.5704796733
6,47,0.0,-821532.4326682499,1019715.3743497698,-1.0902882466415104E7,-6549214.946010979,3.7811604231569156E7,-1580486.907223774,2521721.9084550953,1030168.1699471844,-6.545196641916456E7,-1177546.5390144002
6,48,1.0,843680.297231588,-1148155.6975008987,1.3799263677608855E7,-5028173.215101494,-5.0812635126471005E7,-1.196449586501725E7,1524682.450395354,1663805.076852612,1.9174141290441908E7,-2811021.8499054937
6,49,1.0,-866426.9517898826,1212942.799890764,-1.71647977670149E7,5830229.410252209,6.815082196243225E7,1.0250916226203954E7,-3753733.4039493543,-3735468.747232843,2.7115938134191E7,2678365.052087077
7,0,1.0,6.04095087085318,1.1142830084098985,4.237612273329938,3.411562513199517,2.7008826329810445,-1.505943545206673,-4.140503437170959,3.2011576414493628,2.783167113439312,1.7431377560184707
7,1,1.0,-6.455616221170801,8.625728247569903,-14.391609317318977,1.0588067619949735,0.33977001359725584,11.529369387402092,-0.31226263343816485,-26.814139023709757,-26.91786323780842,34.894589511032756
7,2,0.0,8.805219044506284,-11.08746131470092,29.39739173946306,26.789365892965463,-3.7057015363043915,4.674896383854566,-14.880004389433688,-9.28794618157175,-42.53521813032139,10.611329084195859
7,3,0.0,-15.773171051324933,18.127009487198947,-58.761841164193406,-33.6828275040829,12.403321447540442,-26.053092853603307,23.30801832758029,-2.0740025656024423,-81.83981795799866,2.594047117542307
7,4,0.0,24.573976354836763,-28.603313519498876,104.11048110762482,60.3323088660671,-29.44078259868544,53.576463998289356,-42.989040466820235,-4.824633489910562,-130.17546618504818,-1.3389452748054422
7,5,1.0,-28.921298312529657,37.89442774096873,-163.6147117151882,49.19155417912954,55.7220573161478,155.16816555635026,-9.45529769477423,-97.95722417131817,47.134954726120306,119.03538572536985
7,6,1.0,29.18897861587424,-39.496043251448526,231.63810103737302,-71.73049485632785,-89.54834470979603,-142.245904969059,40.803907248563654,191.61405152368317,94.2824049538143,-152.76070726692996
7,7,0.0,-49.41811253191715,61.17710799237543,-341.19722122599677,-237.30954471484318,144.7299931653152,-66.86962376836375,104.62470946568551,47.92929145584468,71.36331382788256,-50.43864339678084
7,8,1.0,51.72463506202763,-70.05647778920604,470.9414844217401,-162.62631066746,-217.7479223249291,-413.3961515920108,36.97130129277144,135.7566779439573,-68.83154938296202,-198.69871792669375
7,9,1.0,-54.57026785165375,75.17740847215036,-622.9038403177616,199.73087013000753,316.6551903991323,379.29203314062835,-121.57626237798434,-301.54856739619953,-25.375819558076074,234.24706300401152
7,10,1.0,56.65744244033243,-77.90188511592598,800.3409294543919,-264.7516254193068,-450.3499275428172,-537.2070654379976,193.0479635041062,444.12874725245825,152.58673022720296,-385.41416059132206
7,11,0.0,-93.89328143071111,116.81653750062051,-1060.1732397869696,-655.2329897464411,648.0458810036923,-156.27123048175503,258.81766991282825,113.0519343771316,-127.6817326952413,-131.95069098203206
7,12,0.0,154.92328747124756,-186.1306513926385,1451.9624840174938,469.31138876615125,-939.7111360636286,645.2553596589952,-363.9678098919882,7.174233469842213,277.27149054293704,-58.29237469704587
7,13,1.0,-159.83484593812042,214.04098347555325,-1908.109367906263,658.6824126323222,1331.7236569497795,1796.686056418981,-185.20336105309005,-535.7016680063631,157.14798824315608,615.1672793614472
7,14,1.0,163.5134297748084,-230.7198865108001,2434.460137852766,-809.8586549283087,-1855.6893978483317,-1421.5112364547786,508.6684523066817,994.7789061091596,-399.18464795312275,-800.3874874252411
7,15,1.0,-168.9822966241703,240.37015597687997,-3049.373277924147,1027.8433245148462,2556.038900140704,2055.2774075176385,-770.7111034699245,-1381.6784212683838,689.5511939302108,1151.6545569395541
7,16,1.0,173.60655647016543,-244.49126707567862,3764.475201331872,-1291.2370560794911,-3490.6461132785616,-2437.5769169875634,1023.0903230872527,1687.6541785125073,-1243.3552111239055,-1288.5310038932498
7,17,0.0,-288.7422345202761,357.7621756723361,-4767.995710663749,-2768.941646359797,4796.388669810586,-699.398776798525,1002.4303473061982,427.8774309583343,-5098.966085433351,-419.81697708457
7,18,0.0,478.24255582553445,-576.4802460307886,6205.708585411934,1730.535848530474,-6629.058208025433,2773.639040160355,-1360.614633707448,44.83603483961418,-5729.071870838085,-176.3493055500157
7,19,0.0,-794.4575571663254,953.7684664143337,-8335.802159025052,-3472.978985139862,9228.950020217104,-4607.630694010472,2436.497226439142,96.32769957822588,-15566.144985050225,-42.29435824221126
7,20,1.0,815.8950793778592,-1099.4818495775637,10801.473869794103,-3803.26998546713,-12704.246386665516,-10487.118993911248,917.2333294346905,2643.1210859739485,6345.7799499137,-3246.961280492233
7,21,0.0,-1355.0380712156668,1664.3255514209889,-14458.215331395293,-9134.222277276225,17605.345598274336,-634.2541126503925,4403.973139887873,773.7451821022339,1624.4655994918774,-1186.6565436445474
7,22,0.0,2245.6085498370226,-2702.174798108947,20007.29323446541,6632.240214146928,-24579.769053705742,8161.392378590389,-5465.220454962853,-64.28960009744019,16422.333331483638,-580.8113221718756
7,23,1.0,-2307.75482467377,3113.2248824437206,-26438.484515467684,9080.829498133233,33907.10175935256,24631.33958674204,-2347.563307702401,-7770.935670670507,2252.5769744263066,9079.039215247376
7,24,0.0,3827.5921504647013,-4702.737045030492,36150.99750271413,23382.01683948209,-47094.31875951474,2352.743399691429,-11277.971551549374,-2264.1575069534965,30925.099948546547,3275.966999626361
7,25,0.0,-6349.437148882432,7645.799146431335,-51117.09672263728,-17932.214966902797,65924.61353251472,-21208.965870695156,14484.853831543433,159.2861328000853,20510.61898076337,1592.4936284931132
7,26,0.0,10529.270823951882,-12625.046881001063,74592.72570943044,35531.83801037612,-93102.35750293425,39491.82396979581,-25195.221460329612,-1114.873089114802,88882.0703655636,272.8202022737193
7,27,1.0,-10814.833353839305,14569.865000967893,-101817.1804304106,34436.17633563972,129464.22253981583,97534.17803650604,-6906.453301657629,-36932.02621238425,-19239.869455370095,45173.51760014299
7,28,1.0,11106.18475296399,-15497.42178737765,133528.69882585004,-43368.1369012351,-178068.77185675543,-78261.40290117431,25940.706317097767,70358.51626433649,-35895.35613760212,-55621.83178687922
7,29,1.0,-11405.830505008827,16096.273784518597,-170482.08058486035,56708.18487633685,242995.00127098884,115303.52172500853,-41472.29197681356,-99523.23150613792,94743.18520358723,84193.39539167544
7,30,1.0,11710.772152060108,-16587.391213110834,213495.66965574733,-72202.39191322353,-329674.52158763807,-138642.58343984254,56568.862409267196,124371.37612459771,-175416.18215650166,-95432.57463750734
7,31,1.0,-12026.288313528765,17054.605050906976,-263520.6560593549,90257.8877370406,445353.85500607465,172349.72411264788,-72830.16243278046,-144544.22761153983,297506.0564825389,112524.94467963919
7,32,1.0,12350.600167910341,-17520.297539450086,321638.4757341416,-111260.1712433815,-599684.0273070406,-209323.89398435902,91156.1290195104,159464.6928436248,-483579.4072994567,-119316.37391294097
7,33,1.0,-12684.457968845716,17995.973165490104,-389096.64550687943,135656.3332027595,805533.0070078213,252948.93441621744,-112195.94933780465,-168372.5454172352,760931.7753232974,125645.79198013511
7,34,0.0,21034.16112651426,-26135.669852088286,479568.27993032703,267755.955534388,-1084027.2950126426,66706.21354304813,-91054.67706099412,-42135.55834748752,2004127.326820361,40820.14526195878
7,35,0.0,-34881.517543894195,42100.883896382955,-604561.2441856938,-150343.70545048275,1462081.0325323609,-269504.82688427455,119891.26229643148,-6081.610894653212,2871139.284300599,16461.301447117447
7,36,0.0,57843.944433912555,-69397.72078093335,782848.4988024193,304280.2872066126,-1977350.8959718924,437040.7485442334,-213907.61001536326,-7810.257469663552,6335426.592821866,4384.492809177299
7,37,0.0,-95926.07021164798,114946.23301274506,-1045064.9437662722,-389414.73815575877,2683025.5177344927,-620584.7842705382,300746.21877477673,8673.801450752504,1.0121023297506401E7,5689.67096232668
7,38,0.0,159074.89064315349,-190568.71462005985,1441340.0302430592,594421.4484741361,-3654935.4522882556,864470.2612513283,-447572.6824959657,-15358.370092129422,2.051736809911645E7,-3809.8464502702627
7,39,1.0,-163365.09314742743,220017.654254434,-1900503.8640130355,658698.9373425542,4952365.601209823,1862859.6692424375,-147412.16694195132,-544826.2271504151,-1.3434211632747253E7,661156.1963657815
7,40,1.0,167769.93285827248,-234092.77082892414,2434775.897381211,-806916.7550261866,-6683680.032478651,-1398960.7195281382,491129.5483316024,1017067.9393014461,7123184.819709814,-798646.7198856082
7,41,1.0,-172292.23835218346,243134.35193119035,-3056605.747419649,1031883.7893727866,8993305.790467402,2068666.5081823873,-763144.8311037285,-1413251.972730535,-958826.4050327011,1189705.2359315492
7,42,1.0,176937.03727383574,-250603.605622181,3779781.804369627,-1292605.8738160199,-1.2073724763545485E7,-2445482.6734864144,1021998.1024384925,1735127.1393867633,-5681971.627483171,-1321367.3167951312
7,43,1.0,-181707.14410487105,257665.3116386088,-4620020.306341225,1596130.0993184955,1.6181469002562897E7,3016724.99477986,-1297535.348292732,-1977710.071987471,1.347028075318433E7,1529190.0836028699
7,44,1.0,186605.59002891448,-264715.7482607411,5595372.907158343,-1948845.5959823525,-2.1658419340831053E7,-3635322.585728393,1606449.6751252173,2131685.822851132,-2.317689381365478E7,-1578352.600410593
7,45,0.0,-309452.79858599376,384497.77403757273,-6906760.266537755,-3865019.2563834614,2.901886850315815E7,-964383.8601237425,1320152.2750020972,538339.710270219,-5.8499143699751444E7,-508980.9390194373
7,46,1.0,317793.4723308259,-432614.072657313,8424276.47717174,-3160407.2453938536,-3.883251098705689E7,-7304012.93972094,1076550.3754216176,313369.6477536641,2.042564979956549E7,-720708.2650823068
7,47,1.0,-326361.4726265255,456929.29493833694,-1.0183503216500338E7,3546027.513529451,5.1915711213395014E7,6013241.753758247,-2349682.970375373,-790132.6949811843,1.8064350600968216E7,482542.5859113472
7,48,1.0,335159.47248969966,-473488.84108549205,1.2222884191602735E7,-4292344.048784981,-6.935646411345536E7,-8132963.492917669,3311383.267777848,982454.0160160224,-6.010091402501154E7,-875434.5441545098
7,49,0.0,-555804.4826783433,689934.598774357,-1.4909409945582425E7,-8191612.597695076,9.271011363103315E7,-1944497.6514567006,2839639.3545900225,295692.98519415484,-1.606938931399606E8,-283524.5212595067
8,0,1.0,5.290310163157142,1.3368602085869177,4.13994254394021,2.9264288053933933,0.3865090996917545,-1.229998705656473,-2.287050276970024,2.5375813187344844,4.011378023612297,1.7609596367925666
8,1,0.0,-9.376193694485094,8.656581929962869,-20.6171152615175,-18.69528232879987,2.2990955045972443,-7.099139579858932,10.738381844444346,-0.33780004278095815,8.608564582309219,-0.38334167230360566
8,2,0.0,15.711839684233153,-15.616767742893735,45.39272308468442,28.561454895422354,-11.189905186229714,19.336082561954758,-18.88414629542578,-5.720967684155111,25.192148003831218,-3.2062357590995934
8,3,0.0,-25.441874907374594,30.20690272306738,-91.44794562705651,-59.66863687301677,27.188904099750697,-44.739338129907885,37.154095331983335,-1.2442591732484756,32.20940335331264,-2.8451711091252716
8,4,0.0,41.34006114957052,-50.765554155707925,165.84575722590859,99.46816847056382,-57.26352120417568,87.09601112931135,-69.6006174546352,-5.776544792992239,95.75608614069144,-4.01527228024792
8,5,0.0,-70.48716711280808,85.90450759471321,-296.5758627366156,-177.33355082212086,112.89733071482719,-159.6983180593064,124.33675795062003,4.6664862698179075,112.62252615765519,-0.2765459947998119
8,6,1.0,72.62993877952628,-97.47428151879625,447.1379014734539,-140.90193654691575,-186.99477575943416,-421.57314582359396,18.280363288380222,258.5738844094961,40.72250807257387,-315.2187779456618
8,7,1.0,-74.86123590057477,104.96018562500313,-624.9313055224359,191.8303548144689,288.1770963550274,376.2816214766332,-110.44673886986917,-505.5486244777318,-331.6356194299486,405.81201973473685
8,8,0.0,123.10549702824103,-154.4757558704654,900.1804196000917,616.9445166130703,-443.25465948476284,171.86226690455862,-276.4729467554764,-135.2203257126607,-298.58305296658995,134.31301997464578
8,9,0.0,-205.68941988009078,248.2587286518046,-1344.4980552426023,-535.4294174487071,693.8151077057421,-613.2267874414956,403.8173680928511,-11.49030843738223,-918.7614017124738,56.47247146863379
8,10,1.0,210.04620719602505,-286.44058931491315,1855.6768576209797,-616.1834982172691,-1028.4447656731795,-1739.9970113479635,142.70806651258638,758.5364083172827,781.2178745797198,-886.5214531796028
8,11,0.0,-349.6306831696064,429.9772232785713,-2659.467612643011,-1812.0761250622422,1545.9495773326244,-209.265342802321,890.3075068775481,215.937645672225,481.74318896967674,-322.3996009318628
8,12,1.0,360.4220523332276,-488.245876506028,3590.9099987045433,-1246.805776578066,-2239.156059174997,-3049.1699561553482,258.10140805225194,1054.3692708963708,-855.0266942756832,-1499.240153280698
8,13,0.0,-599.6777366424838,735.7031003842176,-5031.539002681371,-3357.8984270536835,3283.6801881519223,-510.0466884846383,1653.308675813336,315.4889834725729,-3508.628630216219,-567.3498643847257
8,14,0.0,994.7404096224595,-1197.9627164962615,7277.47601761819,2687.442450218711,-4870.287930594617,3103.2758695988036,-2156.5888067594183,-36.436305041060685,-3741.0923683804303,-280.4479064158701
8,15,0.0,-1650.2521976788696,1979.6869202163205,-10845.217154019638,-5326.467035122381,7312.663269706664,-5753.2614368583845,3767.5323569907046,169.82571861287514,-10916.32928332553,-60.70430480394539
8,16,1.0,1695.3500502111076,-2284.3950762420423,14982.51050470662,-5022.537290873665,-10591.298696212983,-14330.766774466449,963.7321415113613,5836.254128597878,7217.77735651091,-7150.7636033187855
8,17,0.0,-2815.3181598984074,3456.398674552931,-21446.503804354452,-14612.674026002194,15517.721510387182,-1531.898973928065,7270.088363372386,1689.3963399594923,3916.8788592348287,-2622.956605290064
8,18,1.0,2891.8180916593124,-3921.5053620247472,28949.976685689093,-10042.749698177104,-22120.28529642995,-24506.785692538855,2045.7525407329192,8523.231300454214,-9662.998070281417,-12128.77349046311
8,19,1.0,-2970.910757792919,4154.102624784045,-37694.900524765515,12307.780545663783,30961.444156124,23097.814319514706,-7401.134748041999,-17363.50419711241,11512.37233627039,13075.256594869077
8,20,1.0,3051.873693324265,-4304.983664305293,47882.26557745614,-16002.22875358975,-42783.20634184595,-32015.187181999096,11736.375206917588,24983.899820821865,-13478.424961909896,-21727.071311924527
8,21,1.0,-3133.1365368423835,4439.582427421283,-59737.46555682831,20268.062532030544,58579.62794515467,38874.5075948385,-15923.665526845807,-31410.576835182776,19391.960231520625,23793.47214938242
8,22,1.0,3218.107628205572,-4563.364841277991,73521.30718965213,-25247.31378809156,-79671.59551716577,-48021.429503095605,20414.137753050036,36543.917938357605,-33261.50250210167,-28673.023665805667
8,23,1.0,-3303.28337232706,4688.612133179986,-89528.80416001713,31029.05881312657,107827.08287502629,58249.09890326572,-25469.346294386614,-40226.68918265486,59617.14594035621,29906.56214850108
8,24,0.0,5476.187316684741,-6804.994930666241,111288.97624316355,62936.75097383569,-146429.8166544468,15696.493531584445,-21804.79218557594,-10119.059583722728,193890.03842600796,9677.777863150335
8,25,0.0,-9083.184297111275,10962.76487605643,-141768.1350482174,-36670.99402721939,199672.86630540207,-63222.69152613466,29062.32081175505,-1384.959035026502,246375.8909212676,3927.2107309926505
8,26,0.0,15061.935264140871,-18069.37229817792,185808.42837523468,73945.76391075297,-273607.8289857344,103372.98234141369,-51950.2486410732,-1984.8106391726772,601016.6367429494,995.4831153434512
8,27,1.0,-15469.833208903105,20843.06388255545,-236801.1807621404,84414.13656313997,372345.548234527,230668.41277836572,-21305.766958370496,-48658.54323560153,-272320.92268263875,59938.38307072724
8,28,0.0,25651.848021652815,-31504.1536843673,310980.1684376785,191815.7264936451,-509004.502573449,11210.871537813584,-91596.23932323622,-14371.13248960062,-213374.84643913482,21882.394001295506
8,29,0.0,-42539.58454519251,51220.39976187773,-421710.8252055889,-132308.56347552172,699540.3883969819,-171008.40491308473,110628.26051572674,1279.1986854799088,-772792.7934271712,10734.664610481352
8,30,1.0,43686.74219177745,-58922.963659325105,550009.6906557162,-190815.3707615399,-954043.6950638356,-512792.8092458806,51194.04997153187,144789.78399575225,110253.34466425386,-169231.2027297538
8,31,1.0,-44865.68783148533,62632.4067385936,-699247.2384170247,233318.102404661,1293818.1638599467,409153.5643639284,-145835.93547624163,-266369.32861904026,524130.96174690145,211779.37865000972
8,32,1.0,46074.822478738584,-65029.944093662176,872867.1694617192,-296134.7395263525,-1747247.7206049548,-587534.8942276925,221193.76820832625,366789.95719772583,-1233586.0549052544,-305773.0518866712
8,33,1.0,-47317.751991475656,67021.86231040151,-1074711.098056067,368934.94045804336,2352165.2287855544,695546.9265562515,-293207.64867554716,-446521.9090689052,2124887.5852029575,340301.6067647273
8,34,0.0,78466.57074448552,-97462.42026884208,1354821.376523571,782068.1266412153,-3173859.485203199,197612.0168535121,-281346.43794043304,-114287.37857814982,5674948.225847349,110487.22724928765
8,35,0.0,-130125.26663303826,157040.4193875007,-1754958.8127672528,-481620.24227617495,4294674.808731168,-784245.9121283254,379452.123625875,-12615.100317525776,8043387.187302492,46173.555631762
8,36,0.0,215788.65430586366,-258884.71292503612,2343840.8362376294,966218.7156874737,-5831059.343681976,1297609.2239830864,-678681.639600312,-26671.564069176744,1.790993504551687E7,10294.131378774178
8,37,1.0,-221604.09064414393,298575.5348107888,-3025882.887400296,1067976.044845305,7881539.508907997,2939762.28183288,-259975.1605018191,-713757.8240945976,-9560862.878159333,876336.5517398503
8,38,0.0,367490.6582376379,-451317.22970195615,4032752.977974006,2533487.95419943,-1.068689762120551E7,170149.46982365535,-1219357.1102819722,-209729.2377111923,-1.1555249980408158E7,320105.22892669035
8,39,0.0,-609417.207873268,733745.6284067215,-5554735.337023779,-1819974.1054787762,1.4546111203823663E7,-2263321.585561992,1503620.7711528584,17360.168857695633,-2.908688558444686E7,156453.85185797844
8,40,1.0,625849.2324338639,-844103.8654321743,7318608.539409818,-2519862.173177441,-1.9697579567616623E7,-6819332.503619252,657019.1565548205,2100487.98028571,1.1798987393227214E7,-2454561.1204112857
8,41,1.0,-642723.1827348274,897220.8646626143,-9371097.624040252,3107633.3252483048,2.6571497581744548E7,5500938.98648271,-1931329.4904925833,-3893940.954486609,4762142.1487066755,3108806.206565543
8,42,1.0,660053.164427191,-931586.4923428054,1.1759921497935228E7,-3971305.912184648,-3.57412001328667E7,-7919518.049190982,2955412.3920444916,5401598.800583832,-2.257604987124343E7,-4509680.0382316355
8,43,0.0,-1094581.1713407263,1358431.3159215497,-1.5175180179050097E7,-9049485.260833222,4.8178242538879246E7,-2151510.0611461895,3450729.081983968,1398618.8384769317,-6.827467191164687E7,-1512954.2280106423
8,44,0.0,1815167.140554914,-2190232.0867839796,2.018961822094411E7,6038773.3471512245,-6.511216219707944E7,8963616.359175643,-4723428.272791282,130269.50714559316,-8.942067750063191E7,-650161.2047834122
8,45,1.0,-1864105.791628394,2515784.183746434,-2.5998342710188936E7,9107672.250421688,8.770486601587924E7,2.453178100119608E7,-2692172.7363812593,-6194408.856452709,1.2384498518472815E8,7112865.98584256
8,46,1.0,1914364.456570174,-2672927.4290947476,3.2751420757711258E7,-1.1014847839832567E7,-1.1783985573911369E8,-1.899317198462045E7,7007711.03174683,1.112221387300998E7,-1.665829459573937E8,-8811756.223314144
8,47,1.0,-1965978.0532494353,2774928.0030719563,-4.060379137653237E7,1.3858708139234632E7,1.5802735561572564E8,2.7343946912540827E7,-1.0433138975423202E7,-1.5082561524945514E7,2.2362736697511455E8,1.2504717231594376E7
8,48,0.0,3260223.119454297,-4046167.4934381833,5.1625724379200675E7,3.016218695077162E7,-2.1223070457125092E8,7126161.090547329,-1.1241279882671548E7,-3929151.195090156,5.2684059520349836E8,4173766.2158463714
8,49,1.0,-3348123.778764262,4556237.223569646,-6.4393226257059045E7,2.3734691988752477E7,2.845128918639507E8,5.574860982116587E7,-7492588.348411232,-6278728.684043511,-2.3130954371556365E8,1.04282135035682E7
9,0,0.0,3.115281517580833,8.691716563716197,3.297940323724845,-0.9981148884522015,8.548258418086345,1.0293738597916209,-11.72423506892278,10.889662957176919,-7.586148402033683,-29.041770631742196
9,1,1.0,-1.788998629794889,-1.2325390076948854,-7.110801572108543,2.7193787693019558,-10.428743367408142,4.7285296798466305,3.3041324003340886,-6.95805233114245,-5.517752004928709,-9.580283619405854
9,2,0.0,0.7431480505144592,0.1509454482550254,8.23821192424157,3.28765997813917,13.37754776455519,0.2842192802474805,-2.643948341852039,-1.9828510325558264,-13.903407683042019,-5.125041675720553
9,3,0.0,-3.2196744250865597,4.621075226023666,-14.257562034195413,-9.877351201625213,-14.738428182136872,-5.065620714102927,7.009164293904745,-1.2221560638988085,-14.444508118652891,-2.5766690158946304
9,4,1.0,5.536537999795835,-6.6339514910297375,23.571310999177985,-7.393446029705391,17.239434127948805,-19.485553354081745,-0.14425282955382357,20.408656585387284,45.780129492122306,-24.98458767344424
9,5,0.0,-10.506358590774994,13.917422064468154,-42.69806986442055,-37.958722790054345,-16.432984235272198,-9.710460087651127,19.631643327106588,3.345127167884205,92.5678286420765,-11.900197153757338
9,6,0.0,17.415403089559327,-23.402410482184305,71.88143474567474,40.61262471178061,14.256869261538034,34.03160694536721,-30.904018091826806,-3.7214716946271533,164.8634523280523,-8.486706635644891
9,7,0.0,-31.262477618246606,38.36780792349715,-130.01790921526234,-78.1722462078114,-2.312717144031174,-65.52168908700027,53.44840275708997,-1.2439633878306213,306.1597509700096,-4.740089880412423
9,8,0.0,50.97426464996588,-60.99788371523529,225.57773578243726,127.5146828445198,-22.501081700237705,121.20344511602018,-93.84019951944836,-6.286637131947273,575.7500551102479,-4.249536403523057
9,9,1.0,-52.09111882583858,71.05727274349219,-336.29079922882335,106.17084427157093,54.53133422897335,320.82563797580843,-16.051252288664504,-185.0050556492067,-599.1500194935128,222.06523857636935
9,10,1.0,52.91247051717138,-74.26904852995226,463.1566695387712,-145.9314095197484,-98.67999009149166,-277.17217042474135,82.07461040434688,357.758641558708,760.1434802422266,-288.35216601043317
9,11,0.0,-88.6728907604317,110.47844012059251,-666.2768319475325,-455.010697658374,176.55933001653173,-128.01489776181143,202.61538382511563,90.50547142953438,1252.7133867422842,-98.28353012593372
9,12,0.0,144.93520577249186,-172.88250507486973,982.6006069346029,377.04539038376214,-306.7743005596422,446.677068200181,-289.6794919764314,3.4396213155661868,2459.133925092107,-44.71501566110326
9,13,0.0,-242.3622878778721,289.3510613955292,-1493.8824711178872,-753.7297804309061,528.182616029005,-801.1917715840348,525.0497759024702,24.750172950223394,4201.053415648184,-10.199166669221277
9,14,1.0,249.0438080961457,-334.3734876419088,2085.471348889906,-694.6872428604619,-826.8794994388127,-1995.7749181229362,129.40064209426635,857.7200829825485,-3040.3715637600294,-1049.928150965145
9,15,1.0,-255.6103005947072,355.72152539254654,-2778.967474346437,890.2507584566193,1228.74705563999,1640.310164459013,-527.2670348505943,-1645.5975528825668,1624.3386220620155,1307.0957862730888
9,16,1.0,259.52486789654967,-366.97236100876813,3579.0024469330424,-1182.4363155964168,-1764.305973296667,-2423.0396552315456,858.1877945884011,2338.4568511333878,-181.87281901738706,-1975.8103131700382
9,17,1.0,-266.1001452836701,379.18310680112535,-4511.878699958779,1515.0942585974096,2483.268887251211,2935.438929238202,-1182.6251513517852,-2940.7798257118093,-1059.0684186930478,2267.709593917705
9,18,1.0,271.76960524428654,-385.5008417490791,5592.944597900429,-1910.2992608571953,-3443.7359327196978,-3660.8200446466662,1534.9812853643991,3433.564932141687,1881.19357908308,-2671.4564693865864
9,19,0.0,-452.497536092213,561.3425392284846,-7117.120050456245,-4163.572354227465,4816.022750381111,-1035.7992744140254,1507.2432113526704,859.2545846157096,398.3981050605497,-883.6281776953145
9,20,1.0,464.1200089235286,-632.2688155985043,8880.989262763285,-3274.3243274045167,-6650.287661632948,-7707.517875718122,1050.9966221797392,563.0661464040771,-4245.857410120958,-1272.2162137165087
9,21,1.0,-475.91199442806135,668.0866504720153,-10929.50084946446,3745.3874279022148,9100.110327169516,6499.202083098295,-2443.373893360411,-1586.1517484100268,7943.128582012383,1084.2202753230665
9,22,1.0,491.7553659854828,-690.643425250239,13309.975522006582,-4617.517161599267,-12371.912123596634,-8872.936380201905,3523.0686965447153,2292.0336839251854,-12381.2543094429,-2069.921100346844
9,23,0.0,-816.2840863047479,1012.5877909637651,-16548.177272336856,-9361.508726065162,16896.24346398742,-2232.6264075582385,3361.5472427382138,631.3030566812853,-32177.67512882381,-700.2053761159111
9,24,0.0,1351.366640136792,-1628.8576666246583,21083.560490993812,5451.177900215521,-23189.500959313267,9350.928885810526,-4374.492979671668,-3.838887301285306,-46203.36539698292,-329.5262033630638
9,25,1.0,-1388.9131271238964,1875.2963902061488,-26330.98831133347,9437.179409222907,31597.138056982727,24937.50571666644,-3022.359191648209,-4179.852931099978,53779.5449962612,4872.524828865449
9,26,0.0,2302.454680812193,-2830.533887540188,33760.48907735986,20146.949990939785,-43254.20939570772,1266.3478227936528,-9272.238569007191,-1249.3602936763132,122597.76539711558,1743.76571210655
9,27,1.0,-2363.6257538473265,3207.5153712888464,-42367.574245035175,15552.735615597563,58822.76115181525,35543.29531681402,-4059.9104958925986,-6306.64531176714,-63552.18326384113,8844.803054451068
9,28,1.0,2427.8227478007184,-3394.8178646106503,52361.267341248036,-17885.50463237479,-79602.31764060202,-31589.00509752825,11237.593176342643,11827.207713895728,8221.046441136637,-8517.32286765443
9,29,1.0,-2492.754227969895,3521.1563343438065,-63968.357000954886,22115.64753384424,107328.94855630661,42526.214553662976,-16674.54204691825,-15763.731810564632,50419.19395341429,13532.587858462564
9,30,1.0,2559.919802139746,-3625.51678465873,77437.86870787352,-26985.291658850696,-144316.86879617916,-50052.45234338446,21664.349460103767,18243.608701549485,-119339.04170181768,-13210.235256372973
9,31,0.0,-4246.104663952558,5276.165101932707,-95533.65757596977,-53416.78241330937,194450.5759933261,-13451.988266004075,18483.118817339873,4788.290464958562,-326771.27335357305,-4142.447060522293
9,32,0.0,7040.556438985365,-8497.724054808461,120569.08542970056,30113.78903031613,-262655.15931438364,53820.681280863166,-24124.95595095648,350.22653516038923,-454582.5640381123,-1783.782672029514
9,33,1.0,-7230.13258141244,9759.222580437436,-149538.17050358947,53893.205087353504,353648.3596457104,141853.84734125377,-17638.90165178714,-21485.64154274618,577211.3814696877,24985.6582166995
9,34,1.0,7426.9286088244635,-10368.843491574977,183151.30220700434,-63121.52277062528,-475012.6289312805,-104660.83080514014,41144.697752297456,36021.67568968508,-741860.060594079,-27240.319899623937
9,35,0.0,-12315.29526167524,15248.32572650059,-229328.3573129967,-130985.63789736993,639195.2416198326,-39737.12659274841,50675.51215661627,9901.969866420624,-1710815.8274633565,-8528.425617920304
9,36,1.0,12649.357054017872,-17200.71595728577,282787.6503205617,-105180.38129528475,-858170.3823230913,-247629.87979662287,32819.08103896395,27019.351301627852,801954.2110659969,-38591.567008991326
9,37,1.0,-12986.814712311807,18178.968029560845,-344806.5392015031,119167.66185580533,1150174.3765064452,203498.77447954012,-77464.97517836436,-50977.61322612764,90838.12171019166,36399.029608108285
9,38,1.0,13338.53483014825,-18841.436416780318,416757.17800437205,-145457.15611434454,-1539512.8102667453,-277813.5295761159,111248.5171432946,65004.069393601705,-1046261.0052509597,-54945.985579654276
9,39,1.0,-13697.710951751536,19408.637587894653,-500185.1138859647,175625.99063396433,2058573.3960139167,322264.4762062155,-142234.56804781826,-69987.55023156905,2147598.230374632,48665.34302415652
9,40,0.0,22713.967854367558,-28215.116898040844,610072.5913226537,335163.57255645865,-2754828.170407031,84627.02011432417,-113174.18201162506,-19125.43290673644,5441675.193856312,14630.484237519788
9,41,0.0,-37666.139693096426,45458.46281887204,-759093.7833486787,-179170.3769736044,3690192.6549605015,-338812.46596946695,144959.21163914076,-334.19553554182755,7940644.712182203,6675.750589805804
9,42,0.0,62462.62168179184,-74938.53411699116,967803.562781487,364449.0312751078,-4949123.771702298,543006.1445346898,-256810.9646349441,-6983.8364567458175,1.7231052267184336E7,172.7460162184959
9,43,0.0,-103583.56139273901,124123.61863600003,-1269607.5598479214,-454338.61613155063,6647408.845711828,-759723.8403029017,354120.2060606428,9731.988546393108,2.7888525425071307E7,4174.414002553543
9,44,0.0,171775.16092787543,-205785.1399523543,1719014.913449337,684286.1669880851,-8944709.79129873,1040428.6948052542,-518765.1374913657,-16525.460238886302,5.5908326631455675E7,-5006.521481275807
9,45,0.0,-284860.7515417004,341241.0485736581,-2405421.883998585,-1007934.9992223191,1.206268536179788E7,-1444983.128687356,762856.0283974712,27233.845273363448,9.567852856093453E7,9122.706071468227
9,46,0.0,472390.66310310527,-565881.4223781187,3475871.1779356855,1546796.6851700582,-1.6311454298868509E7,2059912.2059754748,-1155851.6284707254,-45124.92580065592,1.8395503592569214E8,-14731.678497962437
9,47,0.0,-783375.6288880319,938413.3183520273,-5172858.504814595,-2411650.132498174,2.21287231611479E7,-3022065.527007766,1787147.6615157956,74737.77365693139,3.244035974128618E8,24573.787782003947
9,48,1.0,804497.3484058954,-1083453.9521207882,7140754.178781339,-2389998.7095186687,-2.989208412415275E7,-6924170.4042191105,462003.34623405174,2771485.605012334,-2.7420767617329407E8,-3359781.6657047137
9,49,0.0,-1334116.6544799763,1638279.7641613705,-1.0210430492051266E7,-6945863.749511339,4.050218845811763E7,-680340.6142550239,3454941.209540491,803177.3207993645,-5.241192023001845E8,-1227632.112881025
10,0,1.0,2.713708237926121,0.5657491698149648,4.385178657350828,2.37379234531191,0.9749666258178163,-1.5049445367905634,-2.7487522518896097,0.7515773221032689,3.2948857410791987,4.256344967796193
15,1,0.0,-9.574217212307188,10.384819394322612,-19.642894753613618,-20.25884537826898,2.31493026431733,-8.803683530462724,10.16747677655735,0.2794919694121078,3.2791836735053357,-0.38513850165445185
15,2,1.0,9.228456862653871,-12.532725529481333,36.427794499935445,-11.494911774851822,-7.745983123388494,-33.936070427931554,1.160320343534584,34.24601580792375,25.86491061327049,-41.16121348973687
15,3,1.0,-10.454126792387985,14.099736691947419,-58.01376436547435,13.436032465146901,16.88832281842821,35.462127374726784,-7.354060073505334,-70.6792129826194,-74.60115482466206,56.571390558809114
15,4,1.0,10.912703693579214,-14.259844998463391,82.053722342656,-27.19358366955092,-27.846175265917434,-55.28567591646303,16.504085394220724,102.80415472271204,143.23603068626764,-87.99057081596891
15,5,1.0,-11.361427345143472,13.175048893967826,-112.84141026551444,35.50217583690809,44.89372426038987,76.00766461945082,-28.372577281824825,-128.6742775667649,-208.07591349387923,99.61863791859926
15,6,0.0,17.62537792122818,-19.60185111335129,156.5937631674034,98.95251648928773,-69.4454631882146,23.448251210422658,-42.010978686995905,-33.96143789151921,-325.12398621534487,31.080675696141178
15,7,0.0,-32.027761579539956,38.50099260185051,-230.63474562662176,-88.95712175615284,110.19903145257909,-103.93443706069297,65.4151495985595,-6.436410157634177,-651.5086325389167,9.811398816869694
15,8,0.0,52.15423375374689,-61.63373809200037,342.73198250995455,164.73816440906646,-172.2970211007919,184.4054772475143,-118.27716297599805,-9.863052512716989,-1092.3423154388165,0.23537148981731443
15,9,1.0,-51.03107695952565,70.35105942780321,-470.6210079518485,158.22025247781127,255.19736109832095,448.42233399187313,-30.391038238151687,-175.3323767502469,866.1837962023035,215.67971077971035
15,10,0.0,82.84912359554579,-100.59809831614565,664.671449042428,445.7419936090917,-380.68875793001394,45.84146957755975,-222.9367943474966,-53.42062652904478,1820.014876280884,76.77715195742823
15,11,0.0,-138.60136610294438,166.85442138408985,-972.5030549471988,-369.0553428448993,578.9998155610247,-405.72944507621804,290.9580978618501,1.8936759821490396,3012.4620505066478,36.68486383257757
15,12,0.0,229.82930519697206,-274.38669336309596,1462.7577086006797,725.6963653157832,-883.0341907914571,770.4793361057608,-514.7173099895113,-29.227346586246256,6007.339820103798,5.168582210790742
15,13,0.0,-382.7420785850935,458.3726738412162,-2256.0774035323725,-1095.2559085592775,1366.0737960642991,-1254.995146078115,805.4090531824959,31.808676706587722,10228.709914381996,16.311882465916057
15,14,1.0,393.9724348678728,-528.5172188021479,3175.060718295012,-1049.7128185086906,-2016.9249326029342,-3048.9144487020453,192.34574981484425,1366.8213967739036,-8114.959671433518,-1654.1259281673351
15,15,0.0,-654.5557431889122,800.7113362559793,-4631.521039598385,-3213.68098182406,3014.572715714264,-355.1064858218666,1607.7435062051254,392.9632439859427,-16680.184022974678,-605.0455118497445
15,16,1.0,673.1942896816007,-911.3784468093827,6321.958882582796,-2175.549537166607,-4352.471103729706,-5358.950784765232,430.1281672100556,1994.7414996140596,12223.705132240435,-2832.83964548193
15,17,0.0,-1117.7599464160603,1373.5268423249738,-8945.362312264635,-6039.332502657849,6357.685465824604,-936.3949436168157,2991.073419212041,595.3069985053718,18602.221810666633,-1071.108306707338
15,18,1.0,1147.1393117433474,-1556.6029137363969,11983.856855801072,-4180.533854026897,-9044.19131991289,-10244.380885080463,868.0639118489781,3437.807205306223,-17451.297470936785,-4899.310257139985
15,19,0.0,-1903.3680161161183,2339.7464111102527,-16637.42573191196,-10999.087050001164,13000.266571068929,-1607.1336679868812,5408.689322804213,1022.1280059498706,-39514.23339907566,-1854.0620426626463
15,20,1.0,1954.4956371820356,-2650.7774046760283,22033.35567205205,-7757.590111291029,-18298.73321821981,-18799.912175758425,1671.8604021852288,5780.101609160649,24601.54168577456,-8276.206799278787
15,21,1.0,-2007.967749627225,2806.732631993352,-28319.346509324012,9352.449984580813,25387.993842845513,17226.13056441394,-5676.735579122048,-11529.160216968634,-13647.34615709169,8533.732975128996
15,22,0.0,3328.2127271722893,-4120.824830651995,37572.57309817272,23218.184032142497,-35491.583282371495,6472.01844759315,-9705.106475796514,-3097.8106830642746,-4091.2713512686696,2672.5831178263547
15,23,0.0,-5521.2208923462595,6658.709617685162,-51519.91037756057,-16808.540338587653,50050.52018163027,-23345.026619832548,13191.96025126303,-127.44865272153824,-34741.64177233257,1190.953937507933
15,24,0.0,9154.8862267369,-10981.308968235542,73008.83388051359,33243.47381972879,-71261.73391960782,39896.80203521335,-23411.92738112723,-1035.0255731436102,-24154.363726958843,117.53932105043158
15,25,1.0,-9401.103359899778,12667.429735833151,-97919.4376131965,33560.81288526887,99652.21879708013,94435.71112677758,-7240.459157711997,-31633.127481756062,55320.20806724399,38613.99565561824
15,26,1.0,9654.488153776458,-13472.442844055005,126917.06127310792,-41638.27040603985,-137615.36934914422,-73812.52115126292,25179.080494238264,59830.297315740165,-77953.2940586603,-47165.82515274071
15,27,1.0,-9914.165162662008,13991.597801570051,-160690.03132978803,53845.2959278369,188340.34169590528,108663.03370229623,-39621.93174128739,-84026.0034802271,106366.1076553601,70948.32454892041
15,28,1.0,10179.79765538343,-14417.97766602489,199986.20214123235,-68008.77720789576,-256073.29230794148,-129649.20763359121,53532.36520228826,104231.77845187005,-154722.18737352238,-79719.70305244523
15,29,0.0,-16881.783918329136,20968.63824145604,-255493.35579634487,-150292.86142136727,349679.3712608884,-37995.826503911914,55322.54679789944,26509.119771258604,-486751.95266398136,-25994.891227325086
15,30,1.0,17337.224148334386,-23598.59847311238,319801.0107600105,-117549.83532945406,-474657.5628304123,-277733.87261956267,37263.00019864823,27014.999303506185,91690.15754256763,-50221.494999039984
15,31,1.0,-17805.248062120005,24928.839503147592,-394482.2547769551,134967.66638109938,641452.3201997178,234667.1941094957,-87776.02253192641,-66222.56948335581,295058.2798459067,47223.53655113685
15,32,0.0,29525.923650480938,-36573.86976989085,498386.9296314424,288333.65103188244,-869583.0613955521,82884.95832327305,-112798.85100744352,-18985.401675050984,1023616.2049099787,14017.896013196865
15,33,0.0,-48963.9564055262,59058.67503322687,-647218.5915348772,-179213.3653002559,1183293.9572515178,-294037.764893841,144816.6160351476,915.8793612439708,1226224.6889818998,6917.17620522484
15,34,0.0,81196.33955546647,-97401.68767918034,866801.139654935,359085.74876042,-1617429.9059972242,481809.52389170654,-253921.40048036323,-8698.969276778673,3130269.9768633894,-436.11219430045065
15,35,1.0,-83386.18803264179,112346.33676814193,-1121136.7256405284,395127.6804031783,2197106.8829551516,1089568.0863947412,-94924.86971559108,-270836.23609703017,-1261546.5973616545,329635.2325842783
15,36,1.0,85634.32316394965,-119504.9838573453,1416855.7309609493,-475086.46501940605,-2970777.2423040243,-812251.909183003,292789.43775767944,498109.89369894064,-516535.28466618335,-387252.226786428
15,37,0.0,-142011.61961543676,175789.59429745874,-1843440.2679509548,-1110621.8299089258,4029935.3479638305,-333388.77969540976,454711.4876463842,133599.0900388941,-3209341.639966039,-124242.64621977811
15,38,0.0,235499.27263585385,-284008.26670608716,2474936.4405384287,760785.0881426581,-5488044.430573015,1132291.6150657414,-603990.8299655035,5629.648680787843,-2878146.381381126,-55524.03992075773
15,39,0.0,-390536.7597176377,468463.9872972541,-3433890.470083612,-1511800.4948350964,7508485.436554161,-1893064.9454121569,1066487.0522635714,44081.86952159064,-9384929.932985868,-7330.029320111979
15,40,1.0,401065.0721177979,-540346.9851270495,4545169.856157094,-1573697.9647680565,-1.0206429162507249E7,-4397164.917157704,353427.1669406457,1334698.960351927,1854066.1845320354,-1630775.9476531406
15,41,1.0,-411879.03542407387,574774.56322017,-5838439.533046561,1930357.0284964077,1.3807443659438383E7,3377843.5114316517,-1175263.4417518284,-2504449.0518760346,5388581.751345366,1964787.548820335
15,42,1.0,422984.3722743678,-596927.7641528796,7343865.976319942,-2474986.0579719357,-1.8612152932966568E7,-4964682.78672356,1829197.3610248195,3491726.3150576185,-1.3393518222960928E7,-2945018.295158258
15,43,1.0,-434388.902588694,615251.8046798614,-9094886.762773998,3106183.669596829,2.5021209067002203E7,5888611.7713526245,-2453816.014761964,-4299810.896682775,2.325917567560805E7,3276591.607887942
15,44,1.0,446101.4681377466,-632588.1744939128,1.1129587075875964E7,-3841121.5036450177,-3.356858038407876E7,-7268100.731005237,3120026.99094722,4916227.059224346,-3.622721942467352E7,-3806672.394379295
15,45,1.0,-458129.1490040317,649893.6797160606,-1.349172316673917E7,4695250.046080174,4.496590502782931E7,8767557.316571223,-3867631.5388993146,-5318205.62724219,5.378260437965324E7,3943328.116933919
15,46,1.0,470481.364019852,-667502.011643452,1.6231666968280004E7,-5686813.401778404,-6.016161143207345E7,-1.0540311883677969E7,4724009.534465625,5475325.074457133,-7.776998445316084E7,-4043714.9965703464
15,47,1.0,-483165.15012445045,685526.7375734367,-1.9407468874589056E7,6836896.745819743,8.041969967124063E7,1.2583510096255999E7,-5712502.592906261,-5350411.781793966,1.1053813821241927E8,3824696.5074526444
15,48,1.0,496189.0728087742,-704013.5765530426,2.3086027798516568E7,-8169848.543419495,-1.0742474201916753E8,-1.4953554432075186E7,6856358.027559544,4899549.407615254,-1.5512502538014176E8,-3421330.1154522314
15,49,1.0,-509567.106431614,723000.229028055,-2.734445179581409E7,9713718.469863944,1.4342183284040326E8,1.7695612654009424E7,-8180743.112334421,-4071554.8150781314,2.1549919763950846E8,2681322.9184632576
16,0,0.0,2.4464197847142986,6.054815029814801,2.7261193077877315,-0.345412000193122,3.6520621922081675,-1.0077996148043717,-7.568258040230223,3.524640357280618,-3.364057821764083,-8.154664082963045
16,1,0.0,-5.172748992892815,3.6197057182882393,-11.815223180093513,-8.110600581570873,-0.5461874754801539,-2.224362551884313,7.56425499211121,-2.364739119772051,-2.917186012425553,-5.13552465138745
16,2,0.0,8.557935132580031,-8.816935189980617,24.99722884092891,16.095569331572605,-3.816683492293313,10.671703043577036,-12.767876289870237,-2.4506643002648,-0.2709805029516996,-5.480526994573006
16,3,0.0,-16.095799245675845,17.481616104054606,-54.13596249848906,-36.66107482706874,15.52942404802209,-28.645538226732636,24.14911376260299,-0.8543443888461886,-7.665487755617565,-3.013368228003471
16,4,0.0,25.599096661552604,-29.283614863998046,100.12558754726908,58.949824769430435,-34.52800802564774,51.616845366215074,-45.00406297220129,-4.337447613473361,5.6228914169326005,-3.092275567417211
16,5,1.0,-28.277114246210047,38.65209152497473,-156.3662603268182,45.69387265061513,61.240858928744544,147.86751438119254,-4.58070648258103,-104.16293118659166,-61.39596654456121,125.55110902561152
16,6,1.0,29.599701652384283,-40.85373116378181,220.90143382824587,-68.502119842353,-97.10100997885523,-133.18374174111645,36.89711735213054,204.19075528733347,183.7762622460719,-162.66435814365556
16,7,1.0,-28.660765510231627,40.6315605739271,-296.5263700780832,94.97396960616662,144.13291259949952,201.08420220703454,-67.5004832232327,-289.73897151974273,-329.22407381706523,246.21688471389038
16,8,0.0,45.58931291706289,-55.92977321265054,408.5688040339283,264.2903396865227,-213.96015894946183,63.696189729586436,-109.93932182837615,-76.37924421925429,-448.09265508056575,82.87231965619529
16,9,0.0,-76.98958132327796,92.93919424660196,-585.1953535389413,-213.89457454541315,322.41425599263755,-260.7761416693588,163.69975664429197,-11.693261434406832,-987.037508824515,32.03378476150727
16,10,0.0,126.43145074137628,-153.7613982768126,860.776055506112,419.0808366802923,-491.55821612611,464.0244299683906,-294.8551283552013,-18.38058861039232,-1526.6764504901482,6.352984169589041
16,11,0.0,-209.73358603539154,251.72074608886828,-1305.0557439914446,-617.463551831996,761.3008493215788,-736.4148828366613,456.2439263354501,15.822175000657918,-3216.209441234526,8.398170741209508
16,12,0.0,346.8803876475064,-417.43545839587233,2019.3591169631927,1005.138871820665,-1186.5673447903987,1145.8805972525115,-734.8793336760706,-35.52113635940781,-5216.390243945641,-10.592722172224775
16,13,0.0,-574.3719038850419,690.4667412961121,-3183.001506895391,-1613.1044482187167,1867.9772492795892,-1801.828141286338,1176.3295792220342,52.538440168536184,-10587.879958070958,17.296746524821806
16,14,0.0,950.8307919861251,-1140.4621936006254,5083.330839792026,2623.027122168787,-2962.1470369753088,2861.5898079955673,-1909.0960661155966,-94.01298686426722,-17705.365216660288,-32.21041357024865
16,15,1.0,-978.0081112582961,1317.7230068820134,-7293.146167179658,2371.2643942364743,4437.204633876935,6997.277409874883,-397.73697966961817,-3423.1031492010716,13651.996973074954,4148.535791491342
16,16,1.0,1003.8648270672679,-1400.7179245391262,9866.910289926001,-3121.69880099644,-6413.285204006849,-5853.128431445357,1821.7532542210354,6615.524805276591,-8644.94372127255,-5296.79162761003
16,17,0.0,-1665.2774217497158,2061.102233903444,-13842.03955864211,-9145.550799953176,9376.086149345327,-2625.564899388901,4006.9726416273897,1745.6245082604014,-21776.32912056207,-1734.4436227456017
16,18,0.0,2760.983875567864,-3329.449116083019,20062.502130068482,7499.478590836745,-13869.28864275899,9140.622553715324,-5742.440724163234,106.94950660695135,-32317.638555619094,-763.607728000503
16,19,0.0,-4579.216079231821,5492.578944079003,-29942.31087865882,-14704.329501140915,20763.660148752795,-16155.704148553195,10311.939360642125,524.6783294630428,-70706.54878288215,-135.48501755102663
16,20,1.0,4702.718114410079,-6335.7300391474055,41398.58271353471,-13864.71452859233,-30012.785378664816,-39688.18943655357,2705.1096210392097,16122.539466677239,51528.02662223774,-19728.710553946534
16,21,0.0,-7799.942969532162,9580.052236633528,-59292.14653155127,-40418.922420990115,43883.04228352665,-4201.223057677741,20096.797139191636,4674.332429131903,68045.09580090991,-7227.079720196858
16,22,1.0,8011.307694257861,-10868.255986406957,80058.68118245475,-27761.643875588226,-62471.288149376094,-67759.31077846256,5661.419162727013,23624.60447106045,-72828.66405337406,-33592.15598808048
16,23,0.0,-13284.771909131738,16342.908694038992,-111985.31416199758,-74674.21447114466,89870.8877138025,-11396.04378280744,36831.91093085565,7063.189538026303,-185706.22168039446,-12681.545697415959
16,24,1.0,13642.555803927615,-18515.3670845522,149029.67041015465,-52269.51622872934,-126564.94674244813,-127328.08102722146,11110.781139342153,40637.12427792377,101467.6626244712,-57947.48796154169
16,25,1.0,-14008.968968627867,19594.262891631934,-192163.43329998184,63273.56483682568,175651.4105504707,116961.85965698831,-38312.786545527924,-81206.63536886561,-41441.91529247644,60331.62322715004
16,26,0.0,23231.846778165975,-28772.078454996503,255908.02299085795,158903.20592857405,-245661.46954763733,44259.41663994485,-66657.06842958553,-21789.575136041047,68837.13645480495,18945.05977628349
16,27,1.0,-23856.1360769595,32445.425875908946,-329831.311769941,118486.6229896926,339275.4918426085,288132.336740203,-32700.77619283631,-57622.91709140916,117822.30659850509,82811.9462449376
16,28,0.0,39557.884054664755,-48684.57256583949,438822.819376816,276136.80585102324,-471852.64262926014,33784.38191571005,-130956.95372310122,-18055.07970671236,481841.07124257303,30991.109631444186
16,29,0.0,-65600.02327917173,79018.25325709567,-603369.383982899,-196332.44221741045,661508.22366617,-253205.2872408356,161944.8404298265,2935.0535531063133,518957.7374740691,15673.45741361759
16,30,0.0,108783.65648024638,-130457.77111406565,857384.1063433359,392922.5138918864,-935762.532062182,458475.5086908332,-279402.9946616932,-11205.390685192624,1465562.8921674234,2586.6593539869314
16,31,0.0,-180399.53449063483,216149.14887359383,-1256842.9840241612,-562046.0453832132,1336922.7553126777,-714061.9739843025,420977.64510202844,17028.741760627974,1943036.3252935684,8367.628931097095
16,32,0.0,299160.26206679584,-358379.6578391051,1894149.475229615,905133.3162593384,-1930675.4392260818,1087252.2872036796,-665021.6867540381,-28581.198670879563,4622183.592872093,-8124.883661130873
16,33,1.0,-307226.08466409676,413759.13521595584,-2633277.435985254,876875.0130012804,2726004.3307926017,2544365.041821672,-165345.10160276678,-1062043.6203302334,-2861039.0364844147,1288341.0900434614
16,34,0.0,509478.19607539213,-625636.9561247363,3791268.4918382717,2597850.6874975553,-3886641.9823967777,265445.10674093146,-1295523.7046589837,-307569.6629492477,-2963373.712618034,470921.49301884236
16,35,1.0,-523214.4448561346,709776.3550176803,-5135352.204915987,1776426.6410838952,5440296.172717114,4345248.447284378,-358046.6185580953,-1544480.8848904923,4500456.482383506,2195068.0032783356
16,36,0.0,867657.2623184366,-1067197.0434856706,7206315.658764771,4821850.273194254,-7682357.638443143,740650.9339088165,-2381778.0224018167,-461747.0350842788,1.2649934513722386E7,828557.5044968895
16,37,1.0,-891050.3901745129,1209344.8287722461,-9609443.074519731,3365050.7367109973,1.0682064772032062E7,8212079.808113704,-710519.4634972691,-2659064.916355131,-5415294.801009348,3791002.707698564
16,38,1.0,915072.0794960721,-1279944.4919563436,1.2407799361501971E7,-4080721.347034043,-1.4691821953792388E7,-7555174.64327716,2468125.1810153415,5320553.136719443,-406825.3996472096,-3956622.7608200572
16,39,1.0,-939744.6067697249,1327185.9871255865,-1.5666411806145517E7,5262005.688757334,2.0048027554587588E7,1.0474837601913828E7,-3875364.960290009,-7584890.686478919,6407957.93770478,6604678.919670052
16,40,1.0,965079.0872605307,-1367234.1004060286,1.945765304643103E7,-6628444.449724828,-2.7199013834003802E7,-1.264688124440427E7,5223797.132478116,9460728.703650042,-1.4141620589810193E7,-7126223.12479756
16,41,1.0,-991096.4733243978,1405525.1545448035,-2.3864098907467473E7,8219804.920772422,3.6742300558927976E7,1.557747145756202E7,-6664538.909918978,-1.0921362955796352E7,2.5266507978317283E7,8558191.449639745
16,42,1.0,1017816.4633137924,-1443897.26580061,2.898063419715222E7,-1.006961383945052E7,-4.9474223790418334E7,-1.8844495111347046E7,8282708.312186963,1.1917516170325123E7,-4.168070904357753E7,-8818014.68115716
16,43,1.0,-1045257.528121298,1482985.9669322043,-3.491653623693444E7,1.2217447478526043E7,6.645610115422705E7,2.2678882905241452E7,-1.013717643287581E7,-1.2383225442427695E7,6.566684378500205E7,9212292.973852733
16,44,1.0,1073437.218861976,-1523020.2675226529,4.179771580903116E7,-1.470907885670915E7,-8.910238582654788E7,-2.71082276781454E7,1.2278338070115078E7,1.2237932744961748E7,-1.000642817155573E8,-8772720.09277813
16,45,1.0,-1102376.460578663,1564101.8371089078,-4.9769292938832946E7,1.7597289747983526E7,1.1929817545410411E8,3.2243650410473935E7,-1.475651852820296E7,-1.1386458976316156E7,1.4848475052877772E8,8028225.604594425
16,46,1.0,1132096.1444368733,-1606274.2312645481,5.899851256630319E7,-2.0942963076812517E7,-1.5955580013912874E8,-3.818684882275112E7,1.7626267406616002E7,9717801.49320563,-2.1558971752357757E8,-6491329.790862646
16,47,1.0,-1162616.729152406,1649580.6171407844,-6.967813909080493E7,2.481623727312349E7,2.1322353886972174E8,4.50638023059628E7,-2.094891249449291E7,-7103216.177670504,3.0745260227494115E8,4329851.839218433
16,48,0.0,1927991.3593496415,-2395647.7082785973,8.31525797080033E7,4.41094736767829E7,-2.8512913756394035E8,1.098680669151328E7,-1.3898767013738524E7,-1900744.451992551,7.189948079712244E8,1217942.1377794002
16,49,1.0,-1979972.4308167133,2695375.1285747876,-9.871935058938412E7,3.783802592751713E7,3.8098576310662043E8,8.548712116494422E7,-1.3740201754337884E7,-1036744.9770034478,-3.1321516057487136E8,2074058.3512708908
17,0,1.0,4.807268549977789,-0.8222806139977158,5.281259195435227,3.552889971280709,-0.1358736501282043,-1.9078938694326941,-1.5379783826393025,1.7093426929254067,6.894420918611364,2.416873635334923
17,1,0.0,-8.772391432340392,6.926647107830812,-21.207382142934545,-15.525049937584116,5.44940413099511,-7.702729403958117,6.9447339616939985,-2.9910279853600272,10.775342717012139,-0.9352393549134498
17,2,1.0,9.982757496916772,-10.112478294011764,39.49228695872281,-11.277839691854327,-10.744784771479887,-35.713541091384485,1.3274726423120584,31.234946803689127,17.103369480804403,-39.556801351218404
17,3,1.0,-10.84866790965755,13.637665737560017,-62.501518919993075,18.1010694180542,20.37355372425817,38.49170171742738,-11.36165761946763,-64.58899575220859,-60.32059460930951,52.69749687280117
17,4,0.0,18.03613932892853,-22.58323749968936,96.97252182535283,73.04079685994867,-37.503418173567965,20.208376710225544,-34.89341289395718,-19.1186754441232,-79.42504190895612,16.552903488630644
17,5,1.0,-15.697697447903879,23.9731199000792,-135.21641455375723,44.60256741700258,57.08319579914879,118.27065450316614,-9.150040373680673,-45.254313802955096,59.04075919930007,66.16409243622185
17,6,1.0,14.58092408229205,-23.83030559965687,175.07850250472043,-57.58446672277721,-82.64162894529417,-103.63205998726151,32.610846755982855,99.94022733044814,-2.4936482882847275,-77.55228837351007
17,7,0.0,-25.98876488957107,32.676784391107084,-240.1304611444178,-155.7808844006045,124.80198350739407,-47.603558912715464,65.14610587326634,23.840668591668848,-83.99003429673473,-27.381689951994957
17,8,1.0,25.301168429636487,-34.54129175256959,312.63951638094926,-113.5713164393088,-178.07360984585085,-275.3696078591127,29.436376241392875,62.0295093728403,8.854194645712946,-94.48746541554398
17,9,0.0,-43.8637266804004,55.966938248797206,-427.078221156062,-279.7073057267059,259.13513317326635,-36.50868403664352,132.07948528648922,16.86403191066615,-130.4732491407825,-37.61744972082241
17,10,1.0,45.218857237243256,-61.84138732023835,557.8289812631833,-198.42929903626094,-369.2041412972078,-474.83028963765673,43.9489068355492,140.86270764588693,-3.9525518354570544,-196.78598920041722
17,11,1.0,-45.35078465422423,63.49036515957249,-709.5511190964776,235.84031611056133,516.1211933414171,431.9706720270517,-146.0376289998611,-263.9043849437967,95.18037704795404,190.00199559068935
17,12,0.0,72.81212754816498,-90.7075934857238,924.7242371731224,558.9700880166356,-723.3248201769582,155.00958823259108,-229.69669897407218,-71.47478755851688,605.4393949232048,56.91498064331834
17,13,0.0,-120.50124117220194,146.3093885852439,-1245.8804615979539,-386.91572023464687,1023.480184274634,-564.0960025456933,305.5110738703809,-6.751476186835234,554.1521981084692,23.905664385156687
17,14,1.0,122.9206032800227,-166.6405535305519,1615.654877420579,-565.0814287140067,-1425.6668697117168,-1528.6157788405637,159.22123805023693,418.3190128135261,-985.8888251957134,-492.39356475241254
17,15,1.0,-124.43866322694329,175.1844447259848,-2045.6192966876365,683.3177428352166,1961.9822969754819,1186.2917779440947,-432.42916138494417,-750.0331736469182,1370.1843893424711,586.8077575673642
17,16,0.0,205.96250997211382,-255.0115122212685,2662.0199005846816,1604.2293676436655,-2716.213389906207,474.6198382530886,-652.1258404958487,-202.37303706413374,4086.36982268149,187.4306860337272
17,17,0.0,-343.0607180108748,413.86544060880857,-3580.629014493797,-1105.6686004004735,3791.2314944374707,-1634.063095506062,871.7938357403366,-12.434025736396567,5414.783735897939,81.8056156934
17,18,0.0,567.3603733828579,-678.5598279430553,4969.339696539694,2185.3952580728555,-5334.795328827071,2734.2218914838986,-1543.6246519744516,-65.97269120337538,12848.996770077185,10.523599732671265
17,19,0.0,-941.8553260344761,1126.4257403750935,-7131.491348605129,-3072.832235789071,7579.722636518822,-4115.001270483163,2306.9275701630104,84.8458102369409,19327.517304831927,39.591497887403044
17,20,1.0,967.5886372729794,-1301.606959669239,9637.563409769584,-3276.855056805929,-10581.230626387036,-9358.364067963073,696.3962930778775,3287.9635908170458,-19207.440555589204,-3980.2768134700736
17,21,0.0,-1607.451409143283,1972.5839450838207,-13493.960067939643,-8971.926197162564,14901.762102475037,-799.492308453265,4416.918960219425,955.902479321034,-43732.6069538119,-1453.051442139038
17,22,1.0,1652.1093463144816,-2239.1819652096992,17970.539025229402,-6300.585053009883,-20684.343420996054,-15161.894927577585,1349.0325424568314,4815.024601082409,25389.320506957214,-6831.721580254343
17,23,0.0,-2741.6611377631148,3372.974069280309,-24779.10318743627,-16265.086513263941,28932.468031182747,-2440.418265859575,7970.556764853281,1441.4055548675,29956.15832320107,-2576.055787474982
17,24,0.0,4546.1764777059225,-5474.991314612824,35321.77266055702,12603.785769862767,-40820.69483591568,15043.74856457135,-10202.107735793548,-158.78014165449818,77160.92068022823,-1267.7813727395217
17,25,1.0,-4669.300906338262,6297.441844175964,-47549.10919091497,16110.678592329852,56728.04802669685,44417.85276980437,-3938.985795830586,-15959.677632153529,-38457.46423935142,18599.029459706155
17,26,1.0,4795.44705624803,-6693.939309138711,61786.469674770764,-20231.319645874286,-77990.77279688074,-36449.684575380394,12419.507628471962,29994.36365848414,7243.161772861491,-24150.544041584628
17,27,1.0,-4924.1990443222885,6949.882000450246,-78370.80537751231,26217.39652896873,106393.15467012656,52847.88336915337,-19364.24491091283,-42111.14853104982,24745.19545630807,35215.52074093569
17,28,0.0,8163.612158007599,-10132.411789400812,102418.65535562973,62121.10790718748,-145856.71776805475,14808.885802382114,-24102.24195897035,-10860.206606830921,130143.85508095536,11839.366328770184
17,29,1.0,-8384.552455731797,11408.606232666241,-130300.74575735236,47286.786802783376,198562.56930856776,112938.25167398824,-14167.169548001011,-16248.035429147221,14959.960538539866,27679.13949255738
17,30,0.0,13903.645034025383,-17112.316438575366,170797.8989399883,105511.74553750016,-271551.05970796343,12769.209287385806,-49291.803078972895,-5404.507923276634,178210.37633051103,10622.098567760635
17,31,1.0,-14279.144157107195,19382.72421837875,-217735.2225911487,78966.91330315195,369011.9781138697,184738.79788505266,-19621.043416670822,-41832.21244089541,66774.25658162143,58032.41506397102
17,32,1.0,14662.631528851221,-20510.54407369738,272287.41875573166,-92063.79987500396,-499090.68951099395,-164291.45813016704,57284.5590268204,78609.23471624084,-312350.9145046868,-57110.887853829
17,33,0.0,-24316.517107967844,30116.902385877504,-349849.8622387788,-207225.77682367776,677259.0615516847,-58395.27770407281,83658.47383377813,21304.02629181684,-951392.279752827,-17650.162022767407
17,34,1.0,24971.417561205566,-33960.40301256702,439716.46260839,-161109.12394876927,-915033.8040886988,-383922.6127170639,47577.753452354285,57348.51144900712,192241.0084550053,-81616.41175041583
17,35,0.0,-41409.96975995264,50961.903007709356,-568202.3042611537,-344618.8020534595,1240106.528055743,-38533.82132510507,160409.6730141675,18212.953716992237,-334045.3734824017,-30369.585387467196
17,36,0.0,68670.63354082758,-82715.81809753705,757028.4719329467,224821.01569562126,-1686910.1618802927,315837.4903458064,-190110.5076235455,-3255.675102752043,311274.7383718013,-15520.292512436909
17,37,0.0,-113879.25061098649,136570.2420227297,-1042047.2461095777,-453916.4907746874,2304884.151639844,-561116.3369020144,324123.47325931536,11704.942103149922,-694336.5184322981,-2309.2532374950074
17,38,0.0,188846.2367623622,-226273.34507718182,1482224.38375505,628180.4677595929,-3165795.5251597282,851930.2597273035,-475802.3011748451,-17863.004103699463,466486.73720145645,-8590.156135936353
17,39,1.0,-193940.88783101854,261205.07715637467,-1992456.0174028936,679849.2594843744,4315694.16409973,1934915.3612701122,-145957.04548144861,-656833.0758650575,1897159.2840944664,794415.1354117334
17,40,0.0,321614.69571576884,-394945.70565391483,2773750.3339242707,1832649.8616849494,-5911751.736300741,158900.2071127439,-900840.3778312257,-191012.02419689248,6789973.712329377,289807.74032723694
17,41,0.0,-533343.2636367632,642139.4727130827,-3990635.955483907,-1458258.0047746806,8144263.545310206,-1643645.5015594107,1170777.0584376664,13322.507748890343,7969332.4047555765,140639.5162167109
17,42,1.0,547722.7631925348,-738730.0256937215,5401678.820530296,-1822887.6829896683,-1.112675317223663E7,-5024247.254141981,438220.5885558811,1885531.5675387976,-1.1962778552580712E7,-2203239.7871902217
17,43,1.0,-562490.7770355876,785219.4335009691,-7045101.169316359,2299472.009746236,1.5108961903091796E7,4169621.223078164,-1407674.7443413807,-3547887.694556788,1.6179894418784626E7,2854627.6542793275
17,44,1.0,577656.9587305974,-815295.7934366274,8959586.343435192,-2990534.2093330156,-2.042371772028564E7,-6040797.103569193,2204689.559834559,4990982.504603873,-2.1687383737397734E7,-4178754.7945294986
17,45,1.0,-593231.2851753741,840263.2500660847,-1.118793265211553E7,3793281.969031371,2.7514606434390824E7,7265867.265479517,-2983602.2737009316,-6211666.372720154,2.9631758323865768E7,4783917.167465984
17,46,0.0,983766.6619087461,-1221906.4783296464,1.435150472585248E7,8489948.12239245,-3.7159250380706735E7,2142347.3245633603,-3143211.5668728836,-1577279.936842963,7.52539830437152E7,1565578.964937115
17,47,0.0,-1631404.024214224,1968832.464910702,-1.8966803828730885E7,-5557494.496515156,5.0335344703745544E7,-8478976.327348975,4332469.683650817,-192545.68548168577,1.1028424731032409E8,648486.0689308512
17,48,0.0,2705390.7774373814,-3245691.5438506296,2.588731334793839E7,1.1089020226756133E7,-6.843014010788983E7,1.4243911375144757E7,-7779025.895559656,-341938.935024589,2.3926629764640117E8,158324.38260237846
17,49,1.0,-2778330.294033249,3743342.9363400717,-3.390540033263161E7,1.1834732557203494E7,9.258192718338893E7,3.284200516963656E7,-2765618.9300290635,-9105257.10468079,-1.3587674514430755E8,1.1197215257076796E7
18,0,1.0,6.048577087326336,-1.615190564124937,5.05189589961296,3.5132023458668993,-2.584023013752999,-1.902088776246455,-0.8752333815128959,1.5195687970128913,7.649793983380846,2.6039418891456787
18,1,1.0,-6.452979038090816,7.397674053185516,-19.045179878147085,1.8279299752152482,6.5492281979478655,14.40042891165341,-2.396696514326559,-22.441054983018482,-20.254811713633618,28.190945335010056
18,2,1.0,5.857816026543198,-6.811426956762244,29.46817431498874,-9.596089266832859,-11.42657019622931,-20.85674771564156,4.228131014747587,39.36885660934805,50.341681607813136,-28.08269077781477
18,3,1.0,-6.551653661743332,9.93630329280455,-44.43338052227815,11.147213073337552,19.332104131278843,32.67168546123246,-8.82971708882472,-60.124463190413394,-84.10889237644798,56.215594046115136
18,4,1.0,7.3388581884958555,-8.845370984446461,62.572153632456256,-20.47531774590515,-28.228551077423553,-41.98723959073726,13.293901832410373,78.7930103182806,125.56537461354675,-58.29017349437887
18,5,1.0,-8.359994609084762,13.373636623452017,-85.10794974854404,23.919502313428303,41.41405775167473,58.03247131588135,-18.290732120227045,-107.62759016564462,-174.9169230982872,90.77765921650762
18,6,1.0,7.5432337004566,-10.026134024938496,108.96634522160402,-37.88013975615806,-58.176157617096926,-70.76439341126516,25.78921644763291,125.46830483827831,223.7143059683313,-91.52119261676025
18,7,1.0,-7.7821410614924265,12.084076611849962,-139.1310723191133,44.99248810117576,81.34824724967744,92.54792692403684,-37.36884808151837,-141.0290415038815,-257.21193437862485,111.4203030446397
18,8,0.0,12.701899708239472,-15.158341492272402,179.35571880933568,102.34648685398122,-113.72985004553811,23.642285991276353,-35.98768571286306,-35.322554866291576,-390.4608434718126,38.034843249701794
18,9,1.0,-12.322558522144567,17.027180108813205,-227.7931110901128,82.61407486418109,158.61662333791807,198.9319595443,-27.348883921147607,-2.674517503495176,414.0260763620425,30.71026085589287
18,10,0.0,20.34844543951562,-24.81137480419337,292.95885537763735,176.21362138814345,-222.32056950182238,21.043257695620316,-81.30066569398817,-4.983455891116268,883.1539595766193,12.52980447589906
18,11,0.0,-34.859445167568474,42.98874820212984,-389.6411416416221,-116.54469041491414,312.72979949246144,-163.6885434533013,97.15720087005701,1.9529997003394388,1444.7034715977904,6.338627810626291
18,12,1.0,33.684074805188686,-45.88526427670358,498.04775116996524,-177.03224032915767,-432.3976124909227,-467.03659830719727,48.201368136354034,109.42774416784884,-1324.4285253197788,-128.05223058858596
18,13,0.0,-56.83835675629233,71.04736810140983,-657.1432427016131,-411.21642817645443,604.9532784494611,-34.72560425310322,194.99777151562253,31.10084614051519,-2768.4921275544575,-48.47131362298027
18,14,0.0,93.23428584642595,-112.60950763023882,896.2922095595205,285.59566385550255,-852.0820790699789,369.6123957894429,-238.38628530699702,-4.756268209228448,-4595.464184485294,-25.767212731155137
18,15,0.0,-157.3718676736342,189.80629283193122,-1268.7118939870236,-580.0631675854708,1213.314011866125,-677.2134835874709,411.9721241765451,13.952289774495682,-9072.93529396293,-6.028878486107168
18,16,1.0,162.25932206494352,-218.58846260144503,1699.04470508825,-585.3345122906666,-1697.8481713349438,-1633.428830402659,122.8925305620676,550.1100916477101,6575.78630472643,-673.7174370723945
18,17,0.0,-270.3086604684998,332.377783887938,-2360.633851247594,-1557.0220930629223,2396.4045549194484,-143.1274921893273,763.9541006840298,158.5094568695634,10648.131229553306,-246.74610504611596
18,18,1.0,276.73984884302223,-376.0764222424371,3124.987762218221,-1099.2377034740146,-3330.504272788814,-2637.322505473291,236.37642130459318,807.6246356198401,-9880.653915415262,-1148.4181975119823
18,19,0.0,-459.58259798263816,563.6414084826462,-4285.459413156823,-2789.9489520827265,4667.763714048847,-416.5197374417863,1363.5604992669673,239.9176351792784,-20737.94354614768,-434.2370843125135
18,20,1.0,472.691558180746,-638.5343879190023,5629.904235860938,-1995.7555546525127,-6456.288983473301,-4802.771751819138,441.66157905246223,1387.037482397606,13420.95776185853,-1977.2322635401076
18,21,0.0,-785.7793710055603,964.3743163890058,-7656.083373044537,-4942.008042727769,8997.763807994834,-696.9497435890327,2404.915793774869,413.5919723152215,19440.891649347905,-747.5640793278694
18,22,0.0,1302.8498132969353,-1567.1071727364836,10762.048568364879,3709.108396252918,-12639.135457198403,4562.20862233209,-3030.461100542929,-47.042014619135905,42486.56057830174,-367.7979355729749
18,23,0.0,-2160.8676764958277,2591.228748907057,-15624.490102506677,-7391.655738543615,17921.46339156939,-8331.220174131638,5247.782389005217,222.62444244791953,67833.97293281747,-79.26624140367198
18,24,0.0,3581.701160933248,-4292.0772912494995,23343.761860515282,10773.388178059777,-25667.988126977503,13174.576799375718,-8021.974746022582,-339.94144238146333,138267.12596928884,-181.92269868796063
18,25,0.0,-5941.326691776861,7116.5849712953,-35755.661011609256,-17491.032621855273,37165.896899845444,-20377.86626289583,12798.872782856763,563.3274690332483,232380.13097622342,151.53673052405745
18,26,1.0,6101.638807090899,-8217.207918070308,50150.67870632598,-16589.676306557347,-52570.11352084742,-48348.83902815045,3030.8403585832193,21180.762377885065,-198621.92205066315,-25700.724618274948
18,27,1.0,-6265.433568865161,8744.57525297712,-66931.1063229391,21414.128360626473,73181.29926713249,39409.01788618295,-12639.823522056548,-40698.33981090777,166679.53211645922,32462.942799332206
18,28,1.0,6435.309271265159,-9081.303057279842,86499.67811568755,-28470.4471281397,-100732.67618933949,-58601.554682749804,20649.410493295116,58046.2553226882,-142972.03856073256,-49089.98537531966
18,29,1.0,-6608.18345902027,9360.728422690017,-109295.59014994929,36673.121431599866,137539.22775194037,71118.44906145404,-28549.262394589878,-73146.81854442108,134231.58634788072,56412.94589403264
18,30,1.0,6787.982260056002,-9624.061569661191,135822.59994494272,-46245.08047657122,-186681.17491038033,-88946.0020431986,37119.184650874755,85789.41370273168,-148055.8469144334,-66937.7284661924
18,31,0.0,-11257.436319318347,13985.245691336871,-173212.8303915976,-101640.96885936934,254401.26812340118,-25256.43007023241,37003.67132974571,21517.135377466348,-420129.7355743849,-22138.319407101993
18,32,0.0,18669.002441039,-22530.77954063271,227395.73407267162,65234.860899115534,-348341.441036975,101448.77310707957,-50904.340326399324,3019.5447896858113,-579888.1807122461,-9045.057647803145
18,33,1.0,-19171.608865698774,25875.659496226293,-290146.0228761375,102345.33948096982,473788.3134065237,274248.49546232197,-31221.582648328917,-64179.64671975169,715566.199271476,72159.43910810343
18,34,1.0,19689.159500615657,-27489.922216757266,363068.01500959735,-122818.72371076648,-641231.2469667289,-209784.32242281825,78674.16640130241,112654.52026066284,-888356.3189841231,-89174.8777645503
18,35,0.0,-32652.491807731036,40424.7392441081,-466832.8103353862,-276827.2522529853,870842.7503165704,-82460.64355914398,110795.84904237004,30278.30627371401,-2115123.3562766253,-28816.766388532014
18,36,0.0,54146.677026745616,-65302.21140188534,618573.6974786976,182761.82712576498,-1187551.3895971484,282582.842815747,-145793.67033355057,1183.391850347731,-3221667.1614877377,-12930.908688611351
18,37,0.0,-89793.68411489474,107713.20060043626,-846605.2658904671,-364322.61413662386,1627385.1480560985,-468369.58512243856,257113.1752867799,10117.052089835934,-6786755.519557994,-1770.1991438686114
18,38,1.0,92213.79538749033,-124239.6730347284,1110808.114283215,-387199.68895085476,-2214768.44124858,-1076538.9399121532,89317.91511902506,304223.53316478844,4176489.984696675,-371775.1681578162
18,39,0.0,-152921.1519079805,187803.3520429312,-1507193.9011174706,-967451.1621547143,3027810.603541546,-74249.57491720631,470073.76374666445,88942.95739423599,5944485.581166349,-135815.62306984118
18,40,0.0,253589.89932117384,-305324.3118978772,2114479.4879795024,726801.5804376694,-4161488.3073367355,866120.0284515505,-592935.8377856888,-6807.999114181917,1.3149366692602923E7,-66148.5533790358
18,41,1.0,-260426.05281820058,351246.73348898895,-2818454.9817972034,962054.1908675366,5675779.362330752,2624350.7041157535,-242419.3644005268,-884744.5554873762,-7447671.22678386,1033719.0781953519
18,42,1.0,267446.09108058386,-373346.8734804668,3637951.592876716,-1198087.289573457,-7697411.9940643255,-2143160.030901977,739726.6433011467,1652020.3279016498,2323411.830563314,-1324009.239434017
18,43,0.0,-443513.33400836296,549041.0263545999,-4850305.869402652,-3016259.3662946154,1.0479349453828719E7,-874283.2640915402,1259667.3318980508,439868.6002221613,-1682786.1259786189,-431891.18475246103
18,44,1.0,455473.04171133216,-619355.6834587073,6256244.957711186,-2246147.4738341942,-1.4192873405151911E7,-5476848.901747276,621642.776895251,1077431.5477659008,-7182286.095062572,-1600125.1622351694
18,45,1.0,-467753.1650906152,654659.2562277192,-7891387.338712952,2648243.6214725287,1.9148111110485744E7,4720673.678166908,-1673391.4213231225,-2308614.4076403603,1.6333900450582704E7,1746641.6559975795
18,46,0.0,775685.770898782,-960814.5453513659,1.02445393314638E7,6153814.050618563,-2.59053923100227E7,1753316.8706418637,-2496701.1506346855,-632582.6128246171,4.432708983302334E7,547748.6321582128
18,47,1.0,-796599.3596654823,1083415.0412076688,-1.2971793229182502E7,4725088.232183542,3.492143294424767E7,1.1336018423797978E7,-1376096.0565708433,-1922575.473027283,-1.3422282393359542E7,2706820.8507030015
18,48,1.0,818075.8190329219,-1145027.1392534894,1.6140805975796482E7,-5480952.795513177,-4.694807052043235E7,-9611024.38667185,3503297.35777034,3883621.088400819,-1.7226867397146676E7,-2928233.7818305045
18,49,0.0,-1356634.6953460851,1680441.434343531,-2.0612700548294406E7,-1.210737653905109E7,6.324442031975406E7,-3473594.199197795,4817976.388636629,1070349.0562612915,-6.655384517044396E7,-914167.0360132743
19,0,0.0,2.9180184639048994,7.2018717481181564,5.135923190820002,1.4260309866073198,7.039644210092024,-3.754605550195934,-11.188965256987062,2.2243711232544126,-10.967151213561564,1.1542455876183528
19,1,1.0,-5.530281110943229,3.77854653316928,-16.054252112370886,2.8138237460925626,-4.960737682645571,12.546286358241321,1.7553448540794792,-12.268266416907602,-3.277513541902529,15.015920412119776
19,2,1.0,7.184728279724066,-9.287729433586199,27.92511792193832,-6.3508381215156,2.214316757509147,-19.865639300825173,1.0274352748497493,36.24068211475782,40.443868047236045,-33.31947864777272
19,3,0.0,-12.287669802977684,14.394400289236236,-52.900564462763356,-42.1106357400357,3.7734343665687247,-11.467502415370934,21.204163278740072,8.214735331011715,68.18320182791709,-13.206994985290345
19,4,0.0,17.226552701917793,-21.055122258838857,87.75053535928498,39.14227479215554,-14.031269873116411,39.53115791078523,-29.979960917071978,-3.093075975764852,134.25735342600947,-8.494388219127071
19,5,1.0,-18.99894287597861,24.76938718039035,-130.01304580439225,40.974432769233196,30.07243961615442,121.87989022198029,-10.905805718625095,-62.762585445250096,-142.6009430411183,71.66930263518023
19,6,1.0,19.553061451003725,-25.56225107925851,178.77757770825013,-58.39844225027613,-49.37418191234236,-107.71545247116586,34.67084912896784,121.19798958709939,200.07156442374713,-98.35713363462978
19,7,0.0,-32.15129822524653,37.726175431434974,-254.94645403664418,-168.25447886749322,83.34361471086629,-47.994726730354586,73.87116543698794,29.44843166468998,307.2104407100164,-32.7566290824926
19,8,0.0,52.83761199413934,-61.5453099401001,371.2157690134006,138.76244593204055,-137.8593843436546,168.73338708980657,-107.83465860753188,1.4679964383835693,636.4514640413048,-15.03958011565278
19,9,0.0,-89.34610663825026,107.66468005034385,-562.2098992829095,-281.9278464598179,228.96448923687666,-301.47596570050354,193.0585709450217,8.184258040009567,1035.6846098213155,-4.196642121276638
19,10,0.0,146.6903613035699,-176.70008341705764,865.7996542302358,419.0880888030322,-376.70173828052015,487.2965045444191,-310.201130661579,-16.035397875446378,2108.1234828662173,-7.911525402311125
19,11,0.0,-245.91529498781392,295.16949811760543,-1363.720874795262,-697.1412380574253,623.8662505114781,-770.7594191897231,505.5871102848818,20.92679710791116,3506.868045634078,3.8738180875109967
19,12,1.0,253.52111145520632,-341.3928766546234,1941.0563229017578,-636.3975553039043,-955.5547951985476,-1866.3972072596441,108.51730731787325,889.0222396335671,-2545.2056492223746,-1081.7270115978226
19,13,1.0,-261.54760269390664,364.77262234554905,-2618.6478843934187,829.5769536042112,1403.3336485198502,1548.5017107453475,-486.83653093524975,-1715.045238929586,1282.414401501958,1369.1181147898337
19,14,1.0,267.2709258698086,-377.0383001794887,3405.7082268472004,-1113.7821271014675,-2003.0352976877532,-2308.1478953555898,803.9990677731518,2453.160923076142,40.540636242840094,-2076.534000098848
19,15,0.0,-444.26638521637534,551.1961464103731,-4583.2799537143355,-2885.338552780587,2891.862153176535,-690.2554089647216,1158.6928389746247,627.2318098819829,-1806.8935520746554,-704.8595246671981
19,16,0.0,735.6463759242131,-887.2998953128213,6375.304173110605,2160.424892007051,-4221.998969328732,2832.993808078114,-1657.5629192382526,64.7040638663218,-1032.4163818985417,-301.3849104465857
19,17,0.0,-1220.4305156165574,1464.6363083481406,-9166.53464126179,-4268.536159277198,6234.668744463638,-4960.762807353889,2987.947522977906,146.49048493502124,-5360.259201221477,-78.93324332722318
19,18,0.0,2024.2715986855017,-2426.699331321097,13576.459267554337,6185.53489907054,-9316.733396432794,7718.259639696683,-4595.117396591604,-187.15953913700923,-4627.273846377085,-116.69627160569509
19,19,1.0,-2078.2897579096284,2799.5874993702614,-18693.12957663585,6265.30104685591,13452.01860693991,18061.713028286915,-1253.366628414192,-7145.750589692413,5734.269392739025,8628.516442962647
19,20,0.0,3445.258352312228,-4230.714217164881,26656.945581374057,18082.586988397226,-19641.68090457812,1784.0621262478187,-8972.967654568805,-2074.831157228496,22218.441995711815,3147.769625387732
19,21,0.0,-5714.095623696842,6880.6711733129605,-39229.67289820354,-15077.405028912264,29020.231295632635,-16264.781218596814,11951.670702242815,135.8141552566949,24739.73608424424,1523.0453796433856
19,22,0.0,9473.915808791193,-11359.208650075061,59320.689787516305,29679.192850050364,-43388.12449918141,31116.691145750556,-20980.21838414735,-1002.2215674964682,69426.33964914065,288.0753747069831
19,23,0.0,-15712.528366831411,18826.06274907257,-91774.25080263328,-44732.5386579718,65646.06043486907,-51006.23391130816,32944.627105518346,1471.1722032015775,90461.98959007917,753.0444796914459
19,24,1.0,16136.87792236453,-21732.585587498063,129421.65466583731,-42608.36890189113,-95521.44940046662,-124243.74519953589,7751.694628065151,56124.497604116375,-81014.2284841581,-67867.50840708514
19,25,1.0,-16571.030037848,23121.674284980083,-173312.58372091106,55293.503616729795,135553.95258685242,102359.55123463129,-32607.0421254463,-107996.76494222826,49705.64271776153,86361.99531205186
19,26,1.0,17016.932011529618,-24014.54183609826,224496.79318543893,-73740.5614427391,-189125.42102173355,-152064.347451963,53423.362145871884,154249.88042235756,-15724.145272823072,-130386.60763684967
19,27,1.0,-17475.178905273824,24753.222291730635,-284132.2432355629,95199.36555468122,260753.36504980153,184973.95888886743,-74030.25940243709,-194650.104131172,-2458.650750568644,150282.24115472866
19,28,1.0,17946.20636734341,-25449.78436397163,353531.1041002576,-120234.59137615551,-356447.0115279751,-231561.55932228453,96422.38246459136,228622.53324470113,-14382.909666289957,-178415.16119326488
19,29,0.0,-29761.234930091192,36978.0395078349,-451529.4887288674,-265523.57497945684,489862.6238522962,-65978.0616853916,96915.81302668706,57321.94564305237,-321464.8728110269,-59021.06138945339
19,30,1.0,30565.32109649094,-41605.052743163345,565072.1880335228,-207734.4691720137,-668070.4850316173,-490357.819916631,66231.7472465659,37104.7818375791,-159662.68503772706,-84508.9356435358
19,31,1.0,-31387.513739821552,43944.952326812214,-696923.285072811,238476.68119526378,905981.7393183054,414686.3671795827,-155270.08685901776,-106285.3512589807,633116.4074117668,73193.96438557265
19,32,0.0,52048.7163130176,-64476.77058487598,880323.541549766,509161.1689827912,-1233337.4018620749,146320.22722973247,-199069.21073086452,-31000.446577335406,1846414.6167321536,21063.112668465914
19,33,1.0,-53450.466521899565,72696.17585788773,-1092710.620294935,404310.61289600696,1670312.2146224282,954459.2973119388,-124250.71325076513,-129589.16841732881,-462171.9666352418,171890.6192232748
19,34,0.0,88637.28066825542,-109082.27740631398,1390808.7162634642,826767.55180773,-2270197.8730132994,87243.9763343868,-380328.33467357553,-40630.30303038265,413372.3150721641,63000.86380195741
19,35,0.0,-146989.4658357597,177054.91670418906,-1821589.8030174782,-512195.2586292751,3098731.3856474427,-757341.002795555,439754.2938422831,6598.263807862877,-938402.5389471393,32129.91385916074
19,36,0.0,243755.1702393612,-292322.9314169306,2462310.739856824,1039911.4307841152,-4251109.319023091,1331195.9013238559,-744443.1475200148,-25182.47124880506,615958.8697387029,4378.149280210017
19,37,1.0,-250328.88048115358,337238.6678460342,-3204533.590845033,1124149.0998208143,5790193.855056058,3099022.453097133,-260228.7118816245,-822108.6996445225,2611126.4043374453,1004385.7213976703
19,38,0.0,415124.51045785233,-509805.01208284684,4309382.073891493,2736952.9318662803,-7923409.876503394,202206.68143840923,-1326490.8720918181,-240609.48001188977,9218141.935628287,366779.31431075063
19,39,0.0,-688409.878636868,828850.2361311611,-5991154.059312584,-2011911.8929274702,1.0902452282644197E7,-2450132.5665225214,1652617.0171476891,18703.017966070332,1.0903171998178288E7,178766.71493321256
19,40,0.0,1141602.8537923372,-1368945.4272642217,8604965.140337337,4005746.4828451043,-1.5098305082940187E7,4557592.128693206,-2849153.698809833,-120328.90269269608,2.8245294652950626E7,32679.1766304849
19,41,0.0,-1893147.5116720821,2268290.487191658,-1.2737151266058117E7,-5790902.203547988,2.1064356930157457E7,-7193820.64302256,4324234.179616163,178004.26257703497,4.008659033877543E7,90104.94751907518
19,42,0.0,3139446.2917636093,-3760930.597764904,1.9356252408678934E7,9362202.821556345,-2.9635887780050687E7,1.1060993695859326E7,-6865139.688214541,-299992.3832231792,8.965427562561603E7,-84208.51999839366
19,43,0.0,-5206212.720445871,6236623.0547089875,-3.006384606585723E7,-1.491151657014336E7,4.208824123767559E7,-1.712575213641494E7,1.0924431622081237E7,495985.0431651166,1.407955305379758E8,169398.75590213304
19,44,0.0,8633574.412975978,-1.0342253581517182E7,4.751046779403883E7,2.417379547001903E7,-6.03899761182229E7,2.689385671037912E7,-1.7618633540383097E7,-822483.9726988112,2.909263133192225E8,-267048.9681179572
19,45,0.0,-1.4317246159750706E7,1.715076366300535E7,-7.60853397048124E7,-3.937954219362527E7,8.761053059804618E7,-4.281314535836586E7,2.8621848813461393E7,1363500.1073755526,4.837248428366512E8,449121.66397557844
19,46,0.0,2.374259838676199E7,-2.8441476050430894E7,1.2305999275006546E8,6.451935573586857E7,-1.2858003457503688E8,6.891642732448605E7,-4.678484408474232E7,-2260727.539028498,9.561823795281107E8,-741706.6142439442
19,47,0.0,-3.9372869057523645E7,4.716511974723506E7,-2.0048469896813E8,-1.0607531648870826E8,1.9096193131756476E8,-1.1187542361624579E8,7.679688663767745E7,3748517.697120214,1.6431438048631732E9,1231215.7616162603
19,48,1.0,4.043439805668391E7,-5.445490192786802E7,2.903269709014454E8,-9.376109047020337E7,-2.746285738244285E8,-2.778654836191617E8,1.514014063373014E7,1.4198771736745104E8,-1.3466104427688546E9,-1.721455554988602E8
19,49,1.0,-4.152455021449326E7,5.794003015142511E7,-3.9513319196019536E8,1.2432650915210374E8,3.8667628410580057E8,2.351634854099096E8,-7.229118426527247E7,-2.750746499417078E8,1.0570494799976841E9,2.2044305852400532E8
