12.231010761202224,-2.6946184753767497,4.359949697522226,-5.42720435309553,6.390356529196601,-2.728247010712415,23.073271448384915,-6.180028082568294,10.6508957765578,-2.952887892906046
17.165765011484478,-1.385151594571121,1.0874739975423604,-1.0036421309515278,-0.011842559842046185,-1.554592184234955,5.110727314201446,-2.5533326253277666,4.002877840238124,-1.3262747583117453
16.102275390555924,-0.9682743461487884,3.2900828187242004,-5.053405114566158,5.477610010747411,-2.0624009824907317,20.411089980979757,-4.814052693677658,9.025034510160685,-0.7832174297995158
15.821394908292502,-0.9495188192577235,1.2102928825388186,-2.6799465754352885,2.009013509083549,-1.8254235480910437,9.237625446773132,-2.7808356153175273,5.832816585043608,0.41368307417557504
10.673432467487164,-1.961407718683965,2.8079490318904554,-1.531715474551186,1.109918923017283,-2.4756766076963554,8.633829544102806,-2.340862133687428,2.837706285063425,-0.9070527702495552
18.415200063199983,-1.6087831531474186,1.1274283236908784,-4.0170053102168914,3.138011531862632,-1.3439613938804436,13.238325569720613,-2.631053930923452,5.224475696853527,-2.9835071960260406
15.215454805094547,-0.25765482337482926,0.02015165282988529,-3.416504052020419,4.411706713258997,-2.8625705379492734,17.467653854547223,-3.5425966431046456,5.934445395448053,-1.7443707922509242
16.9463334142667,-0.7830742006438034,1.490225896533712,-2.498128008542289,5.219774058605018,-1.0088425325740795,17.680494954955908,-3.6961571004250326,5.569505617591283,-2.0877617292128683
14.550437813110252,-1.569149704534429,1.5501559659967548,-3.2878092966899093,2.9723417699790637,-1.9649213731778887,11.998628408043789,-2.7063956756185905,4.078333560362141,-1.4164991698684055
12.653468206431105,-1.977571780236886,2.249938308844218,-4.196749669397857,5.284574791079691,-1.4567589442863946,18.731132654762906,-3.360022109746966,8.37848628690711,-2.7039560284177435
14.842343675351167,-0.3792176723339422,0.9726994318000697,-4.685219856943444,4.438609596311254,-1.5293828651048818,16.59755385484483,-2.4908785543517205,4.266967189663491,-2.4701303377608936
16.773783244605298,-1.2243645530276184,1.8697876668308888,-2.2695969261977034,2.6583701299242644,-1.97839262182809,12.058792008768291,-2.3207828130416575,3.215804574716459,-1.8374873264133196
16.4604399048529,-1.5764324167625194,0.6357205158862627,-2.088781938565411,2.29941003176347,-2.3434305320365847,10.886040295116132,-3.1525657558510187,5.170333200105643,-1.2897695630873958
15.510341049290853,-2.4784968429542817,5.057391852813365,-7.2642591605208215,8.264450068653414,-3.357183847977494,29.58173379759195,-5.420184068806934,8.452095655482069,-5.3954747368897955
15.583660672855713,-1.789869608116602,-0.10553119931498012,-1.8222650181518953,0.5526511099557461,-0.2661957745538057,4.634686096854647,-1.8454712633070778,3.492577287346001,0.25421469975169675
18.58341138465185,-2.479965081274712,3.158680636960557,-5.8493737338292275,6.6478850785768016,-2.6274230652849226,24.966530296380967,-3.375674097728973,7.471161889260462,-2.397586561786224
14.075822155232071,-1.5376680987208484,1.292507985758099,-2.265037910454657,3.274844758510788,-3.333472301795007,15.018937410836514,-2.637829311338696,4.7717067554633115,-0.36567220236958864
15.129229503564547,-1.661854989116726,1.2836524568824417,-2.7308954108415073,2.5212593450953933,-1.981520430024025,12.108652814549107,-3.1861207764062045,5.7881938679121046,-2.6267425114294847
14.525264914587126,-0.7245436215892473,1.4944625016901465,-3.1334334278339027,3.5403907738403557,-1.8475856876144174,12.576216961647162,-2.8166920468423644,3.9731237749724104,-1.1151746069188668
16.224612544893738,-1.1813343364952207,1.9197459249240874,-2.8915071321121615,3.452028605533268,-0.24497200160847332,12.659675496704205,-3.0289405617708716,3.492550452324151,-0.48622453608290517
13.650878257075131,-0.766308767342485,1.2375863326696515,-2.689094184730525,3.1917988902441032,-1.26504799162779,12.133937288530195,-4.127480182570057,7.787368265416293,-2.7962994409060418
16.23672347052799,-2.863210745540609,5.134789605127839,-7.361357348730698,9.190420605202103,-3.251887476699937,31.914809410467022,-7.1369617113239405,12.272150887352621,-5.087352882203222
17.050593303341188,-1.6200738324138029,2.0604628471664204,-1.0084684569208706,2.2700510047075504,-1.9776739964972079,11.676546587739272,-1.5377615073156223,1.3073197745512601,-1.5786656011234368
13.885795535105917,-1.1919022992119594,0.6554133266138235,-3.2866763270166355,3.51875661538191,-1.0959732539713731,11.043950427282807,-2.284815881510109,4.463246382959872,-1.8927124429302762
15.85389955965608,-1.016221235445462,2.316006972769479,-5.246506283233225,7.303191675046459,-0.0036420827751690865,21.69649776378508,-4.665279355392477,8.707041304168296,-4.411009257953866
15.469967026421228,-3.234464126353623,4.27455932898624,-7.565662852255383,8.517323391341606,-4.0817504123464365,31.663529888499962,-6.7023797438386605,11.35190741934525,-4.982398779751141
14.272382294580206,-3.431486637272705,4.056445167430401,-6.065317755126473,5.839285731193092,-2.5389627606108904,21.901546041885275,-6.094361342095289,10.02789959324245,-3.6272991587125385
15.886191757308971,-1.4460726480884423,1.1194454413278292,-4.245290887628196,4.985010588866408,-3.3407714639825707,19.625506769271155,-2.494784280237967,4.414150964641439,-1.4774542347590913
16.035084815519927,-1.5914026368717622,0.9540834172015846,-1.7076763988161836,2.0071535800447555,-2.3362813276749206,10.31019439399634,-3.108150106124624,5.3726505094914705,0.045395352964328284
15.560625017226567,-1.5803137940731435,3.2851570237342584,-2.4274623522106915,4.173563570423145,-1.8704452646926981,15.815642324318455,-2.0633007786833613,1.982721994256957,-3.882980013609095
18.287463192582635,-2.4413077680493704,2.9485484037079184,-4.989168933570521,4.9539992044003895,-2.7122813975146096,18.04947515864628,-4.276422831146435,7.656560453114208,-2.060757255341151
15.20252645954997,-1.3655711372221395,1.5631268289392646,-3.141251827631263,3.8994764344933697,-1.4979296965203575,15.446186355574746,-2.754830448106562,4.322365736533643,-3.268699375035926
15.073299588987938,-2.0309810306794556,1.7650732155015252,-3.6247615381475633,3.387269622918983,-1.089715520752218,13.30412815126391,-3.1414122135262508,5.065393790543029,-1.371497762964887
16.926087899707184,-2.20140621124589,1.845248062292593,-3.313232244362756,5.201074334461317,-1.7987463503502923,19.12048228159215,-5.106231823186334,6.77896653777328,-3.764771589051581
14.925522206654733,-0.8996815664242531,-0.4297603203337337,-1.4085294250476958,1.4992947151662237,-1.941409214835417,7.992861857352081,-2.5685298235174754,2.8211192112320966,0.36445819378487676
15.343796360844843,-1.3747268131282364,2.8659855918214667,-1.9776428001221409,2.187491758454541,-2.455727924220971,10.212426208439885,-4.528753687867177,7.684218676815935,-0.3377678110699801
17.158717259739106,-0.4466545081142823,0.27627547072521397,-1.9017551046560333,2.059857646222778,0.14353205067108288,8.300896622004151,-4.336300314206221,6.984561955053167,-0.27617167524824887
15.403683148877096,-1.6402471653562638,0.13140698172790488,-3.3195815471217216,3.48358182486243,-1.490776484508649,14.534365203823137,-3.721060736363158,6.280188816265714,-3.122074205885523
12.972139125512678,-2.373898917621187,4.919465924008637,-5.951030584818988,5.598696197780198,-2.968764735973683,22.44926962078421,-4.196668668607323,5.797098963524897,-4.107292614986447
14.848539327243579,-2.1922782608579565,2.182563662872991,-4.578949645857738,5.463885481058899,-0.8920396915737869,18.41622678436399,-4.539681195794027,6.4573609002294035,-2.962782749550219
15.158371766856025,-1.984611231059262,2.1405542201422874,-3.488737740876541,2.7196652642107915,-2.0413846664186988,11.420034950448434,-2.7391310390380785,6.31527883935741,-1.2188583306524348
15.603830141868729,-1.7373542323340907,3.08522487686644,-3.6514007459863196,5.123885190224981,-1.9881240452477618,17.91999820654751,-4.8963400398871055,8.57638953058856,-1.8892411810543668
10.996389758438813,-0.2490794337359431,-0.722809394764456,-1.782192716130293,3.845017370934378,-0.9022643667912471,13.891105980440244,-2.0710701254779718,1.5316773099964085,-2.257546138128411
15.611423005981814,-1.7166199119527417,3.2004819236247597,-4.698308838778731,4.540927658324676,-2.1047855556876436,17.995192950081123,-4.373739659124773,8.582650526233449,-2.491163584157302
18.439690127989657,-2.012864877312215,0.8645368993904259,-2.8574306478857285,2.37739167369255,-1.4003755168167742,10.287154624108059,-2.81487473392388,3.275173588588146,-0.6150888666313155
14.35436640350002,-2.457555184945795,4.137664185261142,-6.18577810550266,5.97605311194293,-4.263317986741743,25.895538497364708,-4.889999299833865,9.375147764690155,-4.693196126235573
16.174194689923773,0.32547840416538,-0.42712100243136797,-1.3437271108854005,1.5877441447220508,-1.1692251503726196,6.058797494532724,-0.598453796079252,3.007313644805453,-1.570008148682608
15.880206852313941,-0.5013372915082606,-0.2616890734509183,-0.004351084317237408,0.12396915188007812,-1.404545130669583,5.076670160486273,-0.14068492883569217,-0.437901327075506,-0.3363154164156573
15.659998224216347,-2.296848081840309,4.180723329774099,-5.621334971813275,6.717326680844877,-3.376007098243697,25.69514746544405,-5.573111890904011,9.445965718415012,-4.029499314427404
15.482566354020056,-1.7235927696201108,2.162532298840463,-3.920326845016038,4.945720244784111,-2.7626911996607637,17.759149904694542,-3.5601816369565893,5.993474254055606,-3.0552198334324316
11.352165948999996,-1.0093263898104834,1.3902594470900653,-5.774545198435915,6.062222530478968,-0.6083140186105358,18.629398272494587,-6.150424214044381,10.938900484037841,-2.5432622047310196
15.068653135919824,-0.6274597090713132,1.3325736216162005,-3.4914913974173967,2.4108327661471622,-1.9902363560703065,11.7911447164975,-2.034985985006496,2.3172142718691884,-2.1577453917358347
18.347818509503597,-1.5482988253827046,2.4675352732330595,-4.40398504011962,4.2822726186922,-2.1060368125272766,14.166056458673982,-3.3843234636813704,7.605958983882824,-4.663530692313752
12.855391594505189,-2.2548539773760385,2.964043010425137,-4.20206820536239,4.361266031844033,-3.3438387576052087,17.746824945516707,-3.7012174708113874,4.691045931809842,-1.9860047036109574
17.50141720273761,-0.49192076919013084,1.592037071705104,-2.5485137520124512,2.7063374769519877,-1.312558124037127,11.974844621383845,-2.3963273406627916,2.273104282897042,0.9332039746228264
13.14251930627168,-1.2228524046723275,2.266993734858705,-3.175771572623049,2.7080645560026197,-1.7954749685367464,12.050036435666993,-3.293720857942393,5.85255813297379,-3.077225315825328
14.964949176218157,-1.7188659756732352,2.6147580161569017,-3.137125925555435,2.499349884854797,-1.3937695610322458,9.459444469690606,-4.753443038790441,7.783376858560426,-0.36331748468809333
16.919803799520235,-0.6315270870359617,1.4322976929250257,-2.289165109635694,3.20972377418282,-1.9337776937769735,13.048257942580262,-3.757771155668217,5.25981053651651,-2.001195354799579
19.484061134655025,-2.14452563017527,3.027928349470927,-4.347045420727903,3.9164905588327996,-2.257879223589195,13.331087167679282,-3.0388611888462957,6.278548392179487,-2.712809144227175
15.146234255381685,-0.6867150068445109,2.2574222184668775,-3.836646229011742,3.903945111760624,-1.270332758211346,15.431212024346426,-3.9155611095881167,8.249690364877845,-0.46222400946883724
16.44453158279115,-1.7234444808040776,2.5871885998836213,-3.6604962886234143,3.8925168775438936,-1.8964547852612303,17.21740337534466,-3.13443079975023,5.253760729360636,-2.0109323036740854
16.587026743565783,-1.2490074465221044,0.4996718845593453,-3.257470665361712,2.547393183433157,0.03991235796285375,8.210543873088119,-3.4349980314327464,6.218883329464094,-2.7956205943850976
16.432185547343263,-2.0375958223996085,2.124403313880653,-4.377255397336414,5.266764269550597,-2.2800793488474085,18.860930330364962,-5.303536414734737,9.743470457015407,-1.9929392092967178
14.617263293969552,-1.934607275720177,1.6299668424136875,-2.099088334275788,3.044108181931475,-1.1427606938691885,11.499996744111366,-4.4959786058802305,7.033959436540771,-1.9294943733806562
16.274153688822583,-0.9704198242801992,0.49819993588434586,-2.675691120806126,3.5150564045800863,-0.5777713505105253,13.898047789896925,-1.7391691686663007,1.98473443611373,-3.4968451412366353
13.073477170614584,0.0695252787841576,-1.2859936983225448,0.5465970499729681,0.0939984241273116,-1.8668139479481975,3.533651986795191,0.3641808814092029,-0.8254321416091326,-0.173554118987909
17.20007334640142,-1.3465434315483948,2.7488412485741405,-3.8444880683435914,3.998958960428435,-1.0930531582532903,13.788291881237514,-3.3844445442151616,7.178242002791096,-2.5514202350874333
15.114317858461465,-0.8663301818747526,0.5577389134119394,-2.4313958691010966,3.3957553895242367,-2.177765185756411,15.216331855213792,-2.9932571702733823,5.3858743997515175,-1.7757802430405714
14.290221425651684,-0.41917981194521503,1.4644663856771851,-3.0932164304208696,3.5222087153963533,-2.808217204660495,14.71388855506116,-1.4313223732568265,3.789269482482009,-1.5472402307413984
17.10501859343788,-0.9688029963734877,0.203510249767052,-2.472173560104487,2.7141580960681564,-1.0482126069962048,12.00722857347964,-2.7473576340628445,4.700276537881296,-1.2918860369306377
16.268349424645226,-1.0123814770444743,2.236186941640212,-4.479860454471961,4.594852118209785,-3.069704597451002,18.16796870296979,-3.1462793799352817,6.12490782988127,-1.8327499462953778
15.570998111625038,-1.8349814621812552,1.7116563079461278,-2.352608341430231,4.168239770696044,-0.16543126490309512,13.074223937128565,-3.290697534598707,4.725727598985036,-1.2508372359014017
16.04355961475912,-0.5718852495249327,0.6654942033662182,-1.024848147520632,2.501239921087554,-0.4308217515375494,8.876763542362845,-1.9501071374220094,2.618688580497821,-0.4155277679078453
17.352949938023965,-1.4346411163664297,1.060299712396539,-3.6776040160025327,4.059922458660413,-1.2789177273260428,14.517711445728388,-2.8545169634608385,4.180461683932897,-3.799060913802747
16.366160050522268,-0.2082960562817895,0.47745894134050193,-2.2386599083451295,2.075444567856657,-1.4098584268726935,7.464187907793073,-2.003681435745313,3.5808696744275075,-0.9291556889856598
16.221219839573802,-2.0262320989268545,1.2544440825764933,-3.6220371052379456,3.9116328664500006,-2.2967355351753187,15.434468545608887,-3.7621059263335854,8.043398961488567,-4.501653909167168
13.956217914363432,-1.3525976574483487,2.826964070091794,-4.481515894026122,6.319493669566472,-3.087615592901858,22.48423905041351,-3.82271308250259,8.065681284589122,-3.251330301294756
17.4677082097554,-1.2821600447964163,1.7589847916359067,-4.956514053323955,5.298264889522477,-1.2501120288146725,16.182681750127806,-2.8151016192832485,6.14345725038534,-2.848421203691884
13.493974629547647,-0.12846425279341678,1.3868846655983416,-3.0753871596651634,3.8006536401781283,-0.8363365578055388,13.822238903935663,-3.2682806054151934,7.1038351496189085,-1.3766267403708212
13.238141069853345,-1.2434914548011418,0.9249926217860347,-2.9891219696898865,4.303850728988035,-0.7328337969092209,16.90703520997696,-3.723480166043599,5.325474565966872,-1.8208731900883546
15.661850799977156,-0.6470179733043644,0.9510690194999161,-4.256301236102453,3.929900525738841,-0.5361429472620409,13.79441669024375,-3.683196430477596,6.968702414428903,-3.2169496969672062
14.556685294032905,-1.0456184316642279,1.626199903536008,-2.9775596009475045,3.5992721592990717,-2.114800059712178,15.788341019609037,-2.440032797005707,5.686991557156716,-0.015224799950159795
16.335963439497828,-1.0650604727688884,2.9630052172488437,-5.435244004857046,4.798912714099254,-2.126604346943565,17.621563421300554,-2.5182758211431606,5.879636024582941,-1.6226420057441355
12.706948401093507,-0.7613492304216609,2.872412738137208,-4.388816824868947,5.493219337536394,-1.5812301718210788,20.59477409858706,-2.7308926696984375,5.1942158211029055,-2.63645415722171
16.311862102039708,-1.2421015096676054,2.701232894093161,-3.5279058105145014,3.5487415760809715,-2.726769235711546,15.098672369170842,-4.083937543132524,5.427797697071513,-1.593168674389415
13.289790318920256,-1.0595069743258374,0.8004756084201173,-1.2152197503784359,1.5824149740906046,-0.8964978169761911,8.212906285636821,-1.0407401221414383,2.30827193294081,-1.0124669652609288
14.577739130621634,-1.0162742589095974,2.533326575535222,-5.716835060905269,5.871790234003342,-3.1529974395804485,22.274662814040337,-5.596083762097342,8.054990704619382,-2.354535814300849
17.823786221679196,-1.306300609699638,2.0028879755549784,-5.390715028275594,6.268861541916561,-2.3226472859277187,24.45875119362844,-4.5281226742630265,8.334038351008601,-3.250681681206219
16.49397821691815,-0.12773603562284208,-0.46600340343896074,-0.4418636833220848,1.0070699921709811,-2.381839569403385,7.7139207577965685,-0.16902414228742013,-1.4616162665831502,-0.6782663445336548
13.619806495067193,0.1923744609313096,-0.8409495577895243,-0.27807990471580823,0.8639057897861321,0.04148802996392553,4.3210863509486614,-1.1049811803947096,1.0283318298074282,-1.7231680276363663
15.362460527099621,-1.8590684754423932,2.79467173101651,-5.28728599266881,6.504531954500135,-2.1874788856695604,23.504282270731917,-6.643917482783683,9.59889289827329,-2.204704482689788
18.778282533484877,-1.8316504615636802,4.5041363174070455,-5.164139762506261,5.234835517649317,-1.7221470971917512,18.16368038713896,-3.496774635469149,6.752209317584001,-0.36571154592718447
17.830986683965595,-2.726545001359204,4.678592147412125,-7.304990060324993,5.776768092484112,-4.104245532454196,23.259965632431253,-3.8416796803643063,8.915048212900881,-4.092527843297426
15.10945593705199,-1.3691348431779933,1.8054096394582622,-1.546372118062881,3.455772524748828,-1.9627541409865334,13.195606974302667,-2.152650864003032,4.448671074176948,-2.1134389516119056
16.83575622231428,-2.0492809060396686,3.1605821865939063,-5.334899143555213,3.768622885133641,-3.963450911099666,16.98833045451935,-3.9319475672578585,6.763796202451278,-3.007046208837637
13.090090950298709,-1.3571265871625,4.416296795255887,-6.077078532364653,5.923435490523777,-2.7229889717674363,21.66391253082042,-5.5347542842738555,8.481292382786474,-1.6561169607935424
15.823553849823048,-1.9445158960053832,2.9608369052248333,-2.869054735059758,3.5749190225990417,-1.7370947729962753,12.626200862630942,-3.6074445578197727,5.263344871635351,-2.0251228492145477
15.176403089885705,0.7887296167609033,0.19784847032654418,-2.8894054717338626,4.048228446632214,-0.38830967937123606,15.761599792687957,-2.5644349238235025,5.079967108853627,-1.5181039372069642
13.547576837477644,-1.0581340919086333,1.681325559839878,-3.8006632285290136,3.1454987401517562,-0.7181529689172286,11.480407703375139,-3.3135935321447323,6.602302264879071,-2.549773218958781
14.952526380097305,-1.1095034823064256,1.8282345804378353,-1.6075461115604988,2.141406105572004,-0.5081292888987736,8.515437858466921,-3.38553683830188,4.184639433073894,-1.0851787020093924
17.90647254546752,-0.8061021196250544,1.323619621180381,-3.038543122015815,3.36798096376549,0.19942083580062575,10.58664667479773,-3.3342558888743694,5.359205846430351,-2.333009291370586
16.588052816568005,-2.7938954823956452,3.515101567686764,-6.000731893602352,6.026015018253342,-4.353279764749805,23.77697122080515,-4.5656727503263985,10.316177470172104,-5.041269208157312
16.89680756419751,-1.07365306690508,1.765685880318696,-4.012691826446139,5.1824389176101695,-2.599038848200132,19.276988551852188,-4.68742834032147,8.989660184525674,-3.6722079066242777
14.149322132101613,-2.247680302855769,1.3982500356207024,-2.0280919829864015,2.7870101303853176,-2.6141429568382764,12.755004950808186,-3.5331844006042252,6.730459861892319,-0.7739525378656593
16.79358668867768,-2.0307107176649444,1.341178071938803,-2.3807705257104415,1.4794424788040847,-2.194998368504839,8.092197855016533,-2.8594002540290067,5.444604111134577,0.1459730827580521
14.399220197381384,-1.5426212257279974,1.2847520282513196,-4.270481978376011,2.731380789817046,-2.2660271987241694,11.59219829708309,-3.8779919671504803,7.073924119272814,-1.7980612142666734
16.258747172530562,-1.3208985398569617,1.98685205100248,-1.9942725544813442,1.3252886835791915,-1.7951635727078985,8.780393554720746,-0.7582379860647706,2.2321139252695716,-0.025871062224342323
15.081081947453399,-2.3863122120724327,1.8783755040393713,-4.836915282636289,3.2465634743425893,-3.2530102639826404,15.91686219615109,-2.1037607317763776,4.720643009784477,-3.0371401699690486
16.414528973449592,-1.8757723231534464,2.9307133818985633,-4.058353979495542,3.9688865001483244,-1.1760885527639025,13.37902981991402,-4.92843345852147,7.7534995865729925,-3.41838469911389
15.834368125038896,-1.5044644055957406,1.854839308802672,-5.364292714645218,5.25027893889121,-2.223795436179612,20.08909921098679,-3.904188311575323,7.026228282682672,-2.647689064155548
18.789753368220953,-1.8222016042348668,2.4526869914800695,-6.536069815297532,6.608814864999219,-2.732254653849057,22.849265139154287,-4.965971592956745,11.108041081273218,-4.405323179876746
16.604871188665307,-1.5339064981524713,2.11881026416048,-2.4209221469538402,2.963625380693479,-0.8680210322769958,10.780247355148298,-3.6432561638472563,4.364425247581457,-1.6044877112834788
14.876975341567297,-0.21539477230549875,0.9639807000001865,-1.1689346828439424,1.14945689406565,0.7838550064471548,4.291098321335866,-4.113687634265112,6.683338775663909,-1.385535468042296
12.673671593096367,-1.1101150465023226,2.227181618609593,-4.721853359634943,4.320571573801513,-1.5586567749524853,14.812627864969862,-3.050610984022773,6.522464100704727,-3.0222746897150237
14.631595670519667,-2.2932400675141063,2.937522845292767,-6.368537349981406,6.6990857863146,-3.571568913717627,25.38847579058007,-4.8675837231411965,10.188024519119471,-2.6340764633323244
15.946118927390913,-0.6211208691694386,2.344475784335805,-5.557731743058993,5.118562545117042,-1.9100956873572241,18.20774002017733,-2.824179654466797,6.21645423316395,-1.5130392055539754
15.182306434804934,-1.7234296644096236,2.2876939474071496,-3.4712798103311253,3.8500713097345183,-1.5532642746674798,14.246467122767166,-3.924100606496062,7.113363957118072,-1.665545081768834
16.258738852127582,-0.4418526659882387,0.22952313363147775,-0.7781838307131359,1.57598678816256,-1.287292250945554,7.063112691615485,-0.7811421088083066,1.5337065073531357,-0.9379869573646795
17.093058453910967,-1.8517765033127764,2.587507866793192,-4.866824598027226,6.6055919874257985,-2.6092538161943817,24.131294993049913,-4.263629492103497,7.502751532401221,-3.655181902410784
15.834900017420352,-2.30771223318632,4.398855873432565,-5.521484768172371,5.980442027877177,-3.7530321946480227,23.189144303626122,-3.570616457925114,7.684399417796424,-2.4242643828668835
14.046902323415916,-2.1301009043462185,3.3624826951920497,-5.48135277690624,4.825880523687323,-3.13747469834773,19.10240072709681,-3.8021524776816213,8.726967719487035,-3.259361635773571
17.908894739130844,-1.8399810090258741,1.3182195606651645,-2.821090865881619,3.4468580340660395,-1.765031909484526,13.849158956447992,-3.349197695959075,4.686881817631257,-3.1509875410657586
14.748200516041173,-1.117129805114491,-0.0814676808533894,1.511993675998727,0.13543135200337209,-0.44512823309652205,3.483955722092047,-1.5001648899106161,0.32952816046482925,-1.9907223780154264
14.467232859991192,-1.6135830438787009,3.1267737364440924,-5.691182050621936,5.871389953745206,-2.1361113911699725,20.675698468449944,-2.057071535470633,6.549265392630774,-1.7702767359079623
14.868798735255917,-0.8359805130906514,1.0771663261718172,-1.9999350395465774,3.2406813858099395,-1.1475873502818021,12.887311753741127,-2.6384427225061464,3.0918717036068855,-1.7751468641928505
15.09106262963291,-2.143472559584023,3.609348511193957,-4.386453587300947,5.982331089441123,-3.908461418775926,22.507637743121965,-5.764372974652365,12.040463297424527,-2.904897437603805
14.334499943610764,-1.6372350826928581,2.7039726792360907,-7.204273343950066,5.7028502011368545,-2.8856408019448496,21.039867496135617,-5.141975486291433,8.189582303112173,-4.964095160795568
14.566177111852413,-2.7123754646230047,3.3637519211398073,-5.89556660205904,6.347920419908327,-2.4077019378723867,23.09865814438588,-3.658254799122031,5.85361938300203,-4.053184983044256
15.252731026840793,-1.3724831381933276,3.0052182567418804,-4.483573502932446,4.248854020863976,-1.645122324458875,15.48831921511261,-3.377183608885377,7.338274393059397,-2.944375384168039
15.793180674128326,-1.7027701733598943,2.560074439577914,-4.459486106110752,6.056281510110798,-1.1679289418544812,21.00529424947544,-4.255494041118762,6.946563540921975,-2.014678624133592
16.501434883747848,-1.3614723020339476,1.9698455317366026,-3.946132375361541,4.357760599056707,-2.5893131477072275,17.190568695264865,-3.022995679267867,6.75164856200878,-2.9468681510470196
14.779436019987063,-0.00976811462198901,-0.8057939364900683,-0.6241258881933662,0.9098238972024071,-2.0872157803935947,5.21474419205521,-0.3865025804920563,0.18775180738277475,0.02212749692004279
14.65752054265778,-1.522018153899031,1.4755935111061216,-1.8520764840003339,3.1102728910812125,-1.0678568580731809,11.43002228738381,-3.914401416334089,4.797278919698564,-0.4721282164721219
15.811864048650035,-1.1633955990421618,1.427851881365785,-1.7413449689507667,1.3875625197740444,-3.4203433385548987,11.475864638228014,-2.70584383661363,3.5149050862979245,-1.5825259123677093
15.333868048508165,-1.9599885809336803,1.194666967709132,-2.4345361626890343,1.8597698426434794,-3.190279346196322,9.812549004338845,-3.362390980423816,5.378410529401409,-2.3275488456759543
15.965387550449984,-0.8870099684374636,1.4429192935074509,-3.401979288823313,3.635871695288072,-2.367301587912384,13.064207981050332,-2.875708000185697,5.315686840557417,-0.6275494138932738
17.57660239048208,-2.5793687266784944,2.0666706327425426,-5.139945256982753,6.8532608919571905,-2.227060240238416,22.968966009307188,-6.2176595817476485,11.27646453283796,-4.776708237155638
14.444031316963809,-1.8422857671635853,1.25365588217206,-4.0456046531712015,2.9260731790823358,-3.605343436270631,13.67499885507302,-3.8691671999760704,5.012982078176769,-2.9264529751263417
17.089334422786003,-0.4859590231041173,-0.47519374745162546,-1.1843812935317224,2.3589399040814465,-2.4067939594279273,10.96524174412033,-3.5445706962985715,4.068858195617292,-0.8214202841266462
15.8796055529842,-0.6609833570306287,1.820360805068694,-3.0980492590308346,3.740255671617449,-2.110676509613591,12.730047783003947,-1.360470746435951,3.6155553277315464,-0.821710401319619
14.306277199267734,-0.6964245673290514,-0.31057903382156393,-1.832233474743097,3.333776968062203,-1.1783581199311766,14.856187618944539,-4.213075518499729,6.771259767349999,-2.0090315718275695
16.79653645680882,-0.8839495175122813,0.6984007914115488,-2.274868580072976,2.4585012096108465,-1.6458746054588018,9.83573504848237,-4.468093390927027,7.406821460153957,-1.4491788442458697
14.841122269374765,-0.35742657212354967,0.827656870609135,-2.3628026636578707,3.5529981338923893,-1.7800694390482046,13.939377904282594,-0.9602214425559483,2.013462127588606,-2.4553567166779526
19.228561883692528,-0.03506085657071312,0.26081835810954196,-1.5557504694418074,1.2625824785566055,-0.5136265756827787,5.3586836313927995,-1.128635054047754,3.5181654842245065,0.25566029182613337
14.498310493127185,-0.5679223929672258,0.27546635495871297,-0.3608339634754809,0.8774486274559379,-1.29040538543094,5.541068770954685,-2.529312608991758,2.2235938179192414,-0.4053552023447542
17.620633513748338,-2.9035195957584534,2.5426748499940786,-3.8311304489990015,6.245958863755641,-2.5880653581546644,20.830336311461718,-5.721873190109078,8.07338622761775,-3.1386168984489844
15.590032839045618,-2.975906944900238,3.6341995484505443,-4.839749325276751,4.383958064078726,-3.173636843544214,19.796125665781947,-4.485790632737054,8.883960388981212,-2.5105270685424133
15.000944917991713,-1.5682290047934253,1.9613237449747298,-4.256568471788158,4.80828849091872,-1.2864924831107398,16.042118389181315,-4.683774928050431,6.898114346623433,-2.720516150737462
15.707208396522683,-2.888387532682452,4.2949113249651845,-5.422557085950826,6.290136575004402,-2.5463297418131257,23.339952896239097,-6.290371041311666,12.103489113152936,-2.989291778928655
16.901971586552733,-2.5562324645906402,1.4032734288350313,-4.051377624221573,4.8633674722850815,-3.6807099805658643,20.159885606412804,-4.422230084858928,7.02834536447239,-3.7001776451049277
14.951658958893729,-1.6911670934911645,3.2011444449273743,-5.732188853170321,5.5238861507427695,-4.227413307055398,20.11620133642227,-3.785262918897294,6.324122476524275,-1.6491901158455788
14.368543423117595,-2.15629536740724,3.0623211121322766,-3.0359759759922973,3.504975606543562,-2.1621935051841676,13.092458564301808,-2.6728589185092284,5.841244285543973,-2.240010155614541
14.221029809717972,-1.9116992164108972,1.875482908858761,-3.2646858070524654,3.3900160158954393,-2.3116086714827944,15.318082829954367,-3.6278055061874226,5.931372487866422,-2.170261657925049
19.495964000228483,-2.0598677721709633,1.9690368703908843,-1.4669012213188988,0.8564401915604734,-2.4642192515716848,6.763553659494752,-3.3807445155470672,4.961704256249943,-1.6145244126461038
13.264688393583455,-1.8871747397943233,1.972758766548818,-5.854111304081194,5.183490570810018,-3.1712614800045418,20.509408118755967,-3.0427855019712338,6.316699416193245,-1.7897001200759166
17.066358252923692,-2.7474375308015313,3.2563591712972633,-6.59206995996635,7.575578601407329,-2.936597754495836,27.429888704899007,-4.574962364803209,12.086224407192057,-4.6458324487056135
14.587889804029437,-1.440143861904996,2.043294295503279,-4.491615805543488,5.322022481470423,-2.1533270079812508,19.85829526445475,-4.316091380113436,7.705611178553972,-3.5363094604586522
15.354861556600687,-1.3735690030170544,1.3498616711053484,-2.6527784716748046,3.6421587099810853,-2.140742838990095,15.761710472785838,-3.5205976244723156,5.65890871405086,-0.689379999980267
17.751815460805318,-1.235885746357358,1.6602010454913292,-3.5581954525510104,3.3968568072580014,-0.9784937995775059,11.892078115323297,-4.090156709517685,6.709851833734093,-2.029683364014089
14.890667078659618,-2.535330138578512,2.9608749942754136,-5.7398313238892555,6.842712076397152,-2.1865027094032508,23.960976434995153,-6.011307624740998,12.113292132784741,-3.3265194913320406
14.246514127167679,-2.41159368024944,2.988519847095484,-4.631876057491193,5.736722357389159,-2.424616277149072,21.645447550702094,-4.269713758130492,7.969837690677262,-2.9022158821035426
12.173433639242635,-1.351591906218575,1.581939410647336,-3.7596219527833608,5.0457668810856,-1.1632891631697546,17.542475009424567,-2.5561398501670993,5.454746033301499,-3.166486415081398
18.327218246570908,-3.2016880167712864,3.4300008537185738,-4.420391024504591,4.080291063143803,-1.4769576707560867,12.928539481289913,-5.003747814395995,8.0767874140959,-1.719924875896672
17.00570743558691,-1.5562828095506556,1.5890468537627211,-2.632550483651355,3.031109404794755,-2.454248435113449,13.264821479090632,-4.12401318188978,6.396056685417104,-3.0339884721012647
16.471822878397884,-0.8478303703069365,0.48712926636409926,-1.1622120096481239,2.8435317440249293,-2.2777818001229257,12.223386159759428,-3.452372561922231,4.368730474647675,-1.053294466904326
13.426591472573314,-2.0686206824590414,3.7822931433952176,-3.2647584315657503,4.823221520982366,-1.9163409194543515,18.229316648962335,-3.770748018767795,6.304386131400153,-2.607174333655276
14.696066135465985,-0.8188715199972979,1.156319815021546,-1.9570058842257314,2.6234522265476525,-1.1691277209626376,7.855286826007244,-0.6215773547686201,0.9958605172392311,-2.620231448636324
17.72173609464882,-1.9025817144776291,2.377008395410336,-3.459201265702021,4.420531807246703,-2.698665766578376,15.19463553331007,-3.614442179898094,7.317142427941301,-1.7509290832697189
14.295222862842158,-1.5042874540457551,2.3758302172535,-4.936790408288763,3.6805767242048013,-1.367020594658782,15.168478877900418,-3.977641228479336,6.420174527514928,-3.581297350929386
15.584432124263309,-0.8262915235506783,0.8054668579603097,-2.4125998650587257,2.4680234502136136,-1.2975872553872476,9.672670036005085,-4.01285996551528,5.818769491372476,-2.5727081214711958
17.787135890671152,-2.4271393199460696,3.103836661612942,-6.8949837296950065,8.761199195963112,-2.386891853766884,28.49451114236684,-4.706230635352107,9.412843446891603,-5.00790829269223
17.402647327723432,-0.959617787654529,0.9550448399046819,-4.518250291090289,4.383513565289077,-1.945600117817634,16.92288981519627,-1.717070524976085,2.68583411643217,-3.3179350541473505
19.885936630216804,-0.6640575793643215,1.1684199824991035,-3.6030428073709215,3.624767697622447,-0.3490817618507642,14.307036766208814,-2.228254564008096,4.156019742881085,-2.5551290749150635
16.33167200850742,-2.4134174840336744,3.573885758844316,-4.8025065924824695,4.71257036732489,-1.3489691788229654,15.34044239038141,-3.1357574935484984,6.874970601417064,-5.400186138435252
14.458173227673658,-0.809316827983798,0.993700168916807,-0.6695337769379464,0.8996418089639759,-2.0388081561467786,6.845221434120336,0.6632166777847923,-0.0503805260737914,1.2037978755604204
15.264585347726216,-0.5274647226841265,-0.044561403391188525,0.738916211664981,-0.8163853311890528,-1.466505266195619,2.558193438268392,-0.6759515083060142,-0.6427972681172089,-1.4917482119541874
16.103314857904962,-1.0588349234287906,0.20536678252403595,-1.6869414257500126,2.63328796168705,-2.4479745883445876,12.002673234272072,-3.2261856897622905,4.830980425043828,-1.7015869767052583
14.42188132982275,-1.2816712263775618,2.143234023433112,-2.9738086197207,2.9621241216931264,-0.6334136425486998,10.786685575463467,-3.3685130616729864,7.592398129890572,-0.1908159149703168
14.506673184281993,-1.905443814550448,1.2224424095935458,-4.586339703690159,4.510902069269247,-2.3684853159074093,17.655530484653266,-4.626884720694843,8.892016237697058,-1.8542890459833503
14.86738156401018,-1.5056411339531262,1.5440320954514,-1.937268286661851,0.589638850656157,-2.5892796749937004,7.666389628697373,-2.5948372669482778,5.252906393393926,-0.5080883753875987
15.438769351543002,-1.3419585859909189,1.6114065589769144,-2.3663280468235848,2.1383469400560626,-2.5875906919769043,11.91746621806373,-1.4514448078580515,2.452562724359959,-2.66145928902297
16.28916867971437,-0.8470017646348125,0.32181536884397266,-2.5423085594813744,1.730473306115483,-3.1223772200709727,11.64438899566927,-2.2034481310247993,4.336829888987677,-0.673381779483224
13.084191749075307,-0.84465786403748,0.2540962517170927,-0.333077824122062,0.37494218987218025,-0.9988635898524907,3.074732397751899,-1.0718310672517672,0.8186626487077757,-1.0233045901307414
15.892622120901343,-2.391196015193335,2.447176186878546,-5.287426574745881,4.181409751668647,-2.600679981694932,14.954766040798305,-3.4333288285485124,6.649990773290003,-0.5773306645495704
15.436928723622083,-2.3974955227390278,2.661904476479422,-4.395587668048211,4.671097695997325,-0.8703921565539432,15.959835135641029,-4.050467344163497,7.371867391807578,-3.2272290801658605
16.67718946249154,-1.2798005142378512,3.2787461184429763,-2.569594842744173,3.6014336435723617,-1.8991589834292335,12.81058024654896,-2.7697970437821056,5.105382461355233,-1.6430460184823001
15.178288056089288,-1.0902324413634943,2.1817964440846094,-6.062041681070924,7.21920800011093,-2.8625083727823326,24.977902988379928,-3.278224788135107,6.715916262161411,-3.4606811944864395
15.122204372525658,-1.8252789725254603,2.281443981998124,-3.9639081635294633,2.2416389185018497,-2.430960578167626,8.999214548962497,-3.274681050025921,7.141541533987384,-0.6603997210469698
16.3116724985903,-0.20304291835795807,0.08126792240159247,-1.7417147121496095,0.022381251970573057,-2.2828018875634,3.5350454305991086,-2.3367973695690134,4.447656247544761,2.301569978800758
16.069939418975085,-2.5385665246942253,2.898290465336559,-4.150511846791853,4.499013751628792,-2.148888856833933,16.073572750824763,-4.729457034744683,6.573577333123073,-4.1317107623178995
15.650852688422665,-0.9900261220104372,3.078076141092493,-6.071381761859528,7.202176865446104,-2.6584398091288155,24.98595259290178,-4.897511792121781,10.818412862307989,-3.048900209622075
14.684771780052312,-1.3336939737235394,0.9529199544955412,-1.6145956353180166,3.8174744522881903,-1.1661943759987525,12.728059913099301,-3.2106901629937052,5.432924350600674,-2.335423904414112
15.341747713690587,-0.4217109236468304,-0.17179206397062907,-0.8118842419664353,1.9282092372358912,-0.900324426096244,9.002197568781465,-3.2027295456178937,4.601337201878431,-2.9591679771905093
15.953629703875395,-2.1120974493507054,1.9761030715908916,-5.952142804097874,5.958518389666304,-2.55042979063067,22.47167308000609,-3.9658121801517163,8.983369586670143,-5.523331459090253
16.607662258268615,-1.9705153206076593,1.5971745198941512,-2.670138731349705,3.0255911003458964,-1.2743888487262083,11.524875663914889,-1.8715918128673326,2.9554118242111382,-5.105583654753547
14.390841440296704,-1.5090703959820577,2.63152579210292,-4.804603099650139,5.793176104326636,-1.117258593797365,19.63978973343447,-2.1402442344089434,5.780108266305961,-2.0624277293457647
12.865994318275646,-1.0761829310525022,2.2819629514655695,-3.3409112727509265,3.576751596555791,-1.4505647628261729,13.602828543216297,-3.047080169610878,5.768150793075779,-0.6096810857707748
18.352777417434638,-2.3506241315743734,2.8913918747075904,-4.286187568210653,4.653842285363772,-2.668941084137951,19.30730755467727,-4.420801777329928,7.12187824269755,-3.3265623200837866
15.714444434339038,-1.6506510860634422,1.6201668405602458,-4.264334056241389,4.487213970976725,-2.2401824373256476,16.52875429509339,-4.384988321959824,6.54970489275467,-0.18376760306278905
16.757912061554254,-1.8943205849514368,2.7784526384509487,-4.3398912311391875,3.8431333365252844,-2.8527676564326385,17.382324765220535,-3.726693734550042,8.103268377247856,-3.7987591093271487
14.062643211164346,-1.1882804516307532,0.6919843655430269,-3.6335110805736743,3.729646753872146,-3.1478671745623275,15.452292749638149,-5.49050807576472,8.373481478395158,-1.1720053101834282
15.541900253754307,-1.2706151776710073,1.5866571564284357,-2.725935529533097,3.764890690567758,-2.0561273067002515,13.774110098280703,-2.5678432842048586,3.937587831635682,-2.3896056103697703
15.483521598845671,-2.2381673560627817,2.784933840229811,-5.412376516025476,5.48847117718185,-2.2648170517644064,18.002274153944555,-4.0833109387924535,9.259576238874917,-3.588382865604717
16.506041047901295,-1.5177743714137903,1.4752297040059634,-1.874910858479253,2.206530323165245,-1.2601341929512475,9.530917674473692,-2.2338352880145242,1.9406984711436917,-1.6207142869630975
17.825930886564247,-1.9602109577226945,1.1952914321982289,-1.8153666178612087,2.5807717170128237,-2.012027612360022,10.917676349310813,-2.858459911465615,3.8977139337049755,-3.535606751113283
15.305724547266038,-2.5912800758731818,2.746817297876232,-4.55596639252399,4.840906689467363,-2.6708321669098503,19.285933802487314,-5.0463429217726725,9.127848733589815,-2.2162320381275733
17.071336752874757,-0.18890386039271023,0.3466381224568364,-1.6282308001141226,3.230690035217709,-1.6543056266753222,14.924465359201413,-1.288034501067768,0.9235029154780539,0.034979112028528325
18.111084567282102,-1.2977681273096713,1.9887652252498336,-5.882935109700412,4.684975315304947,-3.759620440690531,18.247081931951787,-1.4259848818430396,4.1360676198441,-4.1696145546035375
16.430871468548144,-1.7080423290631153,1.8523710883498878,-5.470615838607179,5.98458781185834,-2.284874885461453,21.172400517679073,-3.4536810998382985,6.811650982525352,-4.858662201298583
15.316690158168466,-1.3925206379374029,2.330808519218764,-4.593600828307668,3.086281990986593,-1.9601527036480106,12.233435943060318,-3.58560962222704,6.840366485505977,-1.4978305995050238
14.288026727859526,-1.5363757152203235,0.7094702338684933,-2.760923678963753,3.7314294428825128,-2.1090851114631826,15.181293799044683,-3.43689892535838,5.189154273489336,-1.7155073255023523
16.007056055456545,-0.8509078298603852,0.44117886812136353,-2.5125223258450458,3.5474076126401615,-2.5248433357602167,14.022414260783469,-3.1559533992478452,4.797570450229818,-1.8443566970809482
16.851979526750362,-2.5340014677186544,2.0323028576427067,-4.111361074121352,3.0813434495041907,-2.078160104489234,13.720102787590966,-4.890902966911775,8.02499141780001,-2.306337663098164
15.331576888296608,-0.2647012702395193,0.13395041842701022,-1.092393254890142,1.9028951407611192,-1.5214268182517021,8.321240524447841,-1.9947798011982285,5.014145432075107,1.2675300267178264
15.457977614486238,-2.2982252584650014,3.6046031194105828,-6.11325688591009,6.677301591578179,-2.9702655173392944,24.372528055074675,-2.83257726615042,8.052921687983726,-1.841230440681519
13.064272968240509,-1.3125064625338052,2.310313954382247,-5.274969487844205,4.486412601608371,-1.627183144978304,16.272600820075937,-4.300618739918564,7.160880519097749,0.22280998605204383
16.95522396876039,-2.172501454615991,3.5933867686968672,-4.344600496213429,5.706209933914591,-2.9206159574964476,21.281669790422566,-4.9492199866410385,6.66239328838675,-2.575492391258442
13.471049255114385,-0.6606313982600625,1.5586604391543182,-3.2479110986247006,3.2384886140749165,-0.6708573016839325,12.689819412735313,-2.925220810514797,5.75546513098622,-2.070820154472047
13.174560925232763,-0.7880189398967471,-0.5615293466292275,-0.6361160948562625,-0.28959010605128044,-1.5525351876619207,-0.08553809025872594,-2.3065550594643707,3.733551489707273,0.16412789136061512
13.278205700334032,-0.8069802372880589,-0.07649043465217598,0.6583180141561633,-0.6663741813025978,-0.7513843883317505,1.1163479736264008,-1.854465124597823,1.3508633548641296,-0.11866068277950707
13.521381457600407,-0.5432075507858602,-1.8258148144032937,0.7481414223293972,0.5617024536940878,-1.0078844889474765,3.667261604963783,-2.995151072980983,3.504416726496729,0.02327933934272497
16.22139849664437,-0.9910388047467632,0.8215103723820933,-1.0508647211131932,2.4202253070563633,-1.3561898935643237,9.9745297717732,-2.057115086324441,3.343920966614792,-2.6598682781832355
15.364059298244266,-2.2037065066854584,1.923921521488665,-5.100182517426011,5.806027445714894,-3.9774515568929294,23.59447850381049,-4.124584017322953,7.403386356894215,-6.5817894280789275
13.764031318610263,-0.8760021823953219,1.1454193494455651,-2.3903626199824015,2.9717303707088676,-2.1824003280118287,12.662482344850194,-1.3986146620251247,2.1116829103507806,-0.5605952882515246
17.00674029315778,-1.6062172707875357,1.450161684501533,-6.026043896231574,6.800636096397235,-2.3116088383562454,23.3079562863014,-5.7960755649553075,10.30563448153028,-0.7055705267307011
15.618364438625383,-1.648365492178809,0.6927035121128244,-1.507416232083028,0.12461251745406998,-1.079645788963326,3.800126338936911,-0.37312884285497017,2.062465419831804,-2.4882333890778945
15.634922340985849,-0.4910145358023551,0.44432474406829164,-4.105924746844889,4.514948462724711,-1.6004308308451702,16.542074684378623,-3.528125601475567,4.899738906888201,-2.862470181055843
15.28652628973045,-1.161290987712051,1.161284725338095,-2.0377631152211944,5.055563794282111,-1.979786393627315,19.948214871927092,-3.7839265029246807,6.194025111066307,-1.9424930518410428
14.473003962475536,-0.6630810544310782,0.8623362034662664,-1.7121712985426738,1.397249429152441,-0.35714617060321396,6.393861489569224,-0.25982015741818976,0.16502828927651647,-2.381937008025539
12.325659818558975,-0.9432822832020495,1.3601026425738207,-2.8807551917780545,4.0400438451916445,-1.6061785238792552,13.542254684725576,-2.3799540587034524,5.685731585508742,-1.3747845172822208
14.306967469878595,-2.018427582562153,1.858184197176993,-4.8042231211753466,3.5724977629115497,-2.4382555307653364,11.948072809746023,-3.028113173031682,5.376843884335036,-3.6812037705514995
16.956692556337718,-1.4397107472029431,1.4589276993083509,-3.726938871443286,5.3979946177787665,-1.0709923013061875,18.239517864339994,-3.00458670806467,4.361944952489528,-3.5307252178719044
17.178792073391506,-2.0226329310236757,2.0853025559936915,-5.149630848592089,5.817153900759422,-2.0049630248670374,19.1759948269957,-4.722263987153367,10.02914326866727,-2.485394617406425
19.612487251193446,-1.920479873213459,1.8838140600848945,-2.4382379025862235,3.3416025929397795,-2.9466379784828027,13.670424371848384,-3.38849059971591,4.223540501462667,-0.5546712705321879
15.269244806448105,-1.3758302202212518,1.047298435250355,-3.1278124403003624,3.676515067007624,-2.5114124137398055,16.32166222571028,-3.136381814574089,5.005259387629716,-3.0948555217721716
15.094915599618849,-1.2705716114695693,2.2802673221172305,-3.074004799141492,4.189066023955184,-1.4163776789442908,16.071666076566654,-2.2578817643643827,4.280923312812787,-4.281532836336734
17.67534177812747,-1.9625818544280553,2.32641272788187,-2.5199889196597596,6.195449457447111,-1.8436628187026851,22.52345816556335,-4.842332336965281,7.864896016623787,-3.222885514334055
14.453111307697819,-1.5036601274314598,2.1857185383930755,-2.8636336689324247,2.7235381982270486,-2.3624515625959117,11.552421600157198,-2.4156110617225837,1.7654799845243399,-3.5848565233423186
18.118088743440733,-0.9937257829380215,0.415608283183337,-4.341293902011586,5.2125224603076035,-1.7688421021927887,18.72607122607056,-2.7694517020547096,4.735629621198081,-2.8389988444689913
17.032890637509603,-0.32817035177377396,0.5107654220012506,-4.007896525500283,4.753141545145379,-1.6695322723527901,17.95565091542254,-3.3625792274856194,5.1808022489161285,-0.962865394184268
13.6842522995738,-0.11792611999506675,-0.43086871893240797,-1.4016817626972577,1.6350372957174282,-1.061525585736377,7.244854039158593,-2.972400086560582,4.184822860940695,-0.5445776595752976
16.146906402772846,-1.5564981540362746,2.1917866373099795,-4.021185245973163,4.325836254941101,-0.6697962053499593,16.293341296624785,-1.3954491641830402,1.8673233997417586,-0.7421068874559267
17.363122012219602,-0.7937870952805138,1.2545767279585054,-3.829002694998682,4.377910897181311,-1.558886884533414,16.04463208724889,-3.8473367775195184,7.186408130943123,-3.6964358123776853
17.327398304815965,0.43209874757074673,0.35006153360162573,-0.931137388856184,2.3788829216764977,0.6201686675827899,7.299828300395319,-1.098948217129355,1.0807525707733834,-1.250196494158468
14.064775412550556,-2.9410096538047856,3.7359895681815463,-3.926059015427059,3.701173254256081,-2.687953365724576,14.063489549659248,-4.496108305778637,6.369569603949782,-4.332623238527804
13.478757798153982,-1.765960553016008,3.8261017303351395,-4.759852569246495,6.169382505348433,-2.8306160230482904,21.75473979762955,-5.3713036400791525,8.652565097383027,-3.5819572097453625
17.556030279700344,-1.864072879595808,2.221504072066429,-3.3983816201885584,4.007536501729163,-1.8967920925168755,15.245202214883566,-3.0148808845491146,5.811300888899243,-2.9755329506268655
17.36872315135638,-0.8982441440149121,1.0740209096592435,-3.2086642817787236,3.7436162519395912,-2.3260910153836987,15.699442206002928,-1.5057852624346049,3.992500648399134,-0.4515438592038308
16.62413622239691,-2.6473472530954365,4.316536996251189,-6.464692950104206,6.851513791953175,-2.989920390662141,24.692347932869897,-4.610529494968469,9.929826819436856,-2.260840799145851
15.93077036608882,-0.12358429094120016,-0.213193658198095,-0.9870555636383038,0.7502438026958904,-2.6352434137387073,4.3618394683671955,-1.5205317875560749,4.068472114044716,-2.0754197126113287
15.904833816914064,-0.41974405722044406,1.4859050811539083,-3.862138507039693,3.9701694941551002,-1.0045669177180083,14.592548032616508,-2.6525719322335064,3.9550479862622403,-1.8282413221048046
