0.0,-10.96150947586623,-10.843268919848484,-9.121689389357437,0.47244515371227697,-0.9693601713979709,0.4357466353495651,16.88178478188015,-0.19823653012625234,-3.2043608946597497,-5.158880343355012
1.0,-5.0594168844526175,-20.65880211697765,13.931436078746884,-1.0998171131613896,-1.1257719436303408,1.8331023484806175,30.78354809145801,-2.0122942874507537,-0.9531480771974297,-3.0985533306911965
1.0,-6.558047907666987,-16.299240503314863,9.059284061516022,0.47802709972885854,-2.189100408501752,0.7465916491081819,24.763967387336045,0.05197648328101345,-1.7359120062703215,-4.741869626724473
0.0,-8.432806648449883,-11.210827127474964,-7.741669639710018,-1.70761982327534,-1.9431988489916787,3.0385514253928467,18.77671321023332,0.6712792959080186,0.42788073242336344,-1.7658732597997728
0.0,-8.113852644740067,-11.312708719900883,-9.42517503467285,2.8724961107291387,-0.9048526272873453,-5.11627630306112,19.162912214379116,0.40783387950107425,-3.4652973702526904,-5.548278219742387
1.0,-6.247959852320078,-21.043401840754946,13.847996245137596,-0.6595611605359033,-0.4982642113948621,0.9496849070713645,33.713195372008755,-0.14660511027364315,-0.36551375116751866,-3.1060138375572137
0.0,-5.952310505085559,-12.082400832100996,-7.085776357309989,0.566597708138232,-0.5449722396489277,-0.30093049951557893,16.085254313437453,-0.6877790352014481,-1.6151061031958953,-3.312853744532691
1.0,-5.685371612505644,-14.67936323288028,9.543226804378895,0.25468839211637057,-1.0056177356016003,1.2923893904544816,22.25454565538379,-0.4895249396141905,-1.6952442181580873,-4.26629725040324
1.0,-6.390887322483743,-17.896230206320663,10.366305526394454,-0.8299872113663931,-1.0520844500506188,-1.5768996175318402,28.427323408679765,-0.679337311375334,2.078751494789987,-1.3809663996306822
0.0,-12.06904496521617,-13.709855668568023,-10.292786453417884,0.06150868032135082,0.09354887049321303,1.1549934073037074,20.54497178257143,-0.09151256360644022,-1.6341577446074307,-6.618062226735762
0.0,-5.982166880769301,-10.625694746024918,-6.303976985050512,-0.6791177303682197,-1.7674526358725224,1.9676289534861342,17.776300433030897,0.07259811638682301,-0.806563745088037,-3.781829235580937
1.0,-5.085683330996557,-14.712220402413324,7.323644299915864,0.03709622788187707,-2.202606122289949,-2.0119634488342544,26.741640434613483,-0.39923736983238667,1.0064011872074676,-1.1176839848168867
1.0,-6.561708327458368,-19.736890899402486,12.987661191081468,-2.5927315261943957,-1.7668517746412802,0.4625302167566627,31.496147068610778,-0.3199021657608291,5.203966468825857,2.4314344479760677
1.0,-6.78257579284076,-16.634907940612614,8.60469819117219,-0.7495115988078523,-1.748842520713247,0.06054156255491261,26.643887959871375,0.7564376359203551,0.8659483745139911,-1.3594236285645498
0.0,-12.089594945061823,-11.326051951653621,-9.093734752662451,-1.9951930642821196,-1.8586800990587689,2.948829624766283,18.10617820788684,-2.0075092683603284,1.0535002491380359,-2.0973292095069413
1.0,-7.1056027815387,-12.223713115971341,7.440088567486191,1.468478259243361,0.3871617459069816,0.49928907181510085,18.732023896440495,-0.3085655537612728,-3.1575021422490215,-6.333318660990603
0.0,-12.350177205793615,-13.726885797576902,-8.52261462442689,0.07297705263149074,-2.6166190355540433,1.492273306041579,20.838191073739694,0.625229522688987,-1.3556200825087568,-4.396567347566592
1.0,-5.882454128019209,-19.469028065141025,11.684195377327628,0.9841777139881932,-1.8369639959233044,1.1764650582508198,29.522141721221143,0.22290139299596218,-4.238308243762974,-4.642547233136631
1.0,-5.769556066360507,-11.811168524479243,5.941393426163857,-1.0371021871915915,-1.8237199385367535,-0.845537418125178,21.17220050193412,0.600086402522849,2.297047729561042,-0.1993236724844264
1.0,-5.763187177341809,-15.482911262464544,10.184575347964644,0.016440832709773673,-0.8691496779588814,0.18843306856277386,24.940422562475376,-2.813291686229342,-1.5108971006772116,-5.222016818674191
0.0,-11.015467691779435,-11.21598776389878,-8.1809472470376,0.7036119828152545,-0.3885408737150178,0.00239566721175577,17.777179994823047,-0.4400980407059501,-3.4927132627991764,-5.163915142869619
0.0,-14.694562780595922,-9.09337284859544,-9.798778272283771,1.7317703908363775,-1.3343765753564898,-3.797650061552263,15.829538387059682,-0.15237703796423946,-2.383008379445032,-4.566793474494407
1.0,-8.457288328950312,-15.99123117554845,8.163760649493803,0.5091404503370518,-0.9918921374633518,-0.04161022283347304,26.889344374196387,-1.8893997091448567,-3.3171443743864533,-5.036184774438631
1.0,-6.541353854923019,-17.844616264398237,10.825154900407233,-1.787605962889827,-2.839808167024694,0.002345830199486254,30.328777608327812,-0.761942276678994,3.041872706547407,0.7346136010949544
0.0,-9.776905832868175,-10.881581830192223,-9.749268028198143,-0.004025023032824315,-1.1015196153278266,-0.41821844030395233,15.395622248480526,1.0784265004528342,-1.0859874922268145,-3.910846248203653
0.0,-6.0749884916865105,-11.220030631677227,-7.636807034679372,1.5635703072956102,-2.114465171179716,-0.9996679595889962,18.73841733262485,0.5462823843284845,-3.912477248079263,-4.799732209198651
0.0,-6.66538691256745,-11.296183541383483,-6.689633844922486,-0.9253489228071046,-2.135538335353073,2.7317596548061784,17.831036197730505,-0.7123185393998046,-0.15900206996781618,-2.5438463625268386
1.0,-5.417459713642063,-20.62380802849724,11.211015306990536,0.4244522833959415,-2.9312429141913885,-0.6044220203185267,35.77538571557884,-0.9701007122449707,-0.9419919348284956,-3.867578241627133
1.0,-6.7042478934373,-17.559872791402405,12.154368624468379,-0.563220663959893,-1.9755600921072056,0.14936111082686945,30.149853709770515,0.0568565076531421,2.261343223529614,0.9425704608353347
0.0,-11.87837687856999,-11.13783516303958,-8.853417065251033,-0.7260313421301436,-0.41491473570160375,2.1020344298727056,14.99308770572133,3.0270783397004304,1.5041313099213949,-2.1546774748529627
1.0,-7.082360808631001,-12.659055130575284,5.738066618598783,-0.6643455819441715,-0.09058896311544262,-2.464724501626739,20.206736367616102,-0.8007189940191841,0.2853779137992236,-3.2537274140255543
0.0,-9.529320616894937,-12.85562808877251,-8.050700167409778,0.06791114151937422,-0.5877337172470865,0.8346766795083338,20.504009229544003,-1.617193652605066,-2.896672059056818,-5.746029802157364
0.0,-11.156224964642062,-12.23740884047694,-10.004028077636997,-0.6933529811821459,-0.7278829393990056,1.8599927910451934,19.127368558699352,-1.6796933351022714,-0.7143674252432541,-3.8097324606003453
1.0,-6.691079035034381,-14.885831608319753,7.584114941341161,-0.249116109188925,-0.5956071869647377,1.0580908275592735,22.7147334651128,1.1929693597259714,-1.272015903831503,-4.353342669434935
0.0,-8.712240590300873,-11.978318400399573,-7.938716098255818,-2.496251527282193,-1.462005531461624,3.4542729774174026,17.28582656095675,-0.9741148908837893,2.243363399909851,-0.9653042194825282
0.0,-5.521237916520312,-10.65451893834553,-5.72047586797769,-1.4936010994805824,-1.762863998094243,2.9794852529271325,15.868844195263705,-0.7295820063292917,-0.5682331875328877,-3.653227264173373
1.0,-4.310774973248924,-20.028511595015203,13.370367185278557,-0.36603769301188227,0.12342199663395625,-0.03052423545338248,28.88888699122666,0.5779563315530853,1.3786636272955126,-2.046786933693525
1.0,-6.7208528381943795,-16.895041805225933,8.010669816704663,-2.4444668262499207,-3.6907463425323295,0.7892917579051647,28.395762384244254,-1.071264906702603,3.27494625847366,0.5230745109368078
0.0,-11.767037665489035,-9.310272264829312,-7.6604593955267335,-0.06459011391510344,-1.0926332072576224,-0.3630885720067818,14.211707186890806,0.57486195324153,1.1220559274580852,-3.6023693844616482
0.0,-12.857279794837865,-12.164876632459015,-10.777500179053428,-0.05097066308541556,-0.9539687392850456,0.9636460246198193,17.70463754120903,-1.4472544467236559,-1.596057511139875,-5.9354061856010425
0.0,-11.847367456474998,-11.567182527801705,-8.924685578586388,0.5261950666360004,-1.8772280305005125,-0.7216516380089941,19.959534432733186,-0.18759365254131868,-1.067352839574865,-2.0366316742756636
0.0,-12.388492618505271,-10.78059510584138,-8.538183465570334,0.7377072434995466,-0.8755619726635107,-2.5336763083089338,17.07280132302723,0.14036404921475276,-0.5334940073659311,-3.3032376011298115
0.0,-9.911062343992242,-11.226420518056168,-7.941497681277422,-2.137813648068766,-1.9759366753267038,4.69612980721514,17.800136153469698,1.5617067022805837,1.8687472342844713,-1.7102082421615237
0.0,-10.56139150679627,-12.577063790287015,-8.332855349970485,-1.1076409152282736,-0.731988563160617,2.2030765086841355,18.159051789460673,0.06306593955930229,0.04432848308358081,-1.9795763406759557
0.0,-7.672658024352361,-9.729789385486908,-7.0599594769936,-2.0879064965797567,-1.2629520323187653,1.416874139378499,16.07521012285739,0.19976705784899362,3.6764730639760685,-0.13551975413191014
0.0,-12.937934813044999,-9.533285137512205,-10.777625892393532,-2.567370208591054,-2.4218860219613587,4.830626873976614,14.132149593893056,2.704014907362197,3.0786720931540184,-0.31348374626532405
0.0,-8.650225105488897,-14.136546059065425,-9.442268253138007,-1.374961353272865,-0.22204792350649039,1.7675962780097028,21.85723856262745,0.8861503881429851,0.7225355608354787,-4.099628848430525
0.0,-9.68749681105076,-11.44851008617771,-7.272793420726323,-1.4548294959102264,-1.9727424358194943,2.6817942285552583,18.605394289911512,-1.5269785839131726,0.5781379209075408,-1.9085014491164158
0.0,-12.968332219633009,-10.356900579484096,-8.840809825923735,1.5908123681099333,-1.9099400048578357,-0.8826565439654487,17.144728214346472,-1.4555592519830753,-4.7519781372050565,-7.001002156237477
0.0,-11.900827036280276,-8.321867532196713,-8.579517128101488,-1.012179683299628,-0.7656200580850534,0.7398728036116853,11.598040449990274,0.12260529595203029,0.59618337991229,-2.773690127153033
1.0,-7.306656831540216,-17.587491274320715,13.439223486167428,2.3514735421518203,-3.7037326595620748,-0.9995291094520833,33.27349239947803,-0.7853075618471421,-5.728770400839897,-7.858509617915914
0.0,-10.388641712667285,-10.86200009993802,-8.875125288342819,-1.1059213554476568,-1.3543090788342425,3.0117796258981238,17.73834771712782,-1.9824478331688264,-2.4023074393689363,-3.070297398345915
1.0,-6.230996632416531,-14.791989340760002,7.938203254591434,-0.4470014977853365,-0.48787795721615057,-2.130046293973521,24.749019436654947,2.38727171134508,2.188603503812675,-1.5549845116310002
0.0,-12.588477592380311,-8.490200660240616,-7.483440618442446,-0.3556387825474619,-1.9136670709493369,0.36456356952561714,15.27216790837707,-0.7083838075278759,-0.01598665797353671,-0.8979729320559056
1.0,-5.781154157230156,-13.921624084334155,7.767524778939473,-0.647378277678765,-0.7424816096552873,0.40560626670660505,23.80094417423266,-2.749282871204106,-0.4287927330205105,-4.289431499803516
0.0,-10.795701045224382,-12.41890064222219,-8.631087155038436,-0.5921579989884793,-1.0849893410453795,2.355186075621967,16.71437064614344,-0.2020092346437014,-2.3280106184677605,-4.362291867125076
0.0,-14.06844720158884,-10.275209269587469,-8.954748553839282,-0.9861768713324273,0.5527070576699749,0.8846331152778507,13.16265215420612,-1.6078523699610976,0.07129227069184288,-2.8270383538580504
1.0,-5.628769268846112,-14.52914602898544,8.79626691312681,0.5707921123031114,-2.6609439983167396,-0.5095384583597355,24.517382556698756,-0.9764766543237375,-3.4167552339434,-5.908937567043213
0.0,-11.20442462186665,-9.036609101791814,-6.98103326760507,-2.160380296671431,-0.8723029924323352,4.347611276806574,11.224045168868965,-1.4978418905285824,0.9215270732442493,-1.289757138883838
0.0,-9.399150638273065,-10.491005504391708,-7.350262931203361,-2.4731744497619177,-0.7277227214383819,3.8842226131638062,13.264476650426221,0.5696246529155381,2.6173365378202833,0.03841172284227701
1.0,-6.761519706736595,-14.612095699678513,6.143993685489699,-0.6584313333571963,-1.0271656677775685,-0.11672739347386545,22.86946107515018,-1.6272862832723876,0.30566017918419175,-2.2011402830047944
1.0,-5.519459526309151,-18.802186703162953,9.222553169413706,-0.5997755657710089,-0.7324167138049577,-1.5025861943039427,27.598853451160803,-0.0895436267746128,0.40585215755590465,-2.797748263093892
1.0,-6.657893134148575,-17.669942817740043,11.156746640702801,-2.4059707567392086,-1.2895890352519916,0.7080683549683306,29.24176851356858,-1.4981402195849642,3.846109434676202,0.20770515136359752
0.0,-11.806204123834835,-11.49676329489965,-9.932183222610492,-0.945845208390167,0.003995203829113336,2.4722394537348977,17.429335521951863,-0.7766106993050456,-0.8794661785877487,-2.7507293070620347
1.0,-7.149283028946861,-13.943157986133137,7.300257827720385,-0.04233679849312261,0.10371232913601469,0.2652695675831067,21.503379892263343,-2.1509060028389326,-2.090485290732415,-5.558348838798864
0.0,-8.919976010373514,-14.261994467227886,-6.313636174600899,0.5659716843961402,-2.613412274332414,-0.8580467187643291,24.90432592383284,-0.03366340509561805,-0.8731476240013679,-3.988740500054316
1.0,-5.884980110748199,-13.437085285372007,9.535861256322203,-0.8599687544874628,-0.8695108941941769,-1.5212708787023357,18.980288999708208,-1.577673364697158,1.3650086242343773,-1.0522077886791399
1.0,-5.457331781579407,-17.771520641540864,10.505220949542947,-0.7717267838083411,-1.6356933779775904,0.4742750800260832,28.089765139139242,0.06538603204411719,0.11378382597190007,-4.599532417265362
0.0,-9.980237166221933,-10.234739565595305,-6.7530442609786405,-0.18643903866406542,-2.8227012570655168,0.2799339316438762,19.33118746736525,1.0606252264465896,-0.6067946382035493,-1.6508071801899697
1.0,-5.776259003249741,-18.590762939026227,8.938109975352063,-1.153224604323009,-1.4297701022876919,1.341869183316874,28.729801645837284,0.8248579271105587,0.4187690556811585,-3.6001353934193387
1.0,-6.1109094008827025,-16.202995758235488,6.665354286124967,-0.6537554656947301,-2.388191270971463,-0.6327885030807717,26.356323536109006,-0.42614711752839807,1.3076461857052564,-1.5147099778805695
0.0,-11.251502031330109,-11.259591832317929,-7.424104620400383,-0.04451146615216994,-0.9278147160341529,-0.8200890939635354,19.45443897011545,-1.140756595044646,0.10675381223802538,-1.6983337434190355
0.0,-6.732594898310713,-11.500263198422155,-6.024235364363208,0.27704989040431754,-1.23659355260244,-0.22506380575468182,18.493580463017626,-0.4792820434207109,-0.4687986363226776,-3.157242318589683
1.0,-5.991816114558412,-20.30921574048601,10.669501355872887,0.2331932444586277,-0.32969458228546344,-0.652259993325834,31.179417255932343,-0.6453197475241974,-1.8028031747099744,-5.079468107075357
0.0,-8.70577092241654,-12.993214491073935,-8.783297901057432,-1.5580238615204482,-1.0369002289440727,3.127463438341366,19.933644054637135,0.4199547505336688,1.74991774578618,-0.6758331401040586
1.0,-6.569287474326573,-17.336022583590896,7.223735851124272,0.4314236534290182,-2.6186504603188774,-0.29957409353893694,28.70736829625373,-1.9318162232604308,-2.952930716152459,-3.9872809819671837
0.0,-10.82915517563087,-8.750586837503956,-7.376148568704793,2.2746119444344095,-1.6110132024062387,-3.924836069415057,16.751805568670274,0.38890652466445885,-5.202424901671883,-5.072582475452462
1.0,-5.846171969712102,-14.485160268807531,8.008350734804974,0.18662649297218206,0.4072882928793442,-0.16252489188203567,19.15761102969052,-0.2789614674439403,-0.3921612098963143,-3.2712409745120956
0.0,-9.70127794848404,-9.225746416393468,-7.372541855847097,1.2635413286450694,-1.6352464674529132,-1.095359934308795,16.79125098241125,0.47139095973498,-3.2970129408781332,-4.921786899515088
0.0,-10.764507783493096,-12.769660511689839,-10.11204227967433,0.9664813504793132,0.09316441842906875,0.19105075667395455,18.350472680449045,-1.664192648565392,-2.8841759736847568,-6.031791057914613
0.0,-7.286082306896761,-11.078746001897633,-8.04897321170494,-0.7370765905069114,0.11559628085262674,0.4619855177131825,15.380163200353449,-0.38174548699229194,-0.5198759247593681,-3.1329702593098228
0.0,-12.364926874358773,-13.020802383746517,-9.306471681191798,0.3411114278197331,-1.951176999758483,0.5382038481377455,20.778557350169333,-0.0933400115470332,-0.40143548778225213,-1.5137523315002686
1.0,-5.605125609640447,-15.502284556075631,8.681503795997395,-1.0718566768022733,-2.0686105224928713,-3.0673110739298997,27.767415238755433,-0.306319104812473,4.071081308448709,1.1458278593849198
0.0,-8.27513943924609,-7.755296228737144,-6.282588403289233,0.9189029051188266,-0.27269324058789746,0.7070242060053018,11.279421594854663,-0.6519997142830134,-2.403633217742134,-3.1428667677262943
1.0,-5.61482321393357,-14.991604091560548,10.387693857566374,-1.3431989540843294,-2.5114730177979023,0.5937503826782922,24.76312993856348,-0.7995292779030881,1.7063739100601278,-2.4904893614218366
0.0,-9.247770552133115,-14.22724270896244,-7.249558618801032,-0.35132793484206887,-0.6749656999301907,0.9961476053852929,21.57634314131934,-0.03173262135255972,-0.35028039915708337,-4.062207730789013
0.0,-9.924414463975909,-10.36739359593137,-8.77806711843718,0.26005329196069604,-3.4795625025912154,-0.18010351588292703,18.251916891649177,-0.26294649455697117,-2.3903198828091714,-5.51234221335472
1.0,-4.953156164203229,-12.506322500889285,5.433604356987394,1.8150574670782826,-1.3009651275079357,-2.0490708997754505,22.019229298435707,-0.49011553665584384,-3.9748328214248625,-6.831424089409352
0.0,-12.904110036401434,-11.05509260920043,-8.752076987550454,-1.4385101863646677,0.7342948759396422,2.4541076065999747,13.678907803276978,-1.3465412127425367,-0.29372589421992656,-3.169532521048116
0.0,-9.982087875204835,-13.241587108251434,-6.934076922205305,0.46985436269247555,-0.7494256112382236,0.026608897992537295,21.384409964925876,-0.61473971654122,-2.4000709487291743,-4.9276763806150425
0.0,-12.10095795552559,-10.340383978006901,-6.86633782216736,1.2378421828546866,-2.3221203317397525,-2.767599568143613,19.679503585600944,-1.7288128310540947,-2.320881840362774,-4.149802609926577
1.0,-6.284370708465136,-14.656521277861268,6.334072478968174,0.2055655814812636,-0.269740585570293,-3.045196240483585,24.22636078871677,-1.5313901068791067,1.082695797238936,-1.542835478146021
1.0,-6.425167953460483,-14.722700513835122,6.680934958037398,0.9663839454454821,-2.452925812390606,-2.5496856524013136,24.62917381071866,1.484549814408418,-0.15761632966744443,-1.9800729663824308
0.0,-3.454769716367842,-10.555221791455391,-4.138836813712818,0.8164146407993437,-1.2384539118085844,-1.0604062949813646,18.807189784951746,-1.2188479525766214,-2.0436810785580253,-3.896204325487341
1.0,-6.4901514830970894,-15.477453039853128,6.272963483063846,-0.9620893839389251,-2.6579246316018548,2.0141557828041345,23.9241898402391,-1.369840851777222,-1.0422286616521095,-4.453575897409102
0.0,-10.954449291987075,-10.003062283689607,-8.672362438455394,-0.20586826828555513,-1.131260296285449,-0.8702147314887791,15.024860702816937,-0.4618207725827257,-0.9140786352232901,-4.0724932515502585
1.0,-7.183290154199419,-15.802007836201776,7.641797161263145,0.02779541360636975,-0.598795065011763,0.5469016138845857,24.023545672410545,-0.7595120492467178,-1.513240550717558,-4.682696918760606
0.0,-9.896281284634965,-8.00753467695504,-7.724749863200948,0.7920327260439122,0.06973458091673956,0.2822540126965425,11.259394323491108,0.2887949977204133,-3.933806517555952,-4.163786990668954
0.0,-9.945050566567636,-9.116718082906774,-8.513317021991679,-0.8184338831358111,-2.8019060358683126,2.15455945666186,15.806332337482768,-0.251453451571213,-1.6177094081330745,-5.0636488335185295
0.0,-6.969015778756962,-10.762006016029428,-4.943335447539474,0.18203548745879652,-0.6958755123427324,0.5590822949659299,17.108409409029164,-0.3041945989394298,0.1111727735833179,-1.369566665744746
0.0,-23.441633194525057,-10.290410372202102,-13.343664093535342,-1.5534036983513289,-2.0169760442160936,1.9631943009282389,15.849154867617141,-0.5427854432923269,0.8827266132590343,-1.6155680814666864
0.0,-14.621194706577564,-9.138856785401728,-10.380589933331592,-0.3321878778817025,-2.9493862775534248,0.6380452382641177,17.174287206368057,-0.46065083119573413,-1.774700964588003,-6.066751748783636
1.0,-5.814251277652415,-14.785171988870626,7.305272459979992,0.5190686279954869,-1.581188384437567,-1.2294827321251183,25.45616905007948,-0.5454301121951022,-2.013903897239396,-3.9135457690834583
1.0,-6.967486650845507,-17.713000890238458,8.753013792100427,-1.1720130414608978,-0.24221722299988846,1.447988825417253,25.02462168433525,0.1790404627455764,1.3795644729048497,-0.37130854722829176
1.0,-6.763784562808578,-18.291049409509643,11.106558536933811,-1.3273175287146743,-1.1049480045219395,-0.2028642056696089,27.851359764389066,1.6751816416447904,3.7865796053122733,1.5326661620185789
0.0,-14.399074357960188,-14.057192488964667,-11.804153649542176,-1.0793593855894539,-1.2793132955759456,-0.23222601329365378,21.52235217963534,-0.11235525804649821,1.2930271314022148,-1.8473413695815373
1.0,-5.047477163422654,-15.525941842141133,10.290553097154287,0.7895530677099255,-2.2968830057794416,1.517377316950956,26.64987779556853,1.071753523356601,-2.4031745608115687,-3.8118914942001867
0.0,-6.872028182485458,-11.726418444854815,-7.737575435713649,-0.9675850995578406,-2.463473143761415,0.6288058891685118,18.78135870914126,1.5829095834589715,3.050828619801665,-1.170505213327992
1.0,-6.5827478053565756,-15.521314482078381,10.208091745085852,-0.7290372321267148,-0.017751240981012995,-0.7216319439115444,21.40870947926347,-1.3855222667893368,-0.18230639326497322,-3.4512238582977948
1.0,-7.759297623609619,-16.477702223480936,8.924847145136313,0.8398954918108701,-1.163196615516903,-1.2095586357880488,26.653443942156443,1.4580452562231243,-1.779730771465101,-2.6928859407524954
1.0,-6.259602800878316,-15.73131251790554,9.746108041602556,-0.0461880818231286,-1.416405828583246,-1.0151458472942898,24.391280706819238,-1.1463549227505991,-1.7233539662640878,-2.966414760217207
1.0,-6.963726187543478,-10.493738142263286,5.802252675562251,0.1439002945471807,-0.41554937766197697,-0.9324992753713367,15.381221759534133,-1.5424458331972937,0.08107354711399628,-0.45276718432175
0.0,-4.757740706191654,-12.546462329627847,-4.815154535709309,0.6648767370412947,-2.02563153435947,-0.5975947487322372,23.968421953854183,-0.11808903785372366,-2.794556089756333,-3.471271479771515
1.0,-5.83171002279586,-17.264077191589195,10.296132835290523,1.5235910013304945,-1.8328219329869735,-1.81349287371842,28.91812482371198,-0.8956756617000157,-2.4354902860634833,-3.015574188618568
0.0,-15.695670642849963,-10.699342348777847,-11.548563254258553,-1.0080018917838065,-1.3244646074173168,1.7603915752504684,16.938101111261492,1.0099196145551361,0.9321585295184185,-2.661835593883849
0.0,-14.900076911931114,-10.163961323488172,-10.090790325160931,-0.9449150774781283,-0.6696956111330407,-0.8614148728964073,16.831229363761068,-0.5271605923720271,1.4333473270623744,-0.769070593134307
0.0,-12.968595220546959,-10.587818631261001,-8.478777086255423,-0.12905946266212642,-0.7269843767387572,0.36445245740595394,17.843208038238348,-0.9794463218294851,-1.4928396875966958,-4.088260455392043
1.0,-6.554952419246037,-16.432256393346847,10.522818570236147,-0.8673900738896617,-0.6632579330864505,-0.4765109772091505,23.52305479119947,-1.372992355437803,1.0644994039459166,-2.3173190730031266
1.0,-6.375286591922314,-15.50901518711306,7.756002483888672,0.42459112052076076,-1.2796126216522836,0.3162534884191376,24.6897689409741,-1.0905762289628893,-3.5305658715109516,-5.130724092236815
0.0,-13.700001850336294,-10.344493868814324,-7.716910468508992,1.8513398750364307,-2.648157297995831,-1.8177916077742275,20.324312436851375,0.5248175674233286,-2.8229349215915365,-4.174196181625293
0.0,-12.114424408281529,-9.980979008047902,-9.187312663638934,-1.7123569143209012,-1.543735430326055,1.8828577934165676,16.763227716188062,-0.2789853912805741,2.0093173220348266,-1.514721034061101
1.0,-6.380841686889262,-14.301553390368221,7.857986589528426,1.1836204940683828,-0.35869089375926855,-2.0388493100961407,21.71158932391176,0.2506503607613514,-0.9077255361966599,-4.038981219627797
0.0,-9.51522659002509,-11.215898547215835,-7.689900208871735,1.5105922126812867,-1.0439519139548672,-2.286808453120203,17.108641982772706,-1.047884706423239,-3.5187514047110127,-6.027469055028812
0.0,-11.406996648099827,-11.932356703049079,-11.018804941088263,-0.71662331349655,-0.7936049156504703,1.325602249623196,19.398525509049303,0.8499742039540731,0.43888322072955055,-3.153039810788187
0.0,-7.079975715025908,-11.225813852857456,-6.565768648718174,0.5054249669418005,-0.8155907486180733,-1.2811132099242784,18.953163507608657,-3.201765729703471,-3.6244469055858017,-5.313470422173546
1.0,-5.859424682520182,-15.318296605807534,8.866914007490527,-0.17796208986013362,-1.8339050418044964,0.12652759513252132,25.115701545779864,-1.1330286116550077,-0.3752927593773796,-2.801995991335348
0.0,-17.427296095789856,-10.49105379206603,-11.78618483446271,-2.04692049293179,-1.7115813278675913,5.423425346488473,14.348312396273757,-0.8046395690526713,-0.13988368743528343,-2.617023324041158
0.0,-13.565196244646437,-11.420791228405642,-11.097935330401297,0.8888212713470726,-1.6778264281041153,-0.6270023694859286,19.996242250918673,-0.1373764303090066,-1.6823283543881993,-4.6987619824988585
0.0,-8.72152180886069,-9.1891130405081,-6.723074814241212,-1.8172990060930974,-1.648814391755617,1.762728716061611,15.226957032352137,-0.3712458823152167,0.5644846099561553,-1.7069721545287446
1.0,-7.127590006267637,-12.621182594335343,6.172078626311904,0.6308675748808845,-1.1112659410031593,-1.1238761779910975,21.63456393487511,-1.1417105200261024,-1.4407510951025788,-4.257256611414095
0.0,-9.293868048937451,-9.243049905144373,-8.584911495700595,0.27402748786080255,-1.8374577302174022,0.19903127065713033,15.337851747444791,0.38137244170617646,-2.9848722571073107,-6.476481874653986
0.0,-9.643839418136904,-12.747302257397191,-5.9321522382261165,-1.5014126742875338,-2.207748809180222,1.702889228901745,22.180784731342815,-2.144707453103819,1.3067056660275727,-2.013004515918411
0.0,-11.659463020631812,-12.622811488924599,-9.932080017520208,-0.5019910639259257,-0.39272784526629223,1.6498794905915821,19.778522508989177,-1.5187004835429567,-1.962677476914208,-4.745609115462164
1.0,-6.746433612603562,-16.609965363664518,10.629257543654504,-0.23752994881978623,-1.9528416825182082,1.2974854367627553,26.301777429190803,-1.8413127687392783,-2.7098553418623834,-4.206371553607284
0.0,-6.689161263573155,-14.282148478562279,-7.115120641931586,-1.1737756329656759,-3.100959521038475,2.1971332734226414,23.205258955931974,0.4001526932949412,-0.10576648672366551,-1.8595744037487467
1.0,-6.2858840519804255,-16.409132450252592,7.450048206926113,-0.3466713240758188,-1.322449478540455,-0.37024696113170197,26.6262776138997,1.9559834342590792,0.7234552578607147,-1.912639238098908
0.0,-11.566757362865884,-10.141652366092693,-8.34664798503865,-0.3236943271968505,-2.0851483045271895,1.9547280921071517,17.66683059886227,-2.3776553869838484,-3.1844664278872092,-4.909419587922638
0.0,-13.872937511010932,-12.67206745035394,-11.796532258324248,-1.1253949829889818,-1.6204670859645143,0.43061481384059386,19.298794866855236,-1.0564077684347268,0.9948724870074265,-2.303044694722986
1.0,-5.230640329569452,-12.711712726174841,7.428377505097317,-1.1130152395609172,-1.0883807039139797,-0.5404889326441646,19.065166056756553,-0.2822503666944666,0.2743545167906871,-3.0934299522445534
0.0,-10.427897979481711,-10.911252583250974,-7.306745172704622,1.3646467639180422,0.27714962145670397,-1.9891205091022643,17.08274073396013,1.643531420850863,-1.3717458197920758,-4.242779888929735
0.0,-8.666650187975417,-12.61662513400042,-8.629242939213114,-2.170689685287922,0.7054636889263848,5.306829481469308,15.237055835024858,0.6221621509737255,0.4755788721701285,-4.0221286774204446
1.0,-6.050680496890436,-18.95921042762399,9.94592392555363,-0.39309042780966613,-1.4730330944484789,0.49518620148974585,29.218955457429026,-1.3205486149725907,-0.8564590699626606,-2.4407808522733525
0.0,-9.076268351159467,-9.4450683210552,-8.94137070916958,-0.09284752622517259,0.48376244591314754,-0.1271443551610894,12.457684799637988,-0.5834092100578474,-0.9814193250785719,-6.257816205660104
0.0,-9.080769337842383,-6.828030721438643,-5.857743915634455,-0.8545989721031106,-0.3623781682474164,0.7385754615043045,10.926679655481236,-0.021585612711415347,0.8033140515161691,-1.2360747174890903
0.0,-6.536553968979292,-12.172490533604112,-5.726597552090064,0.5993625689199318,-1.7060409845886482,-0.5513040126089341,22.385393272337303,-1.9670817535170015,-2.340592852846126,-3.445635169424344
0.0,-11.585173900058027,-11.121060616837537,-9.10274901239314,-1.459981139342932,0.3817727180341437,3.6505850886534406,14.27373081580723,-2.4577300294320414,-1.1307061861403298,-5.230638817736118
0.0,-15.290810477853107,-8.899712882083627,-10.002621600586384,0.24255187509131843,-0.6822387671913193,0.2539350915289972,13.61734437429015,0.5505942821688763,-0.11886052544819425,-4.642429046560222
0.0,-16.296806719100918,-10.361519759739338,-11.315934352912986,-0.09078533812843717,-0.49866769089835083,0.013236331649177036,15.199860516078925,-1.0321984401664757,-1.3096733617587994,-5.501098444193289
0.0,-12.890654885092298,-9.29398055437713,-8.445057937632122,0.6419326966855914,0.5324817476746369,0.09663350064876841,12.931772747003913,-1.8607212561537678,-4.489426443214133,-7.682641500798837
0.0,-14.744540997832932,-12.923756109503747,-12.019998914701578,1.7821855550761794,-1.6073271856503903,-3.8774900864333395,21.166437690017066,0.17066594634363413,-1.0602089999787214,-2.94089711734691
0.0,-13.134704566152003,-10.110957770769913,-11.264441910367067,-0.7508039560954907,-2.2675260589326856,-0.16562321609276975,18.201121075002543,-2.764543956288533,1.0235028769845698,-0.6123400950738869
0.0,-15.657339774033154,-10.331385622470147,-10.221809393317416,0.4950588638740925,-0.23295029072458362,-1.1192139023634904,16.22661192922408,0.3453674792267458,-1.088400887537837,-2.272331127088803
0.0,-8.89984855838345,-12.541463364435279,-8.022136655100876,0.4491806012947247,0.542351311717467,-0.7957244104114478,17.836260380418018,-0.12152090086734324,-1.5640081364087615,-2.110854912439406
0.0,-12.630446849037288,-10.950902853879954,-10.509887127289009,-3.2563654021233592,-0.4518280220401183,5.834195344715812,14.223483251271416,-0.7711744335649763,2.5790576304782835,-1.2586477855014975
0.0,-18.180217954874895,-12.375345868940773,-12.812245592532333,-1.477001848074091,-2.4615809191118574,3.2271852730298183,21.454463329043516,-1.0365806264201167,0.8478499253575014,-2.5288134885488285
0.0,-17.45624603410618,-11.001460441600187,-11.078363125533595,1.6162670012623062,0.45191206364073655,-1.5997539110785053,15.82138791211221,2.1032426991821,-3.609991854701666,-5.321062093124928
0.0,-12.125111033649276,-7.7210796111175375,-8.114179975395837,0.844620456165095,-3.0129550464046013,-0.4547565201042286,14.990266574161447,-0.25587064411683735,-3.4205278390196248,-5.217414490923715
0.0,-9.286407339400778,-12.450337217167107,-8.616759576914392,0.6151387209352044,-4.223323182112228,-0.4233187059091928,25.276077684667246,-0.7376107078284448,-2.292585109776714,-5.440066165381966
1.0,-5.9867567370378145,-13.88916308856524,7.196481374598984,0.02577915983680648,-0.8629881305621742,-0.4688025280648169,22.75203865832788,-1.0820794601207262,-1.572193559916255,-4.484323341954845
0.0,-16.273958622967577,-11.354562924678214,-9.681014124459416,0.7900612991389526,-1.9034517223892826,-0.29764987901756357,18.387974994854414,0.09935424300206547,-2.2377743996648354,-6.66285224698853
0.0,-11.949490918274071,-10.072642656997061,-8.576177529511725,-0.18710887049738398,-0.9477344162629613,1.7238694740308318,15.617777950502939,0.4603944570714854,-0.7168206630632343,-3.97397621630147
0.0,-11.555566248063581,-15.78522631429672,-10.402416001688632,-0.10021582627052222,0.696181717682357,1.0497711546253892,22.133752636817164,-0.17129572107579294,-2.6679659178406636,-5.386906626985296
0.0,-12.302595042591825,-11.112042282443195,-9.624336966960401,-2.3785768578798727,-2.6393373178028243,3.0606726888914744,19.915544204715225,-1.8086403955875334,1.3332514537885918,-3.8749227832988753
1.0,-6.355168457232544,-20.879184719845178,11.461131698821873,0.06470645614154391,-1.8866493234065649,-0.29300498992448976,32.24259209199941,-0.5155419186824286,-1.3756904415863476,-3.2168076983090783
1.0,-5.547308529320105,-17.832846473578247,11.95371534440967,0.6281049268767341,-2.9910460967419965,-1.7281884900862352,31.348940155485003,-0.9036404662992044,-2.363947642735066,-3.88261505490629
0.0,-17.27875128306674,-9.67832081374559,-10.547133969899786,1.1967816039776147,-1.0347160732348584,-0.26568232173635975,16.349397053677944,-1.4420350717796546,-4.2614742130034085,-6.179985457121774
0.0,-6.75698874136395,-10.785164439252286,-5.376195245939405,-0.3578533137349044,-0.9035791798566566,-1.1544160944543347,15.719995776010315,0.15785941936168024,2.1507268920082194,-1.718223428204121
1.0,-7.597316958412176,-13.196686905234285,4.887546833495588,-0.9353096122431677,-1.0445064377670268,0.9398986006045814,20.638022513408924,-1.3930236773466853,0.8923685738948668,-1.6952536774406592
0.0,-11.573326685317816,-9.430601209688998,-9.030218249140807,0.8212030611959966,-2.2732205579152245,-1.3741815942821176,17.890248533549826,1.096795457897536,-1.5333455257966593,-3.2037326400172303
0.0,-8.37506127648146,-11.214387272601716,-7.004489337889912,0.9513900115966307,0.016485827176321077,-1.3081844516876762,15.11997076027634,-0.9110531329031871,-2.7073647039578983,-5.283823268766888
1.0,-7.848414370590377,-15.44711569988553,6.516545026957284,0.9314443906421442,-1.0960989537755645,-1.447398473845424,25.649168179862613,-0.8975589458052253,-0.9204749484697041,-2.750472680374242
1.0,-5.615866588860925,-14.031557757022483,9.863403748780968,-0.6158775919123883,-1.3683403258755384,-1.665887522615452,23.629270963695678,-0.43737319353355464,2.397328464723666,-1.4791119824767436
0.0,-10.109353507840114,-7.557352813673365,-7.966009560449283,-0.3765986086051712,-2.3450276398295946,1.7659581361164398,14.103311662816148,-2.5558720432432263,-2.5132613425926578,-5.6159785050604025
0.0,-12.424906681313637,-12.154412540593837,-7.794060661587057,-0.810308615586613,-0.02120789261146072,0.6410680328986345,19.853125508989145,-0.19850619075608683,-0.15113707921396324,-1.3830959531934617
0.0,-6.038269825342518,-11.272115602309283,-4.7964386625417905,-0.8476853615533401,-1.6005948458774637,1.154733634226684,16.59935137653393,-0.5292731814443592,2.070792233015065,0.2957781615969429
0.0,-7.217296661238795,-11.523297105638859,-5.7376031556474665,-0.47573138395045955,-0.44803976390571976,-0.41725572092595353,16.695309529472343,0.10296311549016324,1.4708524253765507,-3.158195927074103
1.0,-5.5088250272195225,-14.88809190096998,8.50722624777929,-1.0764200419258643,-2.6084621581670238,0.14689782940019433,24.881441833567493,-0.5087866292307432,2.6492275195955575,-0.31820270747629287
1.0,-5.817547636890546,-12.919649635957459,8.257163468508493,-0.44105206425157495,-0.3637357414070652,-0.252951551225048,19.209495204485727,-0.48075557131127633,0.2110430563517371,-2.072351856682739
0.0,-10.442641852371816,-11.257388216802273,-8.806492851497323,1.5693630179878135,0.7248486276890167,-1.4216216225221452,16.14474479655904,-0.7895500503162661,-3.3478360263191687,-4.349031870057967
0.0,-16.48666419926481,-13.55331574068045,-10.659875323495221,-0.7875303018173087,-1.4510703177459836,2.7776400783840858,20.310654987751356,0.6812157631344924,-0.2451340753724514,-0.9029579811645077
1.0,-5.833664922727462,-17.829393067518925,11.672476879810109,-0.14649658183001962,-0.5172248894424342,-0.579648048819414,25.820041830790643,0.14773703457512138,1.347398290871019,-2.3140491866659096
1.0,-7.589443860918953,-18.152005579408065,9.56618365915807,1.262944060189395,-1.159049393477655,0.1978986561830589,29.224833975342783,-1.2983516608428654,-3.2076945042346305,-6.9818464034651395
0.0,-7.047834888402356,-14.401674802156261,-7.424818833273218,-0.890293531458576,-0.3551846040938168,0.6827229629948096,21.649592834739977,-1.0921509891019514,-0.21161005997252968,-3.654358005036366
0.0,-11.550831988967023,-11.305384046288957,-9.198491767275566,-0.682369131181715,-1.0244336065053012,-0.535363868353838,20.936132421804974,-1.2117924905331088,1.1185821343964222,-2.5824060455814912
0.0,-2.443397346244172,-11.052877155901658,-3.260449500029711,0.9496500877767243,-2.162377008334446,0.06532461956864366,19.394925286583337,-0.7452303999924665,-1.419794813875797,-1.9834640023623038
1.0,-4.830850153408576,-15.673653129400577,9.407243490970377,0.8293556079896826,-1.6641489875052915,-1.9356681837607534,26.256630057546445,0.5967696614219883,0.8769836287399357,-2.6780479982826133
0.0,-8.096829417170389,-10.894354896668634,-7.8294966637027015,1.1393839987905232,-2.786407745560175,-2.134370510952202,20.65331247921224,-1.567828246904581,-1.3865230937784614,-5.352805175731537
1.0,-5.340316187771153,-18.29065648893048,10.937636852754924,-2.0965574216111276,-1.2087681469765146,1.9426550065347876,30.175255892366522,-0.01619497395912617,3.8454985482124964,1.010780174383112
0.0,-10.36149225337032,-16.297380817818514,-10.070686590102076,-2.2481756388525764,-2.642566381790975,3.7717757864375736,26.303069593671008,-1.5808445911720326,0.4378096324118149,-2.7330760393692404
0.0,-5.612990427469122,-10.498165976327106,-7.206433519490851,-0.812992267073237,-0.6041074230409625,1.5639451438329746,13.859764318962348,-1.5951947985277892,-1.8428931710260585,-3.0771530794401465
0.0,-6.63750111687697,-10.126494770355484,-6.536859055895608,1.268129911371404,-2.500023331951504,-2.5841903693908352,19.760837185234223,0.1510066740483607,-1.8813414424496973,-5.93542514875117
0.0,-9.089819916542798,-14.221317131419234,-7.484237839246252,0.5603056903970729,-1.1322893534352836,-0.9334817228327299,22.188663240512096,-1.228982726343963,-1.785372710979488,-3.205633690828512
0.0,-9.719995257547422,-12.009267421141818,-7.936142087760733,0.33080565447265575,-0.6160308557645249,-1.386395777863655,18.75971933628443,-0.4211299259062566,-2.254648282847803,-4.38358099246126
1.0,-5.8527975038096,-16.333285446391617,8.295723564899841,-0.2517906515635913,-1.614661764431658,-1.2653838315859045,27.285348578316142,0.3411733138582279,2.3576589024315386,-0.008200196895736145
0.0,-13.15766110507112,-9.722918870733354,-9.553746660567613,-0.8937588348582812,0.7600410088973504,1.6806399815437114,13.527595963649738,-0.6622340427718033,1.220597757573906,-1.8941101995229475
0.0,-11.74483740511085,-9.277740616898395,-9.607014179567534,1.1401692770509315,-0.713294644826659,-1.9655534449680756,14.897107764696,-0.36323293563963366,-1.8248705926789386,-3.235172409028927
0.0,-10.272840667035844,-8.596935443224464,-5.77216812371913,-1.1225252948606836,0.1612064537713389,2.3711838138588233,11.853333324303899,-0.07236707754913652,-0.8817273955732321,-5.057805326897993
1.0,-6.975827690437395,-12.59215064385341,5.703379727333849,-1.6353759326932193,-2.0002916745256707,-0.4578218967722432,21.84600995341667,-1.2210230744845574,2.576022601989995,-0.6762078861066326
1.0,-6.8623264298041295,-17.575668025775556,8.618947214326186,-0.3197142431306586,-1.6628660629175223,-0.2892813509639457,28.270944551924853,-1.330699599584468,-0.38496539625855764,-2.2156408051699015
1.0,-6.539259982966403,-17.966657818263574,10.487434209121265,-0.4590027761000468,-1.6990137346862864,-0.6907013524973956,28.675567935684867,-0.35690299211710896,0.512308032053283,-1.724147857626675
0.0,-8.178421292968478,-14.20495603115929,-9.732459653969377,-0.5391992447498606,-2.7579713955101557,0.9119876100486964,23.37082739041834,-1.8468373031544119,-0.4724164397135405,-1.7008448908672547
0.0,-9.764548649327429,-11.163123612165522,-8.618920154062604,-1.4543676074842506,-1.9691056935897886,0.9768401169555998,17.732223651678435,-1.0812753253690968,1.6712434095252222,-0.13885364766603558
0.0,-14.2583134747013,-10.748892108593669,-10.631373606500837,-0.6510399541120009,-0.783409986387555,3.051335269723223,15.178666871404905,-1.5834549111419225,-2.3062676523945242,-4.454688024933441
1.0,-6.270734919559533,-18.553564748702296,9.453254457710843,-0.6993055851199173,0.2494602958711234,-0.23551094155679786,27.614908987392088,-0.4316583132286069,0.7484251572191559,-1.5645386446804217
1.0,-6.324801576910661,-15.495464027802434,7.989218643791569,-0.37819583600998813,-1.0007596530046892,0.13291241767214848,23.81060821235314,-0.015814482898724003,1.0968710529156096,-1.9713342212239533
0.0,-11.665100873298313,-11.209866528677944,-9.057415776006888,1.4974308304134056,-1.813220898452143,-0.9164772033234226,20.12742262334708,-1.0058192257972647,-4.374364865514776,-5.872088443378871
1.0,-5.492348055501103,-16.13137534457275,11.835898082508786,-0.4929165018517708,-1.5984274409964754,-1.3516782641009693,25.015317316020454,-0.20233915406660796,2.239475435388825,-2.7171393053034443
1.0,-4.521537134764469,-13.180487856748,6.938459383038752,-1.0993873102711562,-1.7690348158017908,-0.10195033442548708,21.48833875770592,-1.1827783322557153,2.051118583829923,-1.0831867493197287
1.0,-7.543185678492192,-17.193554981012326,11.607172406368017,-0.6717815112792793,-0.18810172234463007,-0.19821529560485873,25.198674758388005,-1.0252790687156137,0.5389939408337187,-3.321866854871057
0.0,-9.549928328217465,-9.479842009166857,-8.355195522603363,-1.293146103408099,-0.9835042717511123,0.6626287196727352,14.442858424864655,-0.30120254091132015,2.5727056665410664,-0.4485607796025428
0.0,-11.173476997855001,-11.863771390954854,-8.948970630830326,0.7203146149535107,-1.227590165687775,-2.0169487706674354,20.527229693539823,0.185805654672345,-0.5985095862442498,-3.640801878174183
0.0,-8.576944320444266,-10.831713869344046,-8.558195471184225,1.0129540576127432,-1.2276101352073645,-1.0972991941359593,17.847433756623875,2.0440923013236585,-2.7522798408862315,-4.198067367934572
0.0,-11.779153751793247,-11.051334537303733,-9.24771388391045,-1.0403524675500362,-1.6054468210367503,0.2681954243411788,19.23403359169359,1.1531589134847273,0.9353032050090111,-2.8923853104950643
0.0,-7.785190144755676,-12.747896599503568,-7.1625058418231875,0.0681073543010044,1.203059623251245,1.5099027409404617,16.648346509713544,-2.1300986968116606,-1.6107090575791891,-3.372253378954925
0.0,-12.348419521123843,-10.465891927325366,-9.106087276411394,-0.7767916215049202,-2.7005172528435777,1.5764345200282426,20.19825727338636,0.4578745665676365,1.3720560395050803,-3.2492319410638406
0.0,-10.87925824782653,-7.500804165575601,-8.073804060021436,-1.1063676236481335,0.9685781158175635,1.8791706630090377,7.925275550612532,-0.6508208621070044,0.764650506921025,-0.8937925577566641
1.0,-6.939399494726646,-14.613210205273207,8.375017583900545,1.065507009065736,-3.2305770797358377,0.02206013408688845,25.112165539166607,-0.6091350254674722,-3.1899793870044584,-6.3870383994251085
0.0,-10.308170105358178,-10.152974857062036,-7.63997441033352,-3.0766339050077445,-1.1587995471004953,5.868657411447167,12.723572646267604,-1.5698915063110017,1.3963367292052022,-1.1835038671773133
0.0,-8.38775102868053,-14.040809441967838,-7.938286126203059,-1.935105856686938,-2.918242061740221,1.2210399605110913,23.89112697475152,0.2682378581683247,3.382400613618466,1.3881017798681294
0.0,-4.540397162965277,-13.299095559334042,-5.929072933563885,-0.8534900239402061,-0.5127821651914322,2.2876242881598636,19.29498191837511,0.825534335471268,-0.0021215503428193005,-2.2985071995830753
0.0,-4.611833225152063,-12.521296350924644,-6.044102007887139,0.7868463651471289,-2.025073817088872,-2.7811600334085718,21.091710053759485,-1.272114942845191,-0.5003316215580922,-3.127872187679411
1.0,-5.603497756431696,-17.138946589410452,10.411859048819533,0.27479805223260984,-0.944962498600218,-3.0735411275573843,28.17484073947309,-0.29005277077548125,-0.3109691562513549,-3.2266084047820565
0.0,-13.726440038499211,-11.850125483412628,-11.439169985063153,0.13059532205260815,-1.5992932252772931,0.9968996888108204,21.360226360956236,-0.5135199028595225,-4.066403039724289,-4.3248352918623425
0.0,-4.190620017374761,-10.729940094380488,-5.200306782992421,-0.1845475043495855,-2.1147377028876972,0.6261568703377823,19.451557584906396,-1.0563709130589047,-0.9259466215916693,-3.117943727360143
1.0,-8.318228315145774,-19.192614201647388,10.428477947727922,0.6302399142549215,0.5883702123553405,-2.134501206308088,26.793938599728364,-0.4347177228508969,0.30701270521482815,-0.6976376360918042
0.0,-6.157625074671074,-11.155127241364683,-5.495150751719625,1.4447885384459986,0.74302454993239,0.21968939475527893,16.907485716066287,0.498328959340963,-5.530929158093619,-6.119600125465274
0.0,-7.91245225893634,-10.122259219387855,-5.651359876201835,-0.39658257234722255,-1.6053832249065432,1.2270054711141132,15.774820151652406,-0.8016007017279796,-3.3381683109216125,-5.494541448000706
0.0,-8.709858868063348,-11.730121357771045,-6.757535954408776,-0.07798520813548737,-1.211081504837207,2.1536921522522903,17.80264307042613,1.1129650885820195,-0.4906868268144118,-2.9532545506765766
0.0,-6.049921506594521,-11.386758233847393,-5.871260493845779,-0.4551368131332072,0.504428231065621,1.2287576499350494,16.82518519394186,-1.5795486385315232,-2.503863243261545,-4.693106684332018
1.0,-7.158914284889219,-18.479646412243486,10.656853613326032,1.2105056688496814,-0.9488092481967004,-1.4402930484432117,28.99618002944469,0.014975716904917724,-1.7014373618703442,-4.607737214767276
0.0,-11.641953594872712,-10.514961189422174,-8.150918576748593,0.2240543297564953,-1.1911126226074311,-1.3332039237553037,18.569701860669426,-0.7212441376912107,-0.411178255430774,-5.1923914047802
1.0,-5.9789303075652915,-20.186896608300682,11.285976927066752,0.408841418164402,1.199108361512231,-0.27234695348795845,28.310947224638813,-0.5034225851488653,-2.145702313787015,-5.4387288817691966
1.0,-7.4316632608041076,-18.50763497588881,9.746582900158801,0.45656245881584023,-0.7935654617709844,-0.9149590958568091,28.124257160734214,1.2497919925610743,-0.5374493560681735,-1.3780222004088025
0.0,-7.792298276443084,-10.686876982655425,-7.156821986183916,-2.717223230113346,0.08694284123856322,4.544847302271423,14.61500421951644,-3.118325583117059,2.035999271549468,-0.16890046649008483
0.0,-9.859325268654617,-12.501836171535722,-9.775775507789145,0.9141346231821728,-0.5346947131914922,-3.0619177842486582,18.823620314751928,1.1897967559168028,-1.200237469398171,-5.704093532068404
0.0,-8.263809350796596,-9.779940487639799,-5.959453838428364,-1.1288973245732492,0.15303476059260301,3.020267764902063,14.812749756007868,-0.48854256301533466,-2.0668591356191532,-4.662703672664603
1.0,-8.02265735873604,-16.81247544051115,10.415821787686005,0.0047600312276787765,-1.1522106430899768,-0.2182229633003123,25.777289764186936,0.12164806713481258,-0.7334942213344681,-2.6897514168581376
1.0,-6.341004061774876,-17.104348020211678,8.547142895718943,1.8277546061990555,-0.7164197534470992,-1.4444990685552948,25.96878075869238,-0.8072084518884466,-2.987321888118293,-4.981610763026709
1.0,-6.887197004831273,-12.95240031059147,7.055711611905568,-0.2358374069122941,-1.329358119270033,0.32217521032500784,21.02000522081504,-1.7966529401027576,-0.3701069610665776,-2.780136199474409
0.0,-4.434458996381377,-11.21290382966563,-5.7179538041475135,-0.7493605774307406,-1.2901004459802643,1.4964870565686172,16.538923778375526,-2.4257094650066557,-0.6069498650133971,-2.7295694819892806
1.0,-6.753521628808821,-16.929683754199484,9.733509776500732,-0.8887845399510651,-1.3493823881642977,-2.640257334355791,28.559554978958964,1.007889633160977,4.198801589774776,2.1399224356582813
1.0,-6.2898101230079835,-16.120634013002665,6.193624736636676,-0.001507232993618074,0.5996094133452015,-0.024020476938781676,25.00739860993607,-2.4391019451534577,-0.1806333843710033,-0.841058106253072
1.0,-5.148599080814152,-14.34232500419485,9.54213973171965,0.4970520936490316,-0.10731017769087203,-0.3227561291179405,19.446975523312034,-1.1003261502980024,-1.4274098954157748,-2.843600297719829
0.0,-9.583488949577875,-7.9144953391777015,-5.6686935919037,0.28602424894630984,-0.029647417275700194,-1.4648841653079734,11.514441534465966,0.8799550858767761,-0.42519004964140944,-5.564592872645102
0.0,-5.918024392422025,-11.704650156363305,-8.293174445431724,1.0989240208349367,-1.3314504515667902,-2.493847754979434,17.97599722522853,-2.138630735470242,-3.026016816748071,-6.417476176596935
0.0,-14.54444300662897,-8.349123735378534,-9.159673295680996,0.6836105996664513,-0.513245436559845,0.017203952362513708,12.323618258893,-1.2952128375942271,-3.247037887222615,-5.75314401188087
1.0,-8.063572356008008,-17.36963776926311,10.866982711476156,-0.034964018686905865,-1.6595939435933742,-0.8167768386503234,27.01269344640737,-2.213761892787776,-1.0862096563354946,-3.4143633312454407
0.0,-9.279502029387206,-12.819633082550244,-7.61630280546458,-0.4468760078121484,-1.489793044381099,1.0621153383530342,19.261094408703464,-0.3001396419903186,0.726282545605363,-1.286876319170287
0.0,-8.896431890483676,-9.60615909574851,-7.181665356180191,0.16963435089172685,-1.4206851567067014,1.0129543147968012,13.993092027439964,-0.011592058544953099,-1.5156017878801145,-4.705495703807731
0.0,-14.405640825988781,-11.068707658842536,-9.340256965929715,0.8346162755712307,0.4108192693120787,-1.1002302488404994,14.113780170064313,-1.7134533382068504,-2.441271928929356,-1.9362346915742452
0.0,-9.103709929721374,-10.046464500307293,-7.4188033367684705,0.2898337936423456,-2.1074529710450705,-0.30391394269440763,18.01551607061942,-1.2055293459518894,-1.3989265840837102,-5.611664463783802
0.0,-9.499188871742954,-10.251257345369552,-8.081802421141413,1.8948032218214435,-1.0494895742949872,-3.8676501025056798,19.15507157541163,1.2436541101667515,-2.4542041772362664,-5.411409714206618
0.0,-8.358126702996461,-11.980419041051174,-7.224431550376192,-1.2842362314711622,0.46151367270109445,2.550429246556972,17.361279490254475,-1.5510435340931847,-0.3663024465991213,-3.269607887637829
0.0,-5.462175061101725,-11.605601459878402,-7.576973894295314,-1.9966388007043627,-1.6953947410423476,2.148888997995073,18.18960852945825,-1.4191919025928903,1.8810981957819723,-1.5860068773520808
0.0,-14.848200042987424,-10.629417844054512,-10.492633720907566,0.6845410239664727,-3.6053427129519378,-1.1405977968805958,21.29633689851764,-0.21862051966118135,-1.1837822152351318,-1.7316646164847567
0.0,-10.46061977809246,-11.126695594396107,-7.83854657208697,2.0207888498754953,-0.09979190608357658,-0.842123315934308,14.472581153005518,0.575913117324708,-4.194046890858736,-5.674394626118469
0.0,-7.938149018706917,-9.029186331178263,-6.506582762393305,-0.005038446482339143,0.039693704523413365,-0.30548360163613575,12.69264128876116,-2.5874959546501497,-1.6930377994720045,-4.146034966668499
1.0,-5.715062826842506,-16.856054696574358,10.879536406157255,-0.6356694963485312,-0.39483494984678136,1.1083768564131662,23.23363249045233,-1.0336738626158175,-1.384115089228528,-3.927572361351196
0.0,-9.316854034694535,-10.730332653158563,-6.855830754597436,-0.46510611392628154,-2.029314982007199,0.9601795756023547,18.40984604206464,-0.3334396178716894,-0.2745559215913988,-2.566246405884667
0.0,-8.43355938626625,-8.616957775238685,-7.188771561647878,-0.987136675418152,-0.941109734786468,1.9249113067439447,13.20849050315633,0.17593292841286756,0.3089414163676134,-2.6116803694271415
1.0,-6.752733108881767,-20.120805363417173,12.513146065831208,-2.1596573625609934,-0.09879589870912997,0.7464082821415914,31.66711802079664,-0.5816530878752442,3.2665515942367276,-0.29921539281982884
0.0,-12.980347906479338,-7.270893759839533,-7.005945662672841,0.5088501391801994,-2.3962341065545365,1.1685559760730428,12.780799021084958,-0.518050239703501,-2.821284860669295,-5.370798361864031
1.0,-5.753864030339266,-17.37527576116193,10.123513211929957,1.8404337812172737,0.1960592537869572,-0.3029610950017302,26.618812711782276,-1.8568230484397208,-6.624770321234886,-7.462050620244395
1.0,-5.724062038558068,-14.884285721073496,9.521003759080916,-0.40948117682491364,-1.4278365909043798,-0.8169917237473641,21.97714006815039,0.2985783801036588,2.2500682865809347,-0.84973813654929
1.0,-5.5470371120952535,-15.546824605504831,9.706615219421085,1.7697400678625956,-0.5389443726553417,-0.4116240570280768,23.089360125452316,-0.14616473040920114,-4.183970522791834,-6.721988779895142
1.0,-6.040297777344176,-14.805350105638475,7.963988511073002,-0.7544357456450027,-1.278598084717993,-0.03257578857551216,23.145198637941203,-0.3720023139556721,-0.7782857380141757,-5.253191903959076
0.0,-13.685076966922022,-14.378257729119657,-9.691043861236123,-1.1215625348984974,-2.1599611658805435,3.9820732273094555,21.65246362388989,-0.5157603877975264,-3.36003130190745,-5.190624328077634
1.0,-4.806544366385798,-13.089102439480625,7.197265562145262,-0.4876833376755693,-3.2395518046924585,-0.43430250667864134,23.629404812577818,-0.6327053812384448,0.851579379504706,-0.7295107305040625
0.0,-11.61097122813281,-12.788432258249678,-9.281025649031395,-0.5897464501399767,-1.2264333130982714,1.5063073347796343,18.451690854566703,-0.18544164031623317,-0.7162474602020634,-4.288487156820784
0.0,-16.597078275355486,-15.373943519217669,-12.948768505112024,-2.371627516532871,-2.582250789972653,3.4886634528443325,23.348079305163168,-0.562861961665925,2.560376713441008,1.0248940931919979
0.0,-12.10013137157612,-12.607063636876303,-9.895183723929538,0.8060706674335323,-1.1249470666284944,-1.7023013802506841,19.952897968860633,-1.684742707217354,-0.384795698251426,-1.0585613886560858
1.0,-5.6906750330274,-15.489394026456043,9.892908138037786,-0.1356820882084862,0.18610937006776163,0.6021187284392204,21.832732520508124,-0.5147237714478102,-1.0956462041819355,-2.9546279518565246
0.0,-4.815535177107146,-8.57366346792898,-5.037403612284331,1.1693250917293612,-2.687742456619575,-2.559557192609576,17.78317054882045,-0.6931015755185436,-2.231362938730665,-3.9149423873490306
1.0,-6.715210891068506,-15.004876357886701,6.279886927902414,-0.2878885663428026,-1.8697734322575714,-1.6816146413133908,24.72375108394521,-1.6133287782597545,1.7263649387978468,-1.5947760700985398
1.0,-5.224706082931256,-13.497443497695226,9.805704214901494,0.3158667296106311,-1.9575558128974224,-0.7563709248902935,24.059698820475226,-1.0187746120405523,-1.6874938347928132,-3.2351236810733104
0.0,-12.430482169009343,-11.777209118280929,-9.390333278312196,-0.848539468793287,-2.075347010001958,1.1341070626611978,21.286817973353976,-0.22404895289957832,0.87343980833891,-1.2160444678882454
0.0,-16.070730376741473,-8.968662487112649,-9.24662977769599,-2.2246399429869608,-1.4787214320571063,4.244767019505931,14.53524061636089,-1.324652375584758,0.2194532287564408,-4.834810672699673
1.0,-5.266190545593716,-14.161871758298936,7.253507320389973,-0.8812297670716518,-0.20907292471077954,-0.03905041376300049,20.14446913030537,-2.065515955938952,0.5907174137171076,-2.3422500789962912
0.0,-11.988920947321695,-15.120028483243445,-10.345176065481573,-0.7046864527824739,-0.6528719824622515,1.6350366189712309,24.451535152905393,-0.9953806287571949,1.2258009674894226,-2.0464921619439993
0.0,-14.506527564665298,-8.724713635358956,-7.631854324079863,-0.6118766903707686,-0.04080829576235434,0.4071275062153411,12.90484560441657,-1.3122180577170535,-1.0107863026196546,-3.578755591389535
1.0,-6.655838880869632,-18.318752967192452,11.036705848027394,-1.4841345326225885,-0.41035759090713875,0.6655734838501095,27.658928358226525,-0.09877766297511537,1.3591287261573168,-3.5499356017369035
0.0,-7.345784215121505,-13.186155024977944,-9.172489355040895,-0.7081787886274706,-2.0521420980220304,1.6602089216938283,20.811932068712185,-0.7562509840341497,-1.3802697877440835,-6.199495989876251
0.0,-13.218182731068703,-13.075479380465891,-10.133170813599252,-2.1632451978323486,0.17933309875947945,1.8729144098219563,18.411551412975903,-0.06467243520343291,2.6406003441975803,-1.0564558709261924
0.0,-15.91133775521077,-12.285682621390949,-10.625516632880725,1.8900988122067917,-0.9587811250440812,-2.3806793969800797,21.416218487572387,-1.486176070256032,-3.494045292101206,-4.6503024425781625
0.0,-6.246344008951039,-10.996800788271345,-6.020110257786285,-0.9642855185408933,-1.115632684603616,1.9195171076839688,16.871907135835745,0.4128071149936292,0.14403277550796262,-2.22315710792057
0.0,-13.544568824287296,-15.397926158246225,-10.24434017127368,1.6667298490357714,0.2338661698203539,-3.7747791861915454,23.392544057975467,-1.032330822564503,-2.8141102958474646,-3.9864337431294565
0.0,-11.134634121577497,-12.329829583712515,-9.753018676611099,0.20395734561294748,-0.766353821551075,-1.0619763889272626,20.586288035247136,-1.6369043759714885,-1.4329075980907557,-4.383974805891701
0.0,-17.860211580498692,-10.37878463870095,-11.322608230371763,0.12327550553074418,-0.32739437784379133,0.3724363676484651,13.973331058333919,0.46331792915618336,-1.2264994490957986,-3.4794201790954045
0.0,-9.215472647151037,-10.040379942433006,-9.28754224508124,0.005774736147837467,-0.8869214894597813,-0.4783001901762741,14.49886976530631,-0.7785911914495275,-0.7366873532871958,-1.6889988675838237
1.0,-6.282081376144391,-18.5300054975798,11.02548942385438,0.3866846022717949,-1.4554583130372027,-1.3296456099800578,29.205354715972867,-0.2921558452905101,-0.5382456776684263,-1.2060942431945572
0.0,-8.713824281632533,-9.999519542380892,-7.511077307406831,0.2125492254370927,-1.550172212303234,-1.143794252354261,15.931644515488724,-0.742686722898898,-0.3830409085711604,-5.408125834901484
0.0,-11.1510826974481,-10.801990024090484,-7.458880100839004,0.3472140315939418,-1.2571579605141612,1.2868819513826988,18.115804859326122,0.2856261216124505,-4.810790062118863,-7.598436154971141
0.0,-13.574199044061091,-8.028540732898133,-9.063581578515116,-2.7128667666976187,-0.23764251855397367,4.401460219766427,10.15743703082059,0.370401907073442,2.7899036611231924,0.5992269655198627
0.0,-12.286110999493,-14.13109422379793,-8.103311261289068,1.2930535053830747,-0.30999440919181465,-0.331998936625578,22.267032021524862,-0.40548225059817367,-3.777463004905243,-7.233905916486725
1.0,-5.342991549794982,-16.47976565419609,9.82229576391424,0.1651557423815066,-2.679807812222342,-0.3280148246197148,27.154780665214126,-0.3884517036430512,-0.5823052116725522,-1.708699240596372
0.0,-8.554987058663277,-12.045071388896996,-7.247948303378505,-1.2369547194449062,0.09185771050681013,0.7060783604744056,16.89816900759198,-2.285666960669457,1.1012318656590079,-1.2211071406994072
1.0,-6.879844033656275,-18.83676174977923,10.172821976519225,0.3014818924570829,-1.6692279343492453,-0.8664279013310006,30.961827050398984,-1.1632840051389128,-1.3409648990291492,-3.4732859978599397
0.0,-11.065038656992431,-10.221029849194574,-7.681484661795734,-0.8780135184718015,-1.3641055029043079,0.9682839447081896,16.270929992168693,-3.0747844068059598,0.7477125982311758,-0.028633940555075732
1.0,-6.901432338863424,-18.225317397134546,10.173560283555197,1.1870506191308012,0.48982745253456295,-1.1196255356843108,27.292099638719797,-1.0433409954931663,-1.0927348456622326,-4.300432929811429
0.0,-11.060043033157044,-9.78856158607393,-7.272167079046758,-1.941159107170063,1.4743734619114195,3.2569753941016506,10.261575406683576,-1.6432870097216714,1.1238811272826925,-3.2969299452301266
0.0,-8.210028313544033,-11.836595976483617,-8.038259272647386,-0.8959317205648427,-1.806066860098071,1.0562615266357227,17.578585639479996,1.1947621199338965,1.5392710392672992,-0.9099622015043158
1.0,-4.896470159819559,-17.81145826923658,10.489166343592577,-0.5745322542957335,-1.4272744662684638,1.114680332202551,28.441644196358915,-2.2786289155481962,-3.5824022349366667,-7.054844417584317
1.0,-5.360149903329712,-17.16728715949696,8.882864446545746,-0.13718510243018883,-1.2590872157527067,2.688028492111111,26.73007086174401,0.7461397646422266,-0.6211964958970138,-2.999780247749381
0.0,-0.5067484182153361,-10.5559379344437,-4.663767985052564,-0.053814063544632335,-0.1785988233902116,0.08974493422525442,15.929327333845198,-1.3163987021750705,-4.480114887507339,-5.299073590379006
1.0,-7.389859770619939,-15.062494561463458,7.941578062213232,0.7423407718440933,0.43297425097873066,-1.4490324940044312,22.18811903409462,-0.39594120795872845,-0.36760663147543915,-2.1953631470701613
0.0,-9.380061951365468,-9.576184517460426,-8.601302532544029,-0.5703038453628602,-0.08143237066254594,1.755653840778327,14.425571627642379,-0.5565893231587047,0.42251159863444165,-3.3517958662199137
0.0,-16.1337830535281,-11.034927643890544,-11.510659207964208,-1.9196967382549384,-1.6059271197050178,2.887006483087824,18.25049773488466,-0.4979850401871322,1.6349798297340388,-1.3805520379065885
1.0,-5.323555005523169,-15.48055528823508,10.71775791047342,-0.1342773533201577,-0.20062286529411866,0.08909424411379901,22.54907913563863,-1.669290701370298,-1.1369248289063634,-2.3650207102808647
0.0,-15.59118322575896,-9.659720127197147,-10.662676170061948,1.2557366083241956,-2.1517513143772016,-3.180983049987552,17.3419989409991,0.9584300471899215,-0.9531076760275217,-3.294106932445442
0.0,-14.439820786551728,-8.478638062603519,-8.947765459549485,0.39202479978405846,-1.4257293804646012,0.02945365366135158,15.187091900932359,0.6984012283843366,-1.3171881086496404,-1.2001843962459025
1.0,-6.525036584878558,-13.817638153683607,7.306137658047329,0.33201602378021544,-0.6598736334454234,0.1382844047674393,19.280039368784163,-0.6082414180501743,-1.0920928023168517,-2.315813968755744
0.0,-14.562312273561277,-8.65481689299952,-9.22354497004551,-0.17465300152583046,-0.49109119211833296,2.082089628738675,10.508437180763908,-1.3180105682718362,-1.3289837244551432,-2.8349235481781196
0.0,-15.565007480693222,-9.161792546138921,-9.016617839259256,-1.1140968586297022,-0.6023680470253938,2.7818777335541,13.316520370823598,2.0983163843636503,-2.094060084310312,-5.241974353388823
0.0,-13.116702618348583,-10.061687765596437,-7.873700110265059,1.012389298522898,-1.307955160268919,0.3347607973315021,17.387856622272515,0.19436214695292642,-1.1778460783305587,-2.8847087393085666
0.0,-7.461489792137407,-11.564198164664612,-7.044982253187922,-2.4318912562842803,0.5132800528065826,4.006979331863423,13.825181137816905,-1.7095882250626442,0.9267139366655597,-4.252904024527508
1.0,-5.949903698216512,-16.72873444009013,9.825762670508578,-0.22156277406041242,-2.1091132730549025,-1.9077451978689712,28.126603516871167,-0.7876279896929779,0.09059738529250394,-2.3927759619219806
0.0,-13.625226831451911,-12.818068481607918,-10.852601350611026,0.09398600320059852,0.300061314647758,-1.3476625775641053,17.49694231623449,0.23994183543176584,-0.5757111830351649,-0.914902492556513
0.0,-16.168421072271666,-11.630011934637519,-10.054773399161132,-1.126379150285536,-0.9994841341287591,2.9057237148246218,19.938739399388087,-1.0489966268151651,0.3651819409804048,-1.0633974749466792
1.0,-5.8942126194546125,-15.322408186153549,9.439551616486302,1.7065310702342884,-1.041205191142731,0.2623884558515206,24.60143082232227,-1.5264507600710766,-5.784851223401313,-7.333030305001067
1.0,-6.042878400353149,-15.403352401388432,8.36724317171311,0.8544483179056397,-2.3769800496355247,-1.5748458025803076,25.911083001123654,-0.04404630679849236,-2.101331427949525,-4.228075681524748
1.0,-5.76772982150708,-21.149751199257327,14.693730669181676,1.3905307135256413,-2.6838645040940907,-1.1040650771681129,34.27207568754626,0.4733635125173077,-2.2799065546815878,-5.019953276337031
0.0,-10.242362039041499,-12.967604006745955,-8.589656647202801,-1.2285346006052724,-1.6954697610187184,1.5301393724539238,20.489893666019594,-0.35916357724448994,0.34048374747431925,-3.057597296146586
1.0,-6.477635676265905,-19.42101481967424,12.531413111811366,-0.48245969517174525,-0.6080420008647746,-1.118999328466403,28.96119173687274,-1.4392149381911414,0.9613742751601755,-1.912840733205341
0.0,-9.668981866685435,-9.722692121655646,-8.37773284279413,-1.0226454382751555,-2.641291853605818,2.3798695515903816,18.009785370219095,-1.7575094382702223,-0.6597595374786842,-4.221081989042036
0.0,-18.622848856873077,-10.710980412921508,-10.269803973212298,-1.3805723749059235,-1.09166928002464,2.6382807648362063,17.32576256738266,-1.739125160623742,0.8359924703194548,-2.030192417149576
0.0,-9.154371603015358,-12.194057025406682,-7.495717900749729,-0.8723127107747919,-1.8738389146054768,1.5854948301085623,20.946478575383708,-0.8022046024671212,1.3283459238144506,-2.5327869574802913
1.0,-5.4630808341481965,-13.687890822569042,10.17016519011871,1.6246939527852897,-2.4343243255885803,-2.5222549849219753,23.51949121158065,-1.0827308512606324,-4.115433202995133,-4.199649276007726
0.0,-8.733216217822578,-13.316747143534382,-8.353919776176301,1.142669772083012,-1.4437079879897738,-1.0973461961149302,21.491069205595313,-3.135557561012706,-3.8703705635511603,-5.88986545845751
0.0,-9.321420161699043,-13.680310152208342,-7.6425102725277165,1.6546364629299963,-1.9681659251749375,-0.7227288258166222,23.50448976018793,-0.5613430793314056,-5.00904821002219,-7.871080285796395
0.0,-6.733934953584967,-11.425151062846066,-6.985888053607249,0.67202690536015,-2.0605199666260665,-1.6613786166976003,19.831325516661575,-0.7379687598063622,-0.04415344092214646,-1.7508653034803663
1.0,-5.809706618154662,-14.22284886687584,5.259002547648101,-0.027685884213418277,-1.1693745407646352,0.11898191827973525,21.31078244346985,0.08243888317133918,-0.1885457547782612,-2.728796856777422
0.0,-8.365816113999216,-10.997412095634118,-7.1901940740900745,0.42153517507278454,1.2023409397747626,0.1784294573181106,15.154589080605321,-2.5798205119820476,-2.903059097337868,-4.437046142050097
1.0,-6.509014338640348,-18.18388330685165,10.447244787792556,-0.31320638183684946,-3.39802999146355,-0.6129281523537644,30.66749969196824,2.3802221733729456,0.9439616679906544,-1.815482133120227
1.0,-6.749423220231977,-19.25088099570383,11.05630330354166,-0.3395317715255404,-2.148981232079125,-2.046791065397519,33.37774642833203,-0.20166655238606862,2.7356738846122255,-1.260382491636332
0.0,-12.812741987111028,-13.540474516313173,-11.425110608965625,-0.13803739275387278,-1.0879089095985999,0.272236646085164,21.250531039475465,2.1153533429847475,0.6784403415574495,-2.2104722214959214
1.0,-6.741218708770982,-19.805651034635396,12.05831727733895,1.2448079308847317,0.004511020883186889,-1.565363875759342,30.646167680919834,1.4271279083019772,-1.4209845628006006,-3.643310747797631
0.0,-11.026594480423539,-10.064477833453992,-8.81721917942774,-0.7060789639065992,-0.8515306198800046,4.188322153302311,13.791403056479599,-0.3095294237500835,-1.6870554715828374,-4.3004476837140455
0.0,-15.482683535621167,-10.110296974369165,-11.105788715361012,0.5356980068448646,-1.1114666867975993,-0.49533143682917613,14.72089902885557,-0.8070435953406077,-1.4030081366977614,-2.626525540128509
0.0,-13.78501155401686,-8.335860056699733,-8.255133740566018,1.5899417455592215,-0.234407478420813,-3.1317027804757043,15.077985553315912,-1.7209051769664985,-2.3029595851413824,-5.358081715916176
0.0,-7.979222243738217,-9.456547145686098,-7.3401719402393795,1.8394435405900702,-1.170112817596721,-2.405573865391886,16.92310682659983,-0.36071778390279285,-5.037772242544682,-5.689503897944047
0.0,-12.431211903615619,-10.468109766975783,-9.824620139817572,0.44688029716705113,-2.762799094801472,0.37367740269244604,19.022797614078712,0.24727502532129686,-0.9736934094987202,-4.295583372347843
0.0,-9.938957004260923,-15.18979487602321,-8.536087669719262,0.07451204243511694,-0.03739892426232916,0.14891312553431865,23.381922213186424,0.07848200037294945,-0.3886848332988625,-2.875921831507043
0.0,-8.571565477679515,-13.056584359189412,-7.804231387305799,1.2065184580112194,-1.1233784727038192,-0.7176039529569818,19.45829612378261,-0.22980530951664016,-3.606373597596407,-4.849234544630645
0.0,-7.524150029147731,-10.494324643618917,-8.379056850434239,0.5025389019251494,-1.0259042473027926,0.005239034665356246,15.71857054017424,-0.07051597973423068,0.20486958678796552,-3.7130509239768963
0.0,-9.141856684170731,-13.400126434694375,-9.668757703258713,-1.182027427933867,-0.8961068743673435,1.3362369487109111,19.482148361233158,-2.340893118682922,-0.24806233653067988,-1.994724673281074
1.0,-6.616486412973758,-19.04524138093627,12.75391487011788,2.058835300073764,-0.9548233087081446,0.04960586178853643,27.328481516791356,0.21697852870893652,-6.950728573200065,-7.7413254043162745
1.0,-7.12427165411542,-15.98855963894429,8.347733091151929,0.41820661698434936,-2.4208693705366695,-1.6448229678397912,27.064849536474227,0.5367552689942724,-0.963662357318089,-4.142978487884806
1.0,-5.6375691690617815,-16.779835187840998,9.23003425041735,-2.9971153145909253,-0.5863061038083666,0.7997954038463473,24.857092179939965,-1.704173132625601,3.860486644663264,1.3388732363297047
1.0,-5.545578126362836,-18.82554672833338,11.685702381837611,-1.1167985811661043,0.7675644026562307,-0.15289941668600074,25.538651035653352,1.1204421696378373,3.2684307753826753,-0.557388389140649
1.0,-7.1375104094355,-16.600678561013066,10.076338127867022,1.3296956160269,-0.5744474409433563,-1.4623119511222091,26.80644279331453,1.030025691270109,-3.468940889637447,-4.653168895654822
0.0,-16.529550045865186,-9.47856351474598,-10.584710390338419,-0.5014579999780553,-1.1915150755876331,-0.0038022428075783488,15.106799875609092,-0.7849829424771649,2.2147148685201055,-1.1135726191954858
1.0,-6.412068417326222,-14.130264985128413,7.864414168811275,-0.8217653481654966,-0.8841655186628863,-2.0795945409086745,21.486381717190866,-0.42957440753135234,2.8704551402819822,0.5085139399933152
0.0,-12.777337386957495,-13.55580645199706,-8.690653625451603,0.21227329456297167,-1.2816498731418735,-0.10309387716973284,21.94984191578663,1.596265559452047,-0.48414506729843965,-1.597877261237285
0.0,-9.28970639859993,-12.0948978664447,-6.15090801297955,-0.8584818219311116,-0.2217139595258637,2.3583153443519334,16.081103742578534,-0.22049910246615362,0.35254445335070983,-2.7590575106755697
0.0,-8.818443921694787,-10.521436508992476,-7.533305204110623,-0.14511246075830853,-1.0835142913803788,2.0827744339455596,14.512106873242443,-2.0767929207652736,-2.5570496934475058,-4.304279340149895
1.0,-6.2787390067112625,-15.769204953311702,10.170558079493846,1.9422166277044328,-2.187443275943723,-2.7179729105175117,27.49942203760412,-0.453991746702185,-3.955592255734356,-5.954822328294721
0.0,-9.385076210381452,-9.185980203771123,-6.889688485597589,-2.091548819382161,-1.4870141559036567,3.9433254317665725,14.258713236448862,-1.6051747170104225,-0.2477180495021568,-2.7784242844517366
1.0,-7.224219305287595,-12.873938082035108,6.618352295469169,-0.35741314186702067,-2.2493484131510497,-0.7257976553748785,21.569764550309543,-1.7339252424174794,-0.4147638468882878,-2.739690207948183
1.0,-6.110344235143155,-18.357460280932425,8.500584831493343,0.7157143346183119,-0.8917930106308491,-1.3172707014784828,28.514201532313958,2.668949843782655,1.283075397025773,-1.434007244280371
0.0,-10.024966378326454,-10.571958563809408,-9.208885778258853,-1.9920238410533677,-0.5379219840983644,4.2090894366634,14.014319730109445,0.21583407684314737,1.800253476936159,-0.8299052057843536
1.0,-5.946809237557623,-15.978022372934186,10.491319281847032,-1.1037711839049151,-1.5459383602255596,-1.0265834591665446,25.32089582937859,-1.094277052269967,0.4576577789228622,-2.4691523066382017
1.0,-5.156722519293014,-16.020203306964998,8.942804221205982,0.172238125847861,-1.583034991721067,0.7409543473117168,25.583179020170718,0.36131488237825216,-1.4335846958096958,-1.8074784858746042
0.0,-11.852282032263147,-8.892758177054755,-8.955344723094582,-0.7169628684137774,0.3860127677223337,2.3725472928589073,10.278734684267668,-0.2173507562707136,-0.20007648276073287,-3.468675829727646
1.0,-7.1392948370698335,-15.82323765091333,8.992366654694045,-1.006582314241035,-3.137658977808248,0.7937996831204779,25.70574954772686,-0.12207267447131126,0.23094866509079215,-3.959274948017467
1.0,-6.877496935174133,-15.156540306141764,8.306379770024078,0.60456256348027,0.3247156399604929,0.37772945217893394,21.596997668054335,0.6668143846679595,-1.4569491885307704,-4.252706220141919
1.0,-6.098292344508659,-11.968766755069161,7.845982057800157,0.3315429024393686,-0.2839789502759297,0.892010795599044,17.706445523102516,2.480846814314984,0.6578784402012579,0.2866072527734178
1.0,-6.848562655567683,-17.5644526271286,10.17993598249421,-0.12666627784494744,-0.046878460672173716,1.4768357344442768,25.86559842029054,0.028553493144490183,-1.7341720865236603,-2.9418591385641566
0.0,-7.273919359169772,-12.07408449072105,-7.463943265002141,0.59256360927243,-1.1776476425289422,1.4749100013286514,18.865407428738987,-1.1226568049301004,-2.155648436173915,-4.437844505497129
0.0,-8.806972693042294,-9.19164370593067,-6.38195139136108,-2.6403723528842233,-1.7353205687763142,2.492218363028936,15.440491786740887,-0.825600606483874,3.59464514055377,-0.07922458262324639
1.0,-8.141074111377888,-17.824497285203314,9.043825819541835,-2.646898860341613,-1.9542837198217329,-0.7158317537847201,29.176481378002123,-1.1359927743614868,5.526038343879996,1.7631588532938827
0.0,-11.782976715647454,-13.13090792031329,-10.348458008848151,0.02970043297269853,-1.4383409637452065,-0.35898795102043757,22.290735121140766,-2.142679205172653,-0.9656822608431581,-4.6531237344466
0.0,-6.023333589586786,-14.119393566739758,-5.2090766958257015,0.10423252704663302,-0.2013693947947628,2.1650083934897286,22.37304012029109,0.9679279939543294,-3.3991760872307855,-6.541595660291877
1.0,-6.671816110564441,-17.925025080765455,11.801289513323137,0.658555701861942,0.7147084614673873,-1.0733408848272135,25.948773193953077,-1.4978032942237451,-3.6154340521265653,-6.079480751761197
1.0,-6.101809288396567,-14.694816343326544,8.401993855806234,-0.7697583844352731,-1.2343143257807407,-0.32811357927603446,23.15306614151224,-1.2035246737020557,0.8296317567461297,-1.9614822879800327
1.0,-7.439146089673356,-17.774473615157323,9.940801461070468,1.374442318281418,-1.6076105438685757,-2.131106291371389,29.513015268603834,-0.7801114936761373,-4.8197414120873585,-7.624783712519701
0.0,-11.024230970693761,-9.594552074549334,-7.668629943099056,0.2625677936178866,-1.881965170850973,0.2069230079830467,13.45193136227236,-2.6466236017043334,-1.6414946779582689,-4.3070615833739545
0.0,-6.812555150269436,-11.482924718603307,-6.090351535789127,2.024140085829658,-2.827257959259031,-4.486708911795512,22.14695894274628,-1.75930710958795,-3.586180522671794,-4.924966652326984
0.0,-16.012678806558917,-12.0409934452638,-11.48571656288241,-0.3144680141110817,-2.1533179108364333,-0.0686579686482428,21.114582158563913,1.086108484481,0.7920107023650494,-1.1594347368590852
0.0,-5.888946451130815,-10.52170453511982,-3.8818349560369274,-0.4205512372753091,-0.5605866616544932,2.165698840869503,15.856894815503974,0.2946725801761092,-3.214946441140649,-6.408165452475306
1.0,-6.465309201677772,-13.071678058807427,6.0081979797518645,-1.9690873167629066,-1.3943330087434003,-0.2961074005789795,20.352006963750323,-0.3239502903865478,4.74960019835374,0.08659356333153445
0.0,-16.478413218689386,-11.194348437257814,-10.347915443646677,-1.3591870365625287,-0.718741678674755,3.5385800232643354,15.846368188316058,-1.5365921281929336,-0.02278314549651994,-1.4805635016642387
0.0,-9.161731064354026,-12.308018920912211,-9.04436910488229,0.40004959505537796,-0.12673102660588764,-1.1356597889656255,19.731731211688306,1.2433338394390931,-0.0894458626013887,-1.1050743239499128
1.0,-6.467635705866242,-17.4829516377459,9.212260035185773,1.4018727443727668,-0.7847614122805179,-0.07696256758456055,26.426407700160773,-0.21970266008381997,-4.782867895526029,-4.749495337761547
1.0,-7.361155453792474,-16.9767843727143,8.004364953755386,-0.5344705306437354,1.0603267375335432,1.0020888837519153,22.97760332909883,-2.1404545004004087,-0.35796041456566874,-3.551420759219529
0.0,-11.536718036070688,-8.990206899131332,-7.99329626788457,-0.6983757826631318,0.3693842334271815,0.5303018002635063,11.211228412053142,0.5891971302901687,0.13351975658530035,-0.7136715751395726
0.0,-14.16761091032095,-10.4747086761577,-8.70353055928435,1.6044231685000416,0.596636482149886,-2.615173838352361,16.742429959773236,-0.2317199366425598,-0.4809030425861702,-4.553921139275856
1.0,-6.6649230793811265,-21.7586090117424,13.382720406352155,0.1328002301535426,-1.5183470401959323,-1.5989160834176914,34.627999560671654,-1.106086416301317,-1.0834849402939692,-4.962462071790455
0.0,-13.995636922384968,-12.756776177615551,-10.62249190838981,1.4123696076527636,-0.7378340966771121,-1.5890091219298537,21.783113234312662,1.0634879036367404,-3.863502435574159,-6.791469024318531
0.0,-2.9705779555699925,-10.044459513944025,-6.395131221397044,-2.362574697773993,-0.018749760453203423,3.7460879920927925,12.542201439005542,-0.8893562561040621,1.176001519026479,-2.3916204692053062
1.0,-5.405368609138132,-17.864192032142984,10.917649809965674,-0.962842947623873,-0.38155015921038604,0.022541400859085264,25.76694628797506,0.31963142455990734,1.6247229293675634,-0.6559364586155642
1.0,-5.686038216721905,-18.26328549900405,9.516424870891832,-0.5384995411394178,0.4609049444536515,1.045024225187991,26.10688351144024,-1.440944770055869,-1.5391567951419252,-3.1490559508200673
1.0,-5.988095964803992,-16.271993489121964,9.24485941377848,-1.5090760137336838,-0.9377800571100018,2.59277811459018,23.487265909112367,-0.09893194312776965,-0.052622623007648306,-2.638165675536184
0.0,-13.526753248816428,-12.95211352720548,-10.309540641373493,-1.0622082126670724,-0.7087950436222819,1.389161534553932,20.129297249094765,0.659519403381998,1.025413375264824,-4.708280328531433
0.0,-7.949943649234507,-11.745802443395265,-6.4778130979235,0.48413783057832793,0.12835839088286716,-0.1044037464504457,16.86767188082738,0.015240111381444654,-0.4005775066462465,-3.5425160808931855
0.0,-17.626806751886242,-10.546204840042863,-11.29763861045846,-1.3191073077376179,-0.32672012699429875,2.62357975325832,13.703048968638058,-2.699284433786326,-0.35908451256084317,-2.1084514038163995
1.0,-6.507896346255692,-21.121616999414133,13.726528811456383,0.5816626521003234,-0.24948015144803914,0.06723773380035913,32.03314547731028,-2.333986175549682,-2.9382373654755076,-4.893482448466582
0.0,-14.4279463028012,-11.913636204743204,-8.180730527619476,-0.7844335006643222,-2.7590859691062413,0.3911224731073797,20.58346713245338,-1.6054463005122153,-0.6385679836361216,-0.5790140195807414
1.0,-6.5130254602138145,-15.381076420050595,8.511894250395912,-1.4027437794480186,-0.35275323990984697,-0.003352445495334422,19.06475957251171,-0.07633320043331093,1.3758893672384505,-2.550950047754828
1.0,-4.352956919843855,-17.66876171625976,9.804679041773142,-2.3704469970685422,-0.8436027888113056,-0.8274293718058958,26.33392015044487,-0.5724747068792572,5.32375011229811,2.2468543435726964
0.0,-11.11568161232119,-12.164987273809931,-8.512693694038575,-2.2092971290256402,1.1143539816485128,6.0165302689715965,12.143780450637436,-3.8910155997781763,-1.9139090924181326,-3.912942472428355
0.0,-13.705560927682477,-10.461954806045554,-10.747690252196666,-1.3281581151816324,-1.5607340779061785,4.360990451405691,15.193766550029144,-1.187135635909106,-0.31802054941207913,-4.236517384887533
0.0,-8.390527001372407,-10.539277434160187,-7.407486448264841,0.42927223640915346,-1.2055799780466911,-0.5586053565467679,16.368031924010772,-0.9823032362834827,-0.17839986917723794,-2.3295707685315246
1.0,-6.308265020602716,-17.214315639848863,10.685112173984693,2.117464787435067,-1.3828791706425148,-2.922836458443472,29.100886806060153,-1.8087761808712777,-4.787347553196881,-8.127628636321258
0.0,-8.618011161590708,-10.899455546099796,-6.290895030927949,0.37172731499311107,-0.156340564079545,-1.7392920741597613,17.814391845640156,0.2861357049574385,-0.5698029784814003,-3.316086766965605
1.0,-6.266127579603385,-14.051445252040002,6.776640570369565,-0.56226551946008,-0.7401352655223785,0.8087488432250598,22.678942479401147,-0.6176685715055379,-0.44590254447523686,-4.124171602962407
0.0,-9.385524337247144,-11.479114536146053,-8.950007622426321,1.5247663117850423,-0.34413788614648255,-1.5244780650664143,17.38249934249867,-1.9035066289991593,-4.617895630497138,-6.171687099470349
0.0,-6.97624557741891,-8.951428730606006,-6.374801650625455,1.4496970804828422,-0.38723648453004056,-1.3222379913517481,11.927768652329632,-0.1659553204732684,-3.1309339430612493,-4.670966402607132
1.0,-6.347693419666878,-16.323121250352187,11.108585898469984,2.411824211564756,0.0316641055640392,-0.212322090038769,24.556500957789567,-1.7528340890666723,-5.7481136116684945,-6.489820410110415
0.0,-7.133249509945211,-11.791769927590405,-8.196631853544158,-0.9754820940402469,-1.8268700472916266,-1.359247890111521,18.3945798197649,-1.5457306678325011,3.1177348973343433,-0.6037173270966969
0.0,-9.785914528388385,-10.125143766688206,-8.71431078040606,-0.5488636331732949,-2.1497597760978318,1.738759676163157,17.59811898715634,-1.4158965450969485,-1.6898124594348705,-3.1948315601087254
1.0,-5.873019184485997,-17.954915186624,12.01705186177005,0.9100907754007111,-1.311792605581808,0.5717698808796198,30.801722389382284,-2.0832814195603984,-2.1097063791075494,-4.254052543185972
0.0,-15.240060728770548,-11.106461477074891,-9.207210242175448,0.3344623349067487,-2.2373772789582964,-0.40014389469985606,19.341459833145542,0.6818259951166694,-0.48948836215752545,-3.1717007379598607
1.0,-6.635300549677178,-18.848181896497827,13.170763451793402,-1.9270981785075783,-0.9424549471645464,-0.1852796784325368,27.952315503310004,-2.0517165352311397,2.231810041501972,-1.462504792001862
0.0,-13.94784734485668,-11.227001413241098,-11.031574738523492,0.022136347699844683,-1.1429857710215454,2.05210362171614,17.46820566040973,-1.3987780523753046,-2.085533533107785,-5.852845342016082
0.0,-9.439108801676213,-12.751126437814289,-8.24777786930218,-1.9676000684038515,-0.36854066900809945,2.81701991280513,16.0783523533438,0.03460895006457332,0.22141242564143337,-1.233685678682901
0.0,-9.371612081255975,-13.036267307659195,-8.58092069971831,1.0381100321317003,-2.027958514673971,0.03581206407339543,21.057920018112487,-0.0821085103450207,-2.873364602666429,-5.952833077511305
0.0,-10.330165685248357,-13.88454871653041,-8.078448786335255,-0.7133849465055035,-0.5466723504404946,0.8956199423241611,19.03638362696289,-3.4117439679323325,-2.6064762979234763,-2.5077730188775793
1.0,-5.104564953454352,-17.235611650404422,9.83157174768495,-0.11649623194607922,-2.068646009331561,0.9290008108595258,27.941745944793183,-0.7059988188051962,-1.9496262064352854,-3.2229701589087743
1.0,-5.858629776046923,-16.53815412652834,7.703253905641634,-1.7277637242825306,0.06768461121625058,-0.31305973031071094,21.678219859267415,0.37030835014376007,2.6089704940295495,-0.8854621572692838
0.0,-13.58145094306569,-8.413351062010975,-8.439801086173686,-1.2729692190335795,-1.3649161195210682,3.4092504186041435,11.829464436044333,-0.6025523933955582,-2.280336456062776,-4.38748931242145
0.0,-13.984957404634207,-11.05464823335064,-9.834997422776373,-0.19837355898322165,0.47825614263962235,1.4165161935765669,12.581183891932373,-2.003704196685932,-0.9766299574758578,-4.318365504067117
0.0,-9.01555895198482,-14.993744359412746,-6.790482343074108,-0.9826975398437754,-1.9412101363991425,2.2000321624305714,21.74361383523157,-2.09696684272209,-0.5694989844852083,-2.879719750408759
0.0,-5.472141661646453,-13.176514866690264,-6.035142162478252,0.48846322706901546,-0.7285378925254278,0.05577371477526799,19.934181393487407,0.27098062687417745,-2.4065605154922958,-4.913467054697467
0.0,-11.10920805825767,-12.11210947743624,-9.266417364917316,-0.24420213626816542,-2.6535361058127336,2.4996769635731297,17.921807103255695,-0.8083493942791884,-2.6656748696531714,-4.706889049319857
1.0,-7.0378477607142695,-16.472830667095867,9.241213345920276,-0.13008443753008958,-1.6772697279537203,-1.5087435527528403,27.454210836758573,-3.912971173242029,-1.4631529542898787,-2.7039009478356837
1.0,-6.200773599963519,-16.09122781072269,6.072448768817203,-2.9913420096497783,0.39043801706599546,-0.17317972099858125,22.32229015285833,0.42596168021152847,5.466749651613814,2.5472834065898926
0.0,-14.175268541903606,-9.03877179435706,-8.066920371687488,0.9296159641123922,0.5654154156459259,-0.1888895132071643,13.046323570796327,-1.0484599105623267,-2.0298985220174384,-5.743459693077004
1.0,-6.6900479027631725,-16.503850811231246,10.280508818543145,-0.517936499583075,-1.7759831287993497,-2.191368094330777,26.393840496029885,-1.6092284444608598,1.8261749370394067,-3.027794221101197
0.0,-13.637382085270053,-11.427521879100956,-11.227168958877234,1.182539038055429,-0.5913244735473269,-2.951627661283652,17.668249678901198,-0.6487164008313697,-2.077594062418037,-4.312307471276987
0.0,-9.07203745634767,-13.815644938417845,-8.431072601743251,-0.8363709762237295,-0.6690329011421199,0.7248080103611148,21.405091491510245,-1.0447651040389998,0.29220367033613825,-0.9292743352417796
0.0,-5.936298072827473,-9.843635440342581,-6.060609532542488,1.0618741369361295,-1.6663843905023832,-2.52191576551448,15.693884050941879,-0.023517429212454644,-1.5885328241542829,-3.5097921516554216
1.0,-6.4628985677692805,-13.239606663770234,6.322562029129755,-0.273292504936662,-1.9305246963387332,-0.6759528357407353,25.44095643799927,-2.0147631759905558,1.5171776464032334,0.3718852488387039
1.0,-6.537344899635135,-15.165246235808603,7.937486442116286,1.09164218688297,-2.054100261917461,-1.4698250754495765,27.16745811137726,0.6364825843218282,-1.9891259269695125,-3.794322690688751
0.0,-12.147848788621774,-13.621728701195853,-10.542845270415908,-0.4501836714174182,-0.7920145668506389,1.4945872080754645,17.924491669064533,-0.9329856801778709,-1.7764419618009002,-5.708937075559497
1.0,-5.791435698490727,-13.767683332853991,7.2876063538300855,-0.6517527807822235,-0.9799949476971085,0.474853061426076,18.226618496008417,-1.357022769615131,-0.7531225319452354,-4.441494935647429
1.0,-4.681352507391401,-21.91123081532955,14.322912415047794,-0.8294719702870967,0.005356133454650802,0.8477493013215622,30.914871693706814,0.1626330032602561,1.1671860876011888,-3.132219742116552
0.0,-13.50130087898822,-11.879713060833934,-11.195898035769451,-1.467818250370601,-1.6196741824135268,3.4706153442646435,17.357511613896985,-1.1442840256604683,-1.0526260815999318,-2.377591422944983
0.0,-11.817649449935438,-11.373645801888362,-7.674000571034917,0.5691047848034929,-1.094256799601874,0.5176690055625723,16.71591107461441,0.3559124589045677,-2.267650794392552,-2.829103578434567
0.0,-10.42103639572202,-13.176481665068064,-8.020029098273053,0.22626116752822195,0.6075936183040671,-0.4282267127496114,19.67992087713726,0.9342747930844862,-1.9315744167641742,-3.5643814890388006
0.0,-13.301470962044487,-11.685496236301477,-10.136886134774821,-0.11813854673636012,-1.4748957551638693,-0.10052087218362205,18.152939431530836,-0.40281668677941884,-0.8556207809338187,-3.3593385597606593
0.0,-2.769359295542193,-10.576073663515368,-4.902788378431525,-0.006699938123127219,0.2499200522741385,-0.30464138899862936,17.18012768149273,-0.20071002739823995,-0.6924336730847872,-4.1965751277013785
1.0,-6.030685029056032,-14.937542015866422,7.82169671487847,-2.0427968295504906,-0.6639089755141223,-0.45851643084145793,22.737283568936217,-1.3529821302724145,2.485556042906986,0.2424914687955596
0.0,-12.055918283433439,-14.709226495556303,-9.32705268699274,0.15666359902663884,0.9914899970356088,-0.19260379715292453,21.479043833295915,-0.353025428966318,-0.9135406249672058,-2.287731196807508
0.0,-11.44585761890556,-12.13760486480087,-10.490265608486995,-0.16372793702140465,0.12219000577323258,2.0804957128140056,18.346013207187376,0.8904683487307002,-1.4721042347381295,-4.734082626245401
1.0,-5.729675159632485,-14.52132623856973,6.566002498059109,-1.4116528552844754,0.030337190839372363,0.4062197106476714,22.176340806468286,-1.4838706447076468,1.857217539928204,-0.5212721077322885
0.0,-12.218784783470069,-13.37669406226656,-10.949281758759764,-0.41224187049785355,-1.3461846969339653,1.411681456698859,22.18544110735998,1.0213957959513444,-0.8081363269507058,-4.99431482612852
1.0,-5.9861622039510864,-18.079779221070655,10.950689874152436,0.03261113037070845,-2.0924931069827206,-0.117490389231301,28.061502576720134,-1.6425297056834158,-1.1115622106279899,-3.7162348123339606
1.0,-5.452283895911291,-20.002509335877356,11.758092653281105,-1.508658036579195,-0.4151005759702857,-0.6021956829320199,31.915928305951855,0.7814189607633496,3.533154162397485,-1.3641240673899007
0.0,-10.34624180667214,-13.013582918768384,-6.72449720532698,0.2772902314148319,-1.3237263202892127,-0.06485283465812808,20.84544766338914,-0.7504607217948742,-2.1900568180592126,-3.804081637485279
0.0,-10.270348977438164,-11.363007546435062,-8.570391319704314,-0.8448878228609034,-0.4421959200782244,1.4098022548615838,16.5543926700984,-1.0847846139266901,-0.325449433652094,-3.082010711378764
0.0,-15.594366048530024,-13.000018256275332,-9.224372305557687,-1.0732309837029161,-1.2540368056038556,2.25078555813917,19.780375844709216,1.9722868188508416,0.645430233440856,0.5116510943196437
1.0,-6.816496721144657,-16.401406399909035,7.447442799667058,-0.7027087708171893,-0.9506194185000988,1.6854150518297017,25.4109176131231,-0.8751690722899472,-0.12283749535523447,-1.9075265114294824
1.0,-7.978675244783762,-14.658037427215055,6.554015975085452,0.978715262134592,-1.1087512827609574,-0.4410504953079928,22.658080235479083,0.84389561883817,-1.1436211621087276,-4.268683270516051
0.0,-12.352141535953223,-12.114947745430488,-10.035812328089705,-0.20411995717934162,0.27857171895555477,-0.1466319409711997,15.066358188588193,-1.9031934832817043,-1.0065494075496457,-3.6544284309065844
0.0,-8.464549439198965,-8.008135100400633,-6.598144847404456,-0.33698178786684546,-2.2322887437277443,0.45465200514394943,13.153069519518802,-1.7687610365822428,7.918651825323808E-4,-2.3582330398862195
0.0,-7.805768496525156,-9.418548770706671,-5.802412961265435,-0.24185621394962814,-2.228861726439444,0.11279476138715516,16.336604365147107,-0.9445530706981826,-0.8653481770889102,-3.3528948689728346
0.0,-11.49183996904709,-15.892367837567779,-10.063134272012961,-2.1150036077817798,-0.6470256113506394,2.2870376899529017,23.785910389354733,-0.1472593896475639,2.8780810095200033,0.48913175360159683
0.0,-10.53584979053598,-13.772003518528326,-8.921141741875136,-0.1937672167420491,-1.694510176030684,0.3816357077915592,18.955310917661237,-1.1649667553808447,-1.4589258411939037,-3.163827899964991
1.0,-6.441296693032865,-20.458839024780403,10.67002400635057,-0.41729500634896244,-2.162987264783464,1.3536890476285908,31.214485530243845,0.3169428227847436,-0.41451970366039176,-2.7005519780742593
0.0,-5.239527881515284,-12.896862967037665,-6.607580904156791,-1.2606523842405144,-0.33073290288330015,0.1002461029807511,22.055349692318483,-0.8688233623354942,2.613988467963483,-0.8060178533131426
0.0,-13.196143246269886,-7.663380637109069,-9.244090673747092,-0.2641533299530142,-0.8752635620128199,1.239103710776389,10.516432446069924,-0.004621578454733211,-0.6376650073255588,-3.5298560955757363
0.0,-9.638747380017527,-13.482362190444558,-9.406834180154858,-1.4331660417639345,-2.1632270645792664,2.846560523895723,21.099665350151003,-0.7023990565554649,-0.29897110596306675,-1.396067575407862
1.0,-6.294540112600192,-20.576555337437664,11.912580128747493,-0.4684903423746702,-0.7943455384624442,-0.5092008197157288,30.53035878938487,-1.0014067204396715,-0.49929136982236266,-1.9510122840902413
1.0,-5.844743923123548,-13.937538354335137,7.897731485958837,0.9412685866469384,0.7284698046060789,-1.5617400521092346,20.28661155549535,-0.2260723933543743,-1.371476972708087,-4.059161603452596
0.0,-14.848466642146914,-9.030901255039137,-10.197432100434163,1.0852772014597294,-1.2834926250803824,0.5713511621626504,13.652655479839009,-0.7515413254750347,-4.05928038271569,-5.268727966857487
0.0,-9.782314693227764,-7.47992940441608,-6.326450609895091,-0.728933492700378,-0.24666139454833125,3.2008484481535815,10.803737311628952,-1.3825019431047343,-1.8823857096863539,-4.468531626126905
1.0,-6.097573779916086,-11.198008546543182,5.257866860714265,0.21424878675544817,-1.6759912624536426,-0.9686254089738677,20.237207025429726,-2.484315527133037,-1.4557895697091066,-3.470305010439006
0.0,-11.871799593414787,-15.333353544428045,-9.784983749641029,-0.15257778276395642,-1.0740779794474515,0.8289165003512127,21.433745167222536,-0.4893604307712984,-1.9333497940095967,-6.45245290602899
0.0,-13.479791890351873,-10.469191076456179,-9.344986723642423,-0.013119267208065943,-2.400475799709121,0.8991625064945932,18.595953377477002,-0.5458084013212143,-0.6593644932053258,-2.3168381772567708
1.0,-6.288737881010774,-19.18884107603268,11.475519590388947,-1.0141712187888705,0.26273375541545296,-0.21459855464418462,27.908825506524096,-0.18420097676145158,2.9402717979333106,-1.5402792617187169
0.0,-16.177517595890066,-11.691553688721429,-11.460827233939547,-0.7216615968734391,-1.6503034649087054,0.25010414264445857,19.772194247513983,0.12803209810827054,-0.04207566474494062,-3.7677213306399517
0.0,-16.137723914405917,-12.91042428211576,-11.007427575479408,-0.19163174410835418,-2.9049329305979104,0.3970882038055248,20.714741320161494,0.20660017905015526,-1.1806434058865038,-5.587262338709871
0.0,-7.698333855106809,-10.834251545359825,-8.398482081902829,0.75461825607286,0.6726637841063225,-0.9372496731557718,14.103582385838374,0.8248895524596456,-0.7386137721666938,-0.8840246029703405
0.0,-14.447787903322219,-8.811737919689621,-8.842222925957678,-0.1944540202749335,-2.4741867039876078,1.5963011638228837,15.697634914779925,-0.9909419206057615,-0.9644690382589931,-3.8233804332325163
0.0,-11.91103637699629,-10.731063750293268,-9.478109193455262,-1.0722319521538677,-0.2206713657411986,2.090661143443231,15.0649258847594,0.4315244396408533,-1.5573244239631763,-5.687447295121816
0.0,-10.565548834011285,-12.272657976063982,-9.109033602354181,1.831916724348329,0.06300832393824618,-0.45621512625936966,16.932539187745757,0.2979336540521045,-6.053845306733686,-6.150485691443949
0.0,-12.652944846131108,-9.501819393588967,-8.414426179325767,-0.2870978199157157,-1.4540704456352371,1.4279451583416651,14.30452892280074,-0.12639037461218816,-1.2923829801735158,-4.360775202116279
0.0,-13.617134187922948,-11.788033625785564,-10.59212794134646,-2.5413485871870343,-2.2027213254978975,6.170753433070506,20.491148422774085,1.0264858147253453,1.0930515813364694,-2.024903471121482
0.0,-11.210867231528605,-12.79232168665099,-9.359048265246175,-0.549598970201501,-1.0878739762585559,2.0752821992188517,19.78129769262303,-0.6519147526094398,-3.074890164497962,-6.232142060800247
0.0,-12.075089222543495,-7.673916463885293,-7.275331873378979,-0.28504694224808186,-1.8689833693530358,1.0587857030376993,10.180963089114673,-0.2151718219909785,-0.6278558422346854,-2.401534679329078
1.0,-6.460852787757663,-15.517714798640625,7.729667695512775,0.08997344683665401,-1.1902660867549597,-0.8679629338330093,26.712711966587406,-0.18781664854211233,-0.3466681185976144,-3.7065578344539563
0.0,-11.13528933472332,-16.82668644328303,-10.302988874875304,0.8584881255042196,-0.9913579688680567,-2.4430178720303726,26.21527790831891,0.7453403305231978,-0.8724120371056767,-3.4729671997663805
0.0,-12.621079728618662,-8.746864290088883,-8.317790616349576,0.7650618873144861,-1.8795106812701736,0.3211450973868859,15.319754341876973,0.5756007532775169,-1.6806424465582936,-5.021728047150361
1.0,-5.138064295701975,-16.906423670652437,9.745573225729567,1.0145669574783394,-1.38602928520576,1.2302073749986706,27.08566674602335,-1.0466370244108865,-4.309220622284857,-7.838828201770402
1.0,-5.772090967692733,-12.252192182859858,6.985387356789156,0.38296601606231406,0.2860107319589895,1.2357884241435577,19.229534838696818,-1.0940476822799023,-1.3578698813181649,-1.9363883542560596
0.0,-11.941284362860996,-16.760405286572944,-9.282296525899632,1.8162869818644587,-1.0141728230484586,-2.148509976222557,24.954037224371444,0.5560610373963194,-3.7332535719107636,-4.471029336905209
1.0,-7.1141526336662135,-22.700033298718736,13.4103853419065,0.6005130703070677,0.5179091943098724,-0.7882138204993743,34.388185121930995,-1.3151005732905767,-1.6596234466234163,-1.9241975340354105
0.0,-14.722396270334844,-10.622317333064261,-9.286577097626425,-1.6205629133003674,-3.2954591294930786,3.8574709287618,20.284995094079232,1.4223913428085315,1.5961453939868022,-1.2502402109705337
0.0,-10.830049716432383,-11.8075390319063,-7.986460371577408,2.1063856730144837,-0.14170350071876392,-4.756192470960711,20.27179242969881,-1.4583213866302398,-1.6130404072974156,-1.9474251811255854
1.0,-5.367359780209352,-16.795720958628454,9.482590627636439,-0.4285702137977295,-3.767880780516845,-0.8732173463245637,28.978093832122124,0.2582313289980651,-0.014846814322136082,-3.767786491999767
1.0,-4.991403974613685,-16.325867456533274,9.606798894511423,1.0657981578770743,-1.8510626274638802,-1.3112766286931001,26.823646636530547,-0.11676997158078589,-2.540464684520235,-2.4163537126420027
0.0,-10.735409910316934,-10.524440178363404,-8.288546949427646,-0.23179887471724736,-0.5612627441034364,0.5511940555470871,14.957419537243283,-0.8542978012073879,-0.4904391172506679,-5.351658328407945
0.0,-9.880873737158932,-13.543019193264936,-9.472892396791424,-0.3733777302892328,-1.1559569078420568,1.4738693328616626,22.86137887494141,-3.0174108301133242,-1.2117968425308772,-4.687149279907962
1.0,-6.8435746596504465,-20.728663211692666,12.475168669911499,-0.012356660275236242,-1.0135099439598383,0.8597329235116276,32.89021343561247,-1.5120285961392943,-2.213210089686133,-5.845022014900556
0.0,-10.996980472067078,-10.580970524511462,-8.386357582959002,0.6732647190024088,-1.0954781105384983,1.1294607948009574,15.04290740932978,-0.6828803756112878,-2.5172104433981275,-5.192080850535191
1.0,-5.989951242093438,-16.761166739670934,11.096153541927036,-0.46721243399770984,-1.261367836716572,-1.03371121109353,26.03316999188645,-1.203041651563736,0.9822580468777704,-2.1381372189677323
1.0,-4.967345170397579,-16.068452925858793,10.096349221977963,-2.7338569846356164,-2.4317957405575994,1.8739274612189154,24.362279907800133,-1.2744111926885786,3.1228379515438034,-0.12723801924179232
1.0,-6.358131764950241,-17.10763531467492,9.723772733869586,-1.4749459041253377,-1.0943291079915356,1.2831808850449404,25.71357480959417,-1.4160133677036097,0.9763539886683037,0.07858251438705888
0.0,-14.302364807468168,-11.610315627072183,-9.044537040208056,0.704899076109899,-1.3356718369778082,0.24234925599065005,18.929098895579745,-1.7071151611786841,-4.273814644013138,-6.686989401556592
0.0,-8.733749509185605,-11.732904311837956,-7.4531355934786605,1.0852738398933175,-0.0618261783140297,-1.4260098309911102,17.899803223260793,-2.230161489930299,-2.4148756191314824,-4.838321632713883
0.0,-7.947175819188119,-13.172221970009607,-8.040002929541311,-0.30630027616690064,-0.569556012772387,0.40113267851404055,18.20019563190465,-0.13981066915134083,-1.3054958192271073,-4.036614503140411
