0.0,-10.96150947586623,-10.843268919848484,-9.121689389357437,0.47244515371227697,-0.9693601713979709,0.4357466353495651,16.88178478188015,-0.19823653012625234,-3.2043608946597497,-5.158880343355012
1.0,-5.0594168844526175,-20.65880211697765,13.931436078746884,-1.0998171131613896,-1.1257719436303408,1.8331023484806175,30.78354809145801,-2.0122942874507537,-0.9531480771974297,-3.0985533306911965
1.0,-6.558047907666987,-16.299240503314863,9.059284061516022,0.47802709972885854,-2.189100408501752,0.7465916491081819,24.763967387336045,0.05197648328101345,-1.7359120062703215,-4.741869626724473
0.0,-8.432806648449883,-11.210827127474964,-7.741669639710018,-1.70761982327534,-1.9431988489916787,3.0385514253928467,18.77671321023332,0.6712792959080186,0.42788073242336344,-1.7658732597997728
0.0,-8.113852644740067,-11.312708719900883,-9.42517503467285,2.8724961107291387,-0.9048526272873453,-5.11627630306112,19.162912214379116,0.40783387950107425,-3.4652973702526904,-5.548278219742387
1.0,-6.247959852320078,-21.043401840754946,13.847996245137596,-0.6595611605359033,-0.4982642113948621,0.9496849070713645,33.713195372008755,-0.14660511027364315,-0.36551375116751866,-3.1060138375572137
0.0,-5.952310505085559,-12.082400832100996,-7.085776357309989,0.566597708138232,-0.5449722396489277,-0.30093049951557893,16.085254313437453,-0.6877790352014481,-1.6151061031958953,-3.312853744532691
1.0,-5.685371612505644,-14.67936323288028,9.543226804378895,0.25468839211637057,-1.0056177356016003,1.2923893904544816,22.25454565538379,-0.4895249396141905,-1.6952442181580873,-4.26629725040324
1.0,-6.390887322483743,-17.896230206320663,10.366305526394454,-0.8299872113663931,-1.0520844500506188,-1.5768996175318402,28.427323408679765,-0.679337311375334,2.078751494789987,-1.3809663996306822
0.0,-12.06904496521617,-13.709855668568023,-10.292786453417884,0.06150868032135082,0.09354887049321303,1.1549934073037074,20.54497178257143,-0.09151256360644022,-1.6341577446074307,-6.618062226735762
0.0,-5.982166880769301,-10.625694746024918,-6.303976985050512,-0.6791177303682197,-1.7674526358725224,1.9676289534861342,17.776300433030897,0.07259811638682301,-0.806563745088037,-3.781829235580937
1.0,-5.085683330996557,-14.712220402413324,7.323644299915864,0.03709622788187707,-2.202606122289949,-2.0119634488342544,26.741640434613483,-0.39923736983238667,1.0064011872074676,-1.1176839848168867
1.0,-6.561708327458368,-19.736890899402486,12.987661191081468,-2.5927315261943957,-1.7668517746412802,0.4625302167566627,31.496147068610778,-0.3199021657608291,5.203966468825857,2.4314344479760677
1.0,-6.78257579284076,-16.634907940612614,8.60469819117219,-0.7495115988078523,-1.748842520713247,0.06054156255491261,26.643887959871375,0.7564376359203551,0.8659483745139911,-1.3594236285645498
0.0,-12.089594945061823,-11.326051951653621,-9.093734752662451,-1.9951930642821196,-1.8586800990587689,2.948829624766283,18.10617820788684,-2.0075092683603284,1.0535002491380359,-2.0973292095069413
1.0,-7.1056027815387,-12.223713115971341,7.440088567486191,1.468478259243361,0.3871617459069816,0.49928907181510085,18.732023896440495,-0.3085655537612728,-3.1575021422490215,-6.333318660990603
0.0,-12.350177205793615,-13.726885797576902,-8.52261462442689,0.07297705263149074,-2.6166190355540433,1.492273306041579,20.838191073739694,0.625229522688987,-1.3556200825087568,-4.396567347566592
1.0,-5.882454128019209,-19.469028065141025,11.684195377327628,0.9841777139881932,-1.8369639959233044,1.1764650582508198,29.522141721221143,0.22290139299596218,-4.238308243762974,-4.642547233136631
1.0,-5.769556066360507,-11.811168524479243,5.941393426163857,-1.0371021871915915,-1.8237199385367535,-0.845537418125178,21.17220050193412,0.600086402522849,2.297047729561042,-0.1993236724844264
1.0,-5.763187177341809,-15.482911262464544,10.184575347964644,0.016440832709773673,-0.8691496779588814,0.18843306856277386,24.940422562475376,-2.813291686229342,-1.5108971006772116,-5.222016818674191
0.0,-11.015467691779435,-11.21598776389878,-8.1809472470376,0.7036119828152545,-0.3885408737150178,0.00239566721175577,17.777179994823047,-0.4400980407059501,-3.4927132627991764,-5.163915142869619
0.0,-14.694562780595922,-9.09337284859544,-9.798778272283771,1.7317703908363775,-1.3343765753564898,-3.797650061552263,15.829538387059682,-0.15237703796423946,-2.383008379445032,-4.566793474494407
1.0,-8.457288328950312,-15.99123117554845,8.163760649493803,0.5091404503370518,-0.9918921374633518,-0.04161022283347304,26.889344374196387,-1.8893997091448567,-3.3171443743864533,-5.036184774438631
1.0,-6.541353854923019,-17.844616264398237,10.825154900407233,-1.787605962889827,-2.839808167024694,0.002345830199486254,30.328777608327812,-0.761942276678994,3.041872706547407,0.7346136010949544
0.0,-9.776905832868175,-10.881581830192223,-9.749268028198143,-0.004025023032824315,-1.1015196153278266,-0.41821844030395233,15.395622248480526,1.0784265004528342,-1.0859874922268145,-3.910846248203653
0.0,-6.0749884916865105,-11.220030631677227,-7.636807034679372,1.5635703072956102,-2.114465171179716,-0.9996679595889962,18.73841733262485,0.5462823843284845,-3.912477248079263,-4.799732209198651
0.0,-6.66538691256745,-11.296183541383483,-6.689633844922486,-0.9253489228071046,-2.135538335353073,2.7317596548061784,17.831036197730505,-0.7123185393998046,-0.15900206996781618,-2.5438463625268386
1.0,-5.417459713642063,-20.62380802849724,11.211015306990536,0.4244522833959415,-2.9312429141913885,-0.6044220203185267,35.77538571557884,-0.9701007122449707,-0.9419919348284956,-3.867578241627133
1.0,-6.7042478934373,-17.559872791402405,12.154368624468379,-0.563220663959893,-1.9755600921072056,0.14936111082686945,30.149853709770515,0.0568565076531421,2.261343223529614,0.9425704608353347
0.0,-11.87837687856999,-11.13783516303958,-8.853417065251033,-0.7260313421301436,-0.41491473570160375,2.1020344298727056,14.99308770572133,3.0270783397004304,1.5041313099213949,-2.1546774748529627
1.0,-7.082360808631001,-12.659055130575284,5.738066618598783,-0.6643455819441715,-0.09058896311544262,-2.464724501626739,20.206736367616102,-0.8007189940191841,0.2853779137992236,-3.2537274140255543
0.0,-9.529320616894937,-12.85562808877251,-8.050700167409778,0.06791114151937422,-0.5877337172470865,0.8346766795083338,20.504009229544003,-1.617193652605066,-2.896672059056818,-5.746029802157364
0.0,-11.156224964642062,-12.23740884047694,-10.004028077636997,-0.6933529811821459,-0.7278829393990056,1.8599927910451934,19.127368558699352,-1.6796933351022714,-0.7143674252432541,-3.8097324606003453
1.0,-6.691079035034381,-14.885831608319753,7.584114941341161,-0.249116109188925,-0.5956071869647377,1.0580908275592735,22.7147334651128,1.1929693597259714,-1.272015903831503,-4.353342669434935
0.0,-8.712240590300873,-11.978318400399573,-7.938716098255818,-2.496251527282193,-1.462005531461624,3.4542729774174026,17.28582656095675,-0.9741148908837893,2.243363399909851,-0.9653042194825282
0.0,-5.521237916520312,-10.65451893834553,-5.72047586797769,-1.4936010994805824,-1.762863998094243,2.9794852529271325,15.868844195263705,-0.7295820063292917,-0.5682331875328877,-3.653227264173373
1.0,-4.310774973248924,-20.028511595015203,13.370367185278557,-0.36603769301188227,0.12342199663395625,-0.03052423545338248,28.88888699122666,0.5779563315530853,1.3786636272955126,-2.046786933693525
1.0,-6.7208528381943795,-16.895041805225933,8.010669816704663,-2.4444668262499207,-3.6907463425323295,0.7892917579051647,28.395762384244254,-1.071264906702603,3.27494625847366,0.5230745109368078
0.0,-11.767037665489035,-9.310272264829312,-7.6604593955267335,-0.06459011391510344,-1.0926332072576224,-0.3630885720067818,14.211707186890806,0.57486195324153,1.1220559274580852,-3.6023693844616482
0.0,-12.857279794837865,-12.164876632459015,-10.777500179053428,-0.05097066308541556,-0.9539687392850456,0.9636460246198193,17.70463754120903,-1.4472544467236559,-1.596057511139875,-5.9354061856010425
0.0,-11.847367456474998,-11.567182527801705,-8.924685578586388,0.5261950666360004,-1.8772280305005125,-0.7216516380089941,19.959534432733186,-0.18759365254131868,-1.067352839574865,-2.0366316742756636
0.0,-12.388492618505271,-10.78059510584138,-8.538183465570334,0.7377072434995466,-0.8755619726635107,-2.5336763083089338,17.07280132302723,0.14036404921475276,-0.5334940073659311,-3.3032376011298115
0.0,-9.911062343992242,-11.226420518056168,-7.941497681277422,-2.137813648068766,-1.9759366753267038,4.69612980721514,17.800136153469698,1.5617067022805837,1.8687472342844713,-1.7102082421615237
0.0,-10.56139150679627,-12.577063790287015,-8.332855349970485,-1.1076409152282736,-0.731988563160617,2.2030765086841355,18.159051789460673,0.06306593955930229,0.04432848308358081,-1.9795763406759557
0.0,-7.672658024352361,-9.729789385486908,-7.0599594769936,-2.0879064965797567,-1.2629520323187653,1.416874139378499,16.07521012285739,0.19976705784899362,3.6764730639760685,-0.13551975413191014
0.0,-12.937934813044999,-9.533285137512205,-10.777625892393532,-2.567370208591054,-2.4218860219613587,4.830626873976614,14.132149593893056,2.704014907362197,3.0786720931540184,-0.31348374626532405
0.0,-8.650225105488897,-14.136546059065425,-9.442268253138007,-1.374961353272865,-0.22204792350649039,1.7675962780097028,21.85723856262745,0.8861503881429851,0.7225355608354787,-4.099628848430525
0.0,-9.68749681105076,-11.44851008617771,-7.272793420726323,-1.4548294959102264,-1.9727424358194943,2.6817942285552583,18.605394289911512,-1.5269785839131726,0.5781379209075408,-1.9085014491164158
0.0,-12.968332219633009,-10.356900579484096,-8.840809825923735,1.5908123681099333,-1.9099400048578357,-0.8826565439654487,17.144728214346472,-1.4555592519830753,-4.7519781372050565,-7.001002156237477
0.0,-11.900827036280276,-8.321867532196713,-8.579517128101488,-1.012179683299628,-0.7656200580850534,0.7398728036116853,11.598040449990274,0.12260529595203029,0.59618337991229,-2.773690127153033
1.0,-7.306656831540216,-17.587491274320715,13.439223486167428,2.3514735421518203,-3.7037326595620748,-0.9995291094520833,33.27349239947803,-0.7853075618471421,-5.728770400839897,-7.858509617915914
0.0,-10.388641712667285,-10.86200009993802,-8.875125288342819,-1.1059213554476568,-1.3543090788342425,3.0117796258981238,17.73834771712782,-1.9824478331688264,-2.4023074393689363,-3.070297398345915
1.0,-6.230996632416531,-14.791989340760002,7.938203254591434,-0.4470014977853365,-0.48787795721615057,-2.130046293973521,24.749019436654947,2.38727171134508,2.188603503812675,-1.5549845116310002
0.0,-12.588477592380311,-8.490200660240616,-7.483440618442446,-0.3556387825474619,-1.9136670709493369,0.36456356952561714,15.27216790837707,-0.7083838075278759,-0.01598665797353671,-0.8979729320559056
1.0,-5.781154157230156,-13.921624084334155,7.767524778939473,-0.647378277678765,-0.7424816096552873,0.40560626670660505,23.80094417423266,-2.749282871204106,-0.4287927330205105,-4.289431499803516
0.0,-10.795701045224382,-12.41890064222219,-8.631087155038436,-0.5921579989884793,-1.0849893410453795,2.355186075621967,16.71437064614344,-0.2020092346437014,-2.3280106184677605,-4.362291867125076
0.0,-14.06844720158884,-10.275209269587469,-8.954748553839282,-0.9861768713324273,0.5527070576699749,0.8846331152778507,13.16265215420612,-1.6078523699610976,0.07129227069184288,-2.8270383538580504
1.0,-5.628769268846112,-14.52914602898544,8.79626691312681,0.5707921123031114,-2.6609439983167396,-0.5095384583597355,24.517382556698756,-0.9764766543237375,-3.4167552339434,-5.908937567043213
0.0,-11.20442462186665,-9.036609101791814,-6.98103326760507,-2.160380296671431,-0.8723029924323352,4.347611276806574,11.224045168868965,-1.4978418905285824,0.9215270732442493,-1.289757138883838
0.0,-9.399150638273065,-10.491005504391708,-7.350262931203361,-2.4731744497619177,-0.7277227214383819,3.8842226131638062,13.264476650426221,0.5696246529155381,2.6173365378202833,0.03841172284227701
1.0,-6.761519706736595,-14.612095699678513,6.143993685489699,-0.6584313333571963,-1.0271656677775685,-0.11672739347386545,22.86946107515018,-1.6272862832723876,0.30566017918419175,-2.2011402830047944
1.0,-5.519459526309151,-18.802186703162953,9.222553169413706,-0.5997755657710089,-0.7324167138049577,-1.5025861943039427,27.598853451160803,-0.0895436267746128,0.40585215755590465,-2.797748263093892
1.0,-6.657893134148575,-17.669942817740043,11.156746640702801,-2.4059707567392086,-1.2895890352519916,0.7080683549683306,29.24176851356858,-1.4981402195849642,3.846109434676202,0.20770515136359752
0.0,-11.806204123834835,-11.49676329489965,-9.932183222610492,-0.945845208390167,0.003995203829113336,2.4722394537348977,17.429335521951863,-0.7766106993050456,-0.8794661785877487,-2.7507293070620347
1.0,-7.149283028946861,-13.943157986133137,7.300257827720385,-0.04233679849312261,0.10371232913601469,0.2652695675831067,21.503379892263343,-2.1509060028389326,-2.090485290732415,-5.558348838798864
0.0,-8.919976010373514,-14.261994467227886,-6.313636174600899,0.5659716843961402,-2.613412274332414,-0.8580467187643291,24.90432592383284,-0.03366340509561805,-0.8731476240013679,-3.988740500054316
1.0,-5.884980110748199,-13.437085285372007,9.535861256322203,-0.8599687544874628,-0.8695108941941769,-1.5212708787023357,18.980288999708208,-1.577673364697158,1.3650086242343773,-1.0522077886791399
1.0,-5.457331781579407,-17.771520641540864,10.505220949542947,-0.7717267838083411,-1.6356933779775904,0.4742750800260832,28.089765139139242,0.06538603204411719,0.11378382597190007,-4.599532417265362
0.0,-9.980237166221933,-10.234739565595305,-6.7530442609786405,-0.18643903866406542,-2.8227012570655168,0.2799339316438762,19.33118746736525,1.0606252264465896,-0.6067946382035493,-1.6508071801899697
1.0,-5.776259003249741,-18.590762939026227,8.938109975352063,-1.153224604323009,-1.4297701022876919,1.341869183316874,28.729801645837284,0.8248579271105587,0.4187690556811585,-3.6001353934193387
1.0,-6.1109094008827025,-16.202995758235488,6.665354286124967,-0.6537554656947301,-2.388191270971463,-0.6327885030807717,26.356323536109006,-0.42614711752839807,1.3076461857052564,-1.5147099778805695
0.0,-11.251502031330109,-11.259591832317929,-7.424104620400383,-0.04451146615216994,-0.9278147160341529,-0.8200890939635354,19.45443897011545,-1.140756595044646,0.10675381223802538,-1.6983337434190355
0.0,-6.732594898310713,-11.500263198422155,-6.024235364363208,0.27704989040431754,-1.23659355260244,-0.22506380575468182,18.493580463017626,-0.4792820434207109,-0.4687986363226776,-3.157242318589683
1.0,-5.991816114558412,-20.30921574048601,10.669501355872887,0.2331932444586277,-0.32969458228546344,-0.652259993325834,31.179417255932343,-0.6453197475241974,-1.8028031747099744,-5.079468107075357
0.0,-8.70577092241654,-12.993214491073935,-8.783297901057432,-1.5580238615204482,-1.0369002289440727,3.127463438341366,19.933644054637135,0.4199547505336688,1.74991774578618,-0.6758331401040586
1.0,-6.569287474326573,-17.336022583590896,7.223735851124272,0.4314236534290182,-2.6186504603188774,-0.29957409353893694,28.70736829625373,-1.9318162232604308,-2.952930716152459,-3.9872809819671837
0.0,-10.82915517563087,-8.750586837503956,-7.376148568704793,2.2746119444344095,-1.6110132024062387,-3.924836069415057,16.751805568670274,0.38890652466445885,-5.202424901671883,-5.072582475452462
1.0,-5.846171969712102,-14.485160268807531,8.008350734804974,0.18662649297218206,0.4072882928793442,-0.16252489188203567,19.15761102969052,-0.2789614674439403,-0.3921612098963143,-3.2712409745120956
0.0,-9.70127794848404,-9.225746416393468,-7.372541855847097,1.2635413286450694,-1.6352464674529132,-1.095359934308795,16.79125098241125,0.47139095973498,-3.2970129408781332,-4.921786899515088
0.0,-10.764507783493096,-12.769660511689839,-10.11204227967433,0.9664813504793132,0.09316441842906875,0.19105075667395455,18.350472680449045,-1.664192648565392,-2.8841759736847568,-6.031791057914613
0.0,-7.286082306896761,-11.078746001897633,-8.04897321170494,-0.7370765905069114,0.11559628085262674,0.4619855177131825,15.380163200353449,-0.38174548699229194,-0.5198759247593681,-3.1329702593098228
0.0,-12.364926874358773,-13.020802383746517,-9.306471681191798,0.3411114278197331,-1.951176999758483,0.5382038481377455,20.778557350169333,-0.0933400115470332,-0.40143548778225213,-1.5137523315002686
1.0,-5.605125609640447,-15.502284556075631,8.681503795997395,-1.0718566768022733,-2.0686105224928713,-3.0673110739298997,27.767415238755433,-0.306319104812473,4.071081308448709,1.1458278593849198
0.0,-8.27513943924609,-7.755296228737144,-6.282588403289233,0.9189029051188266,-0.27269324058789746,0.7070242060053018,11.279421594854663,-0.6519997142830134,-2.403633217742134,-3.1428667677262943
1.0,-5.61482321393357,-14.991604091560548,10.387693857566374,-1.3431989540843294,-2.5114730177979023,0.5937503826782922,24.76312993856348,-0.7995292779030881,1.7063739100601278,-2.4904893614218366
0.0,-9.247770552133115,-14.22724270896244,-7.249558618801032,-0.35132793484206887,-0.6749656999301907,0.9961476053852929,21.57634314131934,-0.03173262135255972,-0.35028039915708337,-4.062207730789013
0.0,-9.924414463975909,-10.36739359593137,-8.77806711843718,0.26005329196069604,-3.4795625025912154,-0.18010351588292703,18.251916891649177,-0.26294649455697117,-2.3903198828091714,-5.51234221335472
1.0,-4.953156164203229,-12.506322500889285,5.433604356987394,1.8150574670782826,-1.3009651275079357,-2.0490708997754505,22.019229298435707,-0.49011553665584384,-3.9748328214248625,-6.831424089409352
0.0,-12.904110036401434,-11.05509260920043,-8.752076987550454,-1.4385101863646677,0.7342948759396422,2.4541076065999747,13.678907803276978,-1.3465412127425367,-0.29372589421992656,-3.169532521048116
0.0,-9.982087875204835,-13.241587108251434,-6.934076922205305,0.46985436269247555,-0.7494256112382236,0.026608897992537295,21.384409964925876,-0.61473971654122,-2.4000709487291743,-4.9276763806150425
0.0,-12.10095795552559,-10.340383978006901,-6.86633782216736,1.2378421828546866,-2.3221203317397525,-2.767599568143613,19.679503585600944,-1.7288128310540947,-2.320881840362774,-4.149802609926577
1.0,-6.284370708465136,-14.656521277861268,6.334072478968174,0.2055655814812636,-0.269740585570293,-3.045196240483585,24.22636078871677,-1.5313901068791067,1.082695797238936,-1.542835478146021
1.0,-6.425167953460483,-14.722700513835122,6.680934958037398,0.9663839454454821,-2.452925812390606,-2.5496856524013136,24.62917381071866,1.484549814408418,-0.15761632966744443,-1.9800729663824308
0.0,-3.454769716367842,-10.555221791455391,-4.138836813712818,0.8164146407993437,-1.2384539118085844,-1.0604062949813646,18.807189784951746,-1.2188479525766214,-2.0436810785580253,-3.896204325487341
1.0,-6.4901514830970894,-15.477453039853128,6.272963483063846,-0.9620893839389251,-2.6579246316018548,2.0141557828041345,23.9241898402391,-1.369840851777222,-1.0422286616521095,-4.453575897409102
0.0,-10.954449291987075,-10.003062283689607,-8.672362438455394,-0.20586826828555513,-1.131260296285449,-0.8702147314887791,15.024860702816937,-0.4618207725827257,-0.9140786352232901,-4.0724932515502585
1.0,-7.183290154199419,-15.802007836201776,7.641797161263145,0.02779541360636975,-0.598795065011763,0.5469016138845857,24.023545672410545,-0.7595120492467178,-1.513240550717558,-4.682696918760606
0.0,-9.896281284634965,-8.00753467695504,-7.724749863200948,0.7920327260439122,0.06973458091673956,0.2822540126965425,11.259394323491108,0.2887949977204133,-3.933806517555952,-4.163786990668954
0.0,-9.945050566567636,-9.116718082906774,-8.513317021991679,-0.8184338831358111,-2.8019060358683126,2.15455945666186,15.806332337482768,-0.251453451571213,-1.6177094081330745,-5.0636488335185295
0.0,-6.969015778756962,-10.762006016029428,-4.943335447539474,0.18203548745879652,-0.6958755123427324,0.5590822949659299,17.108409409029164,-0.3041945989394298,0.1111727735833179,-1.369566665744746
0.0,-23.441633194525057,-10.290410372202102,-13.343664093535342,-1.5534036983513289,-2.0169760442160936,1.9631943009282389,15.849154867617141,-0.5427854432923269,0.8827266132590343,-1.6155680814666864
0.0,-14.621194706577564,-9.138856785401728,-10.380589933331592,-0.3321878778817025,-2.9493862775534248,0.6380452382641177,17.174287206368057,-0.46065083119573413,-1.774700964588003,-6.066751748783636
1.0,-5.814251277652415,-14.785171988870626,7.305272459979992,0.5190686279954869,-1.581188384437567,-1.2294827321251183,25.45616905007948,-0.5454301121951022,-2.013903897239396,-3.9135457690834583
1.0,-6.967486650845507,-17.713000890238458,8.753013792100427,-1.1720130414608978,-0.24221722299988846,1.447988825417253,25.02462168433525,0.1790404627455764,1.3795644729048497,-0.37130854722829176
1.0,-6.763784562808578,-18.291049409509643,11.106558536933811,-1.3273175287146743,-1.1049480045219395,-0.2028642056696089,27.851359764389066,1.6751816416447904,3.7865796053122733,1.5326661620185789
0.0,-14.399074357960188,-14.057192488964667,-11.804153649542176,-1.0793593855894539,-1.2793132955759456,-0.23222601329365378,21.52235217963534,-0.11235525804649821,1.2930271314022148,-1.8473413695815373
1.0,-5.047477163422654,-15.525941842141133,10.290553097154287,0.7895530677099255,-2.2968830057794416,1.517377316950956,26.64987779556853,1.071753523356601,-2.4031745608115687,-3.8118914942001867
0.0,-6.872028182485458,-11.726418444854815,-7.737575435713649,-0.9675850995578406,-2.463473143761415,0.6288058891685118,18.78135870914126,1.5829095834589715,3.050828619801665,-1.170505213327992
1.0,-6.5827478053565756,-15.521314482078381,10.208091745085852,-0.7290372321267148,-0.017751240981012995,-0.7216319439115444,21.40870947926347,-1.3855222667893368,-0.18230639326497322,-3.4512238582977948
1.0,-7.759297623609619,-16.477702223480936,8.924847145136313,0.8398954918108701,-1.163196615516903,-1.2095586357880488,26.653443942156443,1.4580452562231243,-1.779730771465101,-2.6928859407524954
1.0,-6.259602800878316,-15.73131251790554,9.746108041602556,-0.0461880818231286,-1.416405828583246,-1.0151458472942898,24.391280706819238,-1.1463549227505991,-1.7233539662640878,-2.966414760217207
1.0,-6.963726187543478,-10.493738142263286,5.802252675562251,0.1439002945471807,-0.41554937766197697,-0.9324992753713367,15.381221759534133,-1.5424458331972937,0.08107354711399628,-0.45276718432175
0.0,-4.757740706191654,-12.546462329627847,-4.815154535709309,0.6648767370412947,-2.02563153435947,-0.5975947487322372,23.968421953854183,-0.11808903785372366,-2.794556089756333,-3.471271479771515
1.0,-5.83171002279586,-17.264077191589195,10.296132835290523,1.5235910013304945,-1.8328219329869735,-1.81349287371842,28.91812482371198,-0.8956756617000157,-2.4354902860634833,-3.015574188618568
0.0,-15.695670642849963,-10.699342348777847,-11.548563254258553,-1.0080018917838065,-1.3244646074173168,1.7603915752504684,16.938101111261492,1.0099196145551361,0.9321585295184185,-2.661835593883849
0.0,-14.900076911931114,-10.163961323488172,-10.090790325160931,-0.9449150774781283,-0.6696956111330407,-0.8614148728964073,16.831229363761068,-0.5271605923720271,1.4333473270623744,-0.769070593134307
0.0,-12.968595220546959,-10.587818631261001,-8.478777086255423,-0.12905946266212642,-0.7269843767387572,0.36445245740595394,17.843208038238348,-0.9794463218294851,-1.4928396875966958,-4.088260455392043
1.0,-6.554952419246037,-16.432256393346847,10.522818570236147,-0.8673900738896617,-0.6632579330864505,-0.4765109772091505,23.52305479119947,-1.372992355437803,1.0644994039459166,-2.3173190730031266
1.0,-6.375286591922314,-15.50901518711306,7.756002483888672,0.42459112052076076,-1.2796126216522836,0.3162534884191376,24.6897689409741,-1.0905762289628893,-3.5305658715109516,-5.130724092236815
0.0,-13.700001850336294,-10.344493868814324,-7.716910468508992,1.8513398750364307,-2.648157297995831,-1.8177916077742275,20.324312436851375,0.5248175674233286,-2.8229349215915365,-4.174196181625293
0.0,-12.114424408281529,-9.980979008047902,-9.187312663638934,-1.7123569143209012,-1.543735430326055,1.8828577934165676,16.763227716188062,-0.2789853912805741,2.0093173220348266,-1.514721034061101
1.0,-6.380841686889262,-14.301553390368221,7.857986589528426,1.1836204940683828,-0.35869089375926855,-2.0388493100961407,21.71158932391176,0.2506503607613514,-0.9077255361966599,-4.038981219627797
0.0,-9.51522659002509,-11.215898547215835,-7.689900208871735,1.5105922126812867,-1.0439519139548672,-2.286808453120203,17.108641982772706,-1.047884706423239,-3.5187514047110127,-6.027469055028812
0.0,-11.406996648099827,-11.932356703049079,-11.018804941088263,-0.71662331349655,-0.7936049156504703,1.325602249623196,19.398525509049303,0.8499742039540731,0.43888322072955055,-3.153039810788187
0.0,-7.079975715025908,-11.225813852857456,-6.565768648718174,0.5054249669418005,-0.8155907486180733,-1.2811132099242784,18.953163507608657,-3.201765729703471,-3.6244469055858017,-5.313470422173546
1.0,-5.859424682520182,-15.318296605807534,8.866914007490527,-0.17796208986013362,-1.8339050418044964,0.12652759513252132,25.115701545779864,-1.1330286116550077,-0.3752927593773796,-2.801995991335348
0.0,-17.427296095789856,-10.49105379206603,-11.78618483446271,-2.04692049293179,-1.7115813278675913,5.423425346488473,14.348312396273757,-0.8046395690526713,-0.13988368743528343,-2.617023324041158
0.0,-13.565196244646437,-11.420791228405642,-11.097935330401297,0.8888212713470726,-1.6778264281041153,-0.6270023694859286,19.996242250918673,-0.1373764303090066,-1.6823283543881993,-4.6987619824988585
0.0,-8.72152180886069,-9.1891130405081,-6.723074814241212,-1.8172990060930974,-1.648814391755617,1.762728716061611,15.226957032352137,-0.3712458823152167,0.5644846099561553,-1.7069721545287446
1.0,-7.127590006267637,-12.621182594335343,6.172078626311904,0.6308675748808845,-1.1112659410031593,-1.1238761779910975,21.63456393487511,-1.1417105200261024,-1.4407510951025788,-4.257256611414095
0.0,-9.293868048937451,-9.243049905144373,-8.584911495700595,0.27402748786080255,-1.8374577302174022,0.19903127065713033,15.337851747444791,0.38137244170617646,-2.9848722571073107,-6.476481874653986
0.0,-9.643839418136904,-12.747302257397191,-5.9321522382261165,-1.5014126742875338,-2.207748809180222,1.702889228901745,22.180784731342815,-2.144707453103819,1.3067056660275727,-2.013004515918411
0.0,-11.659463020631812,-12.622811488924599,-9.932080017520208,-0.5019910639259257,-0.39272784526629223,1.6498794905915821,19.778522508989177,-1.5187004835429567,-1.962677476914208,-4.745609115462164
1.0,-6.746433612603562,-16.609965363664518,10.629257543654504,-0.23752994881978623,-1.9528416825182082,1.2974854367627553,26.301777429190803,-1.8413127687392783,-2.7098553418623834,-4.206371553607284
0.0,-6.689161263573155,-14.282148478562279,-7.115120641931586,-1.1737756329656759,-3.100959521038475,2.1971332734226414,23.205258955931974,0.4001526932949412,-0.10576648672366551,-1.8595744037487467
1.0,-6.2858840519804255,-16.409132450252592,7.450048206926113,-0.3466713240758188,-1.322449478540455,-0.37024696113170197,26.6262776138997,1.9559834342590792,0.7234552578607147,-1.912639238098908
0.0,-11.566757362865884,-10.141652366092693,-8.34664798503865,-0.3236943271968505,-2.0851483045271895,1.9547280921071517,17.66683059886227,-2.3776553869838484,-3.1844664278872092,-4.909419587922638
0.0,-13.872937511010932,-12.67206745035394,-11.796532258324248,-1.1253949829889818,-1.6204670859645143,0.43061481384059386,19.298794866855236,-1.0564077684347268,0.9948724870074265,-2.303044694722986
1.0,-5.230640329569452,-12.711712726174841,7.428377505097317,-1.1130152395609172,-1.0883807039139797,-0.5404889326441646,19.065166056756553,-0.2822503666944666,0.2743545167906871,-3.0934299522445534
0.0,-10.427897979481711,-10.911252583250974,-7.306745172704622,1.3646467639180422,0.27714962145670397,-1.9891205091022643,17.08274073396013,1.643531420850863,-1.3717458197920758,-4.242779888929735
0.0,-8.666650187975417,-12.61662513400042,-8.629242939213114,-2.170689685287922,0.7054636889263848,5.306829481469308,15.237055835024858,0.6221621509737255,0.4755788721701285,-4.0221286774204446
1.0,-6.050680496890436,-18.95921042762399,9.94592392555363,-0.39309042780966613,-1.4730330944484789,0.49518620148974585,29.218955457429026,-1.3205486149725907,-0.8564590699626606,-2.4407808522733525
0.0,-9.076268351159467,-9.4450683210552,-8.94137070916958,-0.09284752622517259,0.48376244591314754,-0.1271443551610894,12.457684799637988,-0.5834092100578474,-0.9814193250785719,-6.257816205660104
0.0,-9.080769337842383,-6.828030721438643,-5.857743915634455,-0.8545989721031106,-0.3623781682474164,0.7385754615043045,10.926679655481236,-0.021585612711415347,0.8033140515161691,-1.2360747174890903
0.0,-6.536553968979292,-12.172490533604112,-5.726597552090064,0.5993625689199318,-1.7060409845886482,-0.5513040126089341,22.385393272337303,-1.9670817535170015,-2.340592852846126,-3.445635169424344
0.0,-11.585173900058027,-11.121060616837537,-9.10274901239314,-1.459981139342932,0.3817727180341437,3.6505850886534406,14.27373081580723,-2.4577300294320414,-1.1307061861403298,-5.230638817736118
0.0,-15.290810477853107,-8.899712882083627,-10.002621600586384,0.24255187509131843,-0.6822387671913193,0.2539350915289972,13.61734437429015,0.5505942821688763,-0.11886052544819425,-4.642429046560222
0.0,-16.296806719100918,-10.361519759739338,-11.315934352912986,-0.09078533812843717,-0.49866769089835083,0.013236331649177036,15.199860516078925,-1.0321984401664757,-1.3096733617587994,-5.501098444193289
0.0,-12.890654885092298,-9.29398055437713,-8.445057937632122,0.6419326966855914,0.5324817476746369,0.09663350064876841,12.931772747003913,-1.8607212561537678,-4.489426443214133,-7.682641500798837
0.0,-14.744540997832932,-12.923756109503747,-12.019998914701578,1.7821855550761794,-1.6073271856503903,-3.8774900864333395,21.166437690017066,0.17066594634363413,-1.0602089999787214,-2.94089711734691
0.0,-13.134704566152003,-10.110957770769913,-11.264441910367067,-0.7508039560954907,-2.2675260589326856,-0.16562321609276975,18.201121075002543,-2.764543956288533,1.0235028769845698,-0.6123400950738869
0.0,-15.657339774033154,-10.331385622470147,-10.221809393317416,0.4950588638740925,-0.23295029072458362,-1.1192139023634904,16.22661192922408,0.3453674792267458,-1.088400887537837,-2.272331127088803
0.0,-8.89984855838345,-12.541463364435279,-8.022136655100876,0.4491806012947247,0.542351311717467,-0.7957244104114478,17.836260380418018,-0.12152090086734324,-1.5640081364087615,-2.110854912439406
0.0,-12.630446849037288,-10.950902853879954,-10.509887127289009,-3.2563654021233592,-0.4518280220401183,5.834195344715812,14.223483251271416,-0.7711744335649763,2.5790576304782835,-1.2586477855014975
0.0,-18.180217954874895,-12.375345868940773,-12.812245592532333,-1.477001848074091,-2.4615809191118574,3.2271852730298183,21.454463329043516,-1.0365806264201167,0.8478499253575014,-2.5288134885488285
0.0,-17.45624603410618,-11.001460441600187,-11.078363125533595,1.6162670012623062,0.45191206364073655,-1.5997539110785053,15.82138791211221,2.1032426991821,-3.609991854701666,-5.321062093124928
0.0,-12.125111033649276,-7.7210796111175375,-8.114179975395837,0.844620456165095,-3.0129550464046013,-0.4547565201042286,14.990266574161447,-0.25587064411683735,-3.4205278390196248,-5.217414490923715
0.0,-9.286407339400778,-12.450337217167107,-8.616759576914392,0.6151387209352044,-4.223323182112228,-0.4233187059091928,25.276077684667246,-0.7376107078284448,-2.292585109776714,-5.440066165381966
1.0,-5.9867567370378145,-13.88916308856524,7.196481374598984,0.02577915983680648,-0.8629881305621742,-0.4688025280648169,22.75203865832788,-1.0820794601207262,-1.572193559916255,-4.484323341954845
0.0,-16.273958622967577,-11.354562924678214,-9.681014124459416,0.7900612991389526,-1.9034517223892826,-0.29764987901756357,18.387974994854414,0.09935424300206547,-2.2377743996648354,-6.66285224698853
0.0,-11.949490918274071,-10.072642656997061,-8.576177529511725,-0.18710887049738398,-0.9477344162629613,1.7238694740308318,15.617777950502939,0.4603944570714854,-0.7168206630632343,-3.97397621630147
0.0,-11.555566248063581,-15.78522631429672,-10.402416001688632,-0.10021582627052222,0.696181717682357,1.0497711546253892,22.133752636817164,-0.17129572107579294,-2.6679659178406636,-5.386906626985296
0.0,-12.302595042591825,-11.112042282443195,-9.624336966960401,-2.3785768578798727,-2.6393373178028243,3.0606726888914744,19.915544204715225,-1.8086403955875334,1.3332514537885918,-3.8749227832988753
1.0,-6.355168457232544,-20.879184719845178,11.461131698821873,0.06470645614154391,-1.8866493234065649,-0.29300498992448976,32.24259209199941,-0.5155419186824286,-1.3756904415863476,-3.2168076983090783
1.0,-5.547308529320105,-17.832846473578247,11.95371534440967,0.6281049268767341,-2.9910460967419965,-1.7281884900862352,31.348940155485003,-0.9036404662992044,-2.363947642735066,-3.88261505490629
0.0,-17.27875128306674,-9.67832081374559,-10.547133969899786,1.1967816039776147,-1.0347160732348584,-0.26568232173635975,16.349397053677944,-1.4420350717796546,-4.2614742130034085,-6.179985457121774
0.0,-6.75698874136395,-10.785164439252286,-5.376195245939405,-0.3578533137349044,-0.9035791798566566,-1.1544160944543347,15.719995776010315,0.15785941936168024,2.1507268920082194,-1.718223428204121
1.0,-7.597316958412176,-13.196686905234285,4.887546833495588,-0.9353096122431677,-1.0445064377670268,0.9398986006045814,20.638022513408924,-1.3930236773466853,0.8923685738948668,-1.6952536774406592
0.0,-11.573326685317816,-9.430601209688998,-9.030218249140807,0.8212030611959966,-2.2732205579152245,-1.3741815942821176,17.890248533549826,1.096795457897536,-1.5333455257966593,-3.2037326400172303
0.0,-8.37506127648146,-11.214387272601716,-7.004489337889912,0.9513900115966307,0.016485827176321077,-1.3081844516876762,15.11997076027634,-0.9110531329031871,-2.7073647039578983,-5.283823268766888
1.0,-7.848414370590377,-15.44711569988553,6.516545026957284,0.9314443906421442,-1.0960989537755645,-1.447398473845424,25.649168179862613,-0.8975589458052253,-0.9204749484697041,-2.750472680374242
1.0,-5.615866588860925,-14.031557757022483,9.863403748780968,-0.6158775919123883,-1.3683403258755384,-1.665887522615452,23.629270963695678,-0.43737319353355464,2.397328464723666,-1.4791119824767436
0.0,-10.109353507840114,-7.557352813673365,-7.966009560449283,-0.3765986086051712,-2.3450276398295946,1.7659581361164398,14.103311662816148,-2.5558720432432263,-2.5132613425926578,-5.6159785050604025
0.0,-12.424906681313637,-12.154412540593837,-7.794060661587057,-0.810308615586613,-0.02120789261146072,0.6410680328986345,19.853125508989145,-0.19850619075608683,-0.15113707921396324,-1.3830959531934617
0.0,-6.038269825342518,-11.272115602309283,-4.7964386625417905,-0.8476853615533401,-1.6005948458774637,1.154733634226684,16.59935137653393,-0.5292731814443592,2.070792233015065,0.2957781615969429
0.0,-7.217296661238795,-11.523297105638859,-5.7376031556474665,-0.47573138395045955,-0.44803976390571976,-0.41725572092595353,16.695309529472343,0.10296311549016324,1.4708524253765507,-3.158195927074103
1.0,-5.5088250272195225,-14.88809190096998,8.50722624777929,-1.0764200419258643,-2.6084621581670238,0.14689782940019433,24.881441833567493,-0.5087866292307432,2.6492275195955575,-0.31820270747629287
1.0,-5.817547636890546,-12.919649635957459,8.257163468508493,-0.44105206425157495,-0.3637357414070652,-0.252951551225048,19.209495204485727,-0.48075557131127633,0.2110430563517371,-2.072351856682739
0.0,-10.442641852371816,-11.257388216802273,-8.806492851497323,1.5693630179878135,0.7248486276890167,-1.4216216225221452,16.14474479655904,-0.7895500503162661,-3.3478360263191687,-4.349031870057967
0.0,-16.48666419926481,-13.55331574068045,-10.659875323495221,-0.7875303018173087,-1.4510703177459836,2.7776400783840858,20.310654987751356,0.6812157631344924,-0.2451340753724514,-0.9029579811645077
1.0,-5.833664922727462,-17.829393067518925,11.672476879810109,-0.14649658183001962,-0.5172248894424342,-0.579648048819414,25.820041830790643,0.14773703457512138,1.347398290871019,-2.3140491866659096
1.0,-7.589443860918953,-18.152005579408065,9.56618365915807,1.262944060189395,-1.159049393477655,0.1978986561830589,29.224833975342783,-1.2983516608428654,-3.2076945042346305,-6.9818464034651395
0.0,-7.047834888402356,-14.401674802156261,-7.424818833273218,-0.890293531458576,-0.3551846040938168,0.6827229629948096,21.649592834739977,-1.0921509891019514,-0.21161005997252968,-3.654358005036366
0.0,-11.550831988967023,-11.305384046288957,-9.198491767275566,-0.682369131181715,-1.0244336065053012,-0.535363868353838,20.936132421804974,-1.2117924905331088,1.1185821343964222,-2.5824060455814912
0.0,-2.443397346244172,-11.052877155901658,-3.260449500029711,0.9496500877767243,-2.162377008334446,0.06532461956864366,19.394925286583337,-0.7452303999924665,-1.419794813875797,-1.9834640023623038
1.0,-4.830850153408576,-15.673653129400577,9.407243490970377,0.8293556079896826,-1.6641489875052915,-1.9356681837607534,26.256630057546445,0.5967696614219883,0.8769836287399357,-2.6780479982826133
0.0,-8.096829417170389,-10.894354896668634,-7.8294966637027015,1.1393839987905232,-2.786407745560175,-2.134370510952202,20.65331247921224,-1.567828246904581,-1.3865230937784614,-5.352805175731537
1.0,-5.340316187771153,-18.29065648893048,10.937636852754924,-2.0965574216111276,-1.2087681469765146,1.9426550065347876,30.175255892366522,-0.01619497395912617,3.8454985482124964,1.010780174383112
0.0,-10.36149225337032,-16.297380817818514,-10.070686590102076,-2.2481756388525764,-2.642566381790975,3.7717757864375736,26.303069593671008,-1.5808445911720326,0.4378096324118149,-2.7330760393692404
0.0,-5.612990427469122,-10.498165976327106,-7.206433519490851,-0.812992267073237,-0.6041074230409625,1.5639451438329746,13.859764318962348,-1.5951947985277892,-1.8428931710260585,-3.0771530794401465
0.0,-6.63750111687697,-10.126494770355484,-6.536859055895608,1.268129911371404,-2.500023331951504,-2.5841903693908352,19.760837185234223,0.1510066740483607,-1.8813414424496973,-5.93542514875117
0.0,-9.089819916542798,-14.221317131419234,-7.484237839246252,0.5603056903970729,-1.1322893534352836,-0.9334817228327299,22.188663240512096,-1.228982726343963,-1.785372710979488,-3.205633690828512
0.0,-9.719995257547422,-12.009267421141818,-7.936142087760733,0.33080565447265575,-0.6160308557645249,-1.386395777863655,18.75971933628443,-0.4211299259062566,-2.254648282847803,-4.38358099246126
1.0,-5.8527975038096,-16.333285446391617,8.295723564899841,-0.2517906515635913,-1.614661764431658,-1.2653838315859045,27.285348578316142,0.3411733138582279,2.3576589024315386,-0.008200196895736145
0.0,-13.15766110507112,-9.722918870733354,-9.553746660567613,-0.8937588348582812,0.7600410088973504,1.6806399815437114,13.527595963649738,-0.6622340427718033,1.220597757573906,-1.8941101995229475
0.0,-11.74483740511085,-9.277740616898395,-9.607014179567534,1.1401692770509315,-0.713294644826659,-1.9655534449680756,14.897107764696,-0.36323293563963366,-1.8248705926789386,-3.235172409028927
0.0,-10.272840667035844,-8.596935443224464,-5.77216812371913,-1.1225252948606836,0.1612064537713389,2.3711838138588233,11.853333324303899,-0.07236707754913652,-0.8817273955732321,-5.057805326897993
1.0,-6.975827690437395,-12.59215064385341,5.703379727333849,-1.6353759326932193,-2.0002916745256707,-0.4578218967722432,21.84600995341667,-1.2210230744845574,2.576022601989995,-0.6762078861066326
1.0,-6.8623264298041295,-17.575668025775556,8.618947214326186,-0.3197142431306586,-1.6628660629175223,-0.2892813509639457,28.270944551924853,-1.330699599584468,-0.38496539625855764,-2.2156408051699015
1.0,-6.539259982966403,-17.966657818263574,10.487434209121265,-0.4590027761000468,-1.6990137346862864,-0.6907013524973956,28.675567935684867,-0.35690299211710896,0.512308032053283,-1.724147857626675
0.0,-8.178421292968478,-14.20495603115929,-9.732459653969377,-0.5391992447498606,-2.7579713955101557,0.9119876100486964,23.37082739041834,-1.8468373031544119,-0.4724164397135405,-1.7008448908672547
0.0,-9.764548649327429,-11.163123612165522,-8.618920154062604,-1.4543676074842506,-1.9691056935897886,0.9768401169555998,17.732223651678435,-1.0812753253690968,1.6712434095252222,-0.13885364766603558
0.0,-14.2583134747013,-10.748892108593669,-10.631373606500837,-0.6510399541120009,-0.783409986387555,3.051335269723223,15.178666871404905,-1.5834549111419225,-2.3062676523945242,-4.454688024933441
1.0,-6.270734919559533,-18.553564748702296,9.453254457710843,-0.6993055851199173,0.2494602958711234,-0.23551094155679786,27.614908987392088,-0.4316583132286069,0.7484251572191559,-1.5645386446804217
1.0,-6.324801576910661,-15.495464027802434,7.989218643791569,-0.37819583600998813,-1.0007596530046892,0.13291241767214848,23.81060821235314,-0.015814482898724003,1.0968710529156096,-1.9713342212239533
0.0,-11.665100873298313,-11.209866528677944,-9.057415776006888,1.4974308304134056,-1.813220898452143,-0.9164772033234226,20.12742262334708,-1.0058192257972647,-4.374364865514776,-5.872088443378871
1.0,-5.492348055501103,-16.13137534457275,11.835898082508786,-0.4929165018517708,-1.5984274409964754,-1.3516782641009693,25.015317316020454,-0.20233915406660796,2.239475435388825,-2.7171393053034443
1.0,-4.521537134764469,-13.180487856748,6.938459383038752,-1.0993873102711562,-1.7690348158017908,-0.10195033442548708,21.48833875770592,-1.1827783322557153,2.051118583829923,-1.0831867493197287
1.0,-7.543185678492192,-17.193554981012326,11.607172406368017,-0.6717815112792793,-0.18810172234463007,-0.19821529560485873,25.198674758388005,-1.0252790687156137,0.5389939408337187,-3.321866854871057
0.0,-9.549928328217465,-9.479842009166857,-8.355195522603363,-1.293146103408099,-0.9835042717511123,0.6626287196727352,14.442858424864655,-0.30120254091132015,2.5727056665410664,-0.4485607796025428
0.0,-11.173476997855001,-11.863771390954854,-8.948970630830326,0.7203146149535107,-1.227590165687775,-2.0169487706674354,20.527229693539823,0.185805654672345,-0.5985095862442498,-3.640801878174183
0.0,-8.576944320444266,-10.831713869344046,-8.558195471184225,1.0129540576127432,-1.2276101352073645,-1.0972991941359593,17.847433756623875,2.0440923013236585,-2.7522798408862315,-4.198067367934572
0.0,-11.779153751793247,-11.051334537303733,-9.24771388391045,-1.0403524675500362,-1.6054468210367503,0.2681954243411788,19.23403359169359,1.1531589134847273,0.9353032050090111,-2.8923853104950643
0.0,-7.785190144755676,-12.747896599503568,-7.1625058418231875,0.0681073543010044,1.203059623251245,1.5099027409404617,16.648346509713544,-2.1300986968116606,-1.6107090575791891,-3.372253378954925
0.0,-12.348419521123843,-10.465891927325366,-9.106087276411394,-0.7767916215049202,-2.7005172528435777,1.5764345200282426,20.19825727338636,0.4578745665676365,1.3720560395050803,-3.2492319410638406
0.0,-10.87925824782653,-7.500804165575601,-8.073804060021436,-1.1063676236481335,0.9685781158175635,1.8791706630090377,7.925275550612532,-0.6508208621070044,0.764650506921025,-0.8937925577566641
1.0,-6.939399494726646,-14.613210205273207,8.375017583900545,1.065507009065736,-3.2305770797358377,0.02206013408688845,25.112165539166607,-0.6091350254674722,-3.1899793870044584,-6.3870383994251085
0.0,-10.308170105358178,-10.152974857062036,-7.63997441033352,-3.0766339050077445,-1.1587995471004953,5.868657411447167,12.723572646267604,-1.5698915063110017,1.3963367292052022,-1.1835038671773133
0.0,-8.38775102868053,-14.040809441967838,-7.938286126203059,-1.935105856686938,-2.918242061740221,1.2210399605110913,23.89112697475152,0.2682378581683247,3.382400613618466,1.3881017798681294
0.0,-4.540397162965277,-13.299095559334042,-5.929072933563885,-0.8534900239402061,-0.5127821651914322,2.2876242881598636,19.29498191837511,0.825534335471268,-0.0021215503428193005,-2.2985071995830753
0.0,-4.611833225152063,-12.521296350924644,-6.044102007887139,0.7868463651471289,-2.025073817088872,-2.7811600334085718,21.091710053759485,-1.272114942845191,-0.5003316215580922,-3.127872187679411
1.0,-5.603497756431696,-17.138946589410452,10.411859048819533,0.27479805223260984,-0.944962498600218,-3.0735411275573843,28.17484073947309,-0.29005277077548125,-0.3109691562513549,-3.2266084047820565
0.0,-13.726440038499211,-11.850125483412628,-11.439169985063153,0.13059532205260815,-1.5992932252772931,0.9968996888108204,21.360226360956236,-0.5135199028595225,-4.066403039724289,-4.3248352918623425
0.0,-4.190620017374761,-10.729940094380488,-5.200306782992421,-0.1845475043495855,-2.1147377028876972,0.6261568703377823,19.451557584906396,-1.0563709130589047,-0.9259466215916693,-3.117943727360143
1.0,-8.318228315145774,-19.192614201647388,10.428477947727922,0.6302399142549215,0.5883702123553405,-2.134501206308088,26.793938599728364,-0.4347177228508969,0.30701270521482815,-0.6976376360918042
0.0,-6.157625074671074,-11.155127241364683,-5.495150751719625,1.4447885384459986,0.74302454993239,0.21968939475527893,16.907485716066287,0.498328959340963,-5.530929158093619,-6.119600125465274
0.0,-7.91245225893634,-10.122259219387855,-5.651359876201835,-0.39658257234722255,-1.6053832249065432,1.2270054711141132,15.774820151652406,-0.8016007017279796,-3.3381683109216125,-5.494541448000706
0.0,-8.709858868063348,-11.730121357771045,-6.757535954408776,-0.07798520813548737,-1.211081504837207,2.1536921522522903,17.80264307042613,1.1129650885820195,-0.4906868268144118,-2.9532545506765766
0.0,-6.049921506594521,-11.386758233847393,-5.871260493845779,-0.4551368131332072,0.504428231065621,1.2287576499350494,16.82518519394186,-1.5795486385315232,-2.503863243261545,-4.693106684332018
1.0,-7.158914284889219,-18.479646412243486,10.656853613326032,1.2105056688496814,-0.9488092481967004,-1.4402930484432117,28.99618002944469,0.014975716904917724,-1.7014373618703442,-4.607737214767276
0.0,-11.641953594872712,-10.514961189422174,-8.150918576748593,0.2240543297564953,-1.1911126226074311,-1.3332039237553037,18.569701860669426,-0.7212441376912107,-0.411178255430774,-5.1923914047802
1.0,-5.9789303075652915,-20.186896608300682,11.285976927066752,0.408841418164402,1.199108361512231,-0.27234695348795845,28.310947224638813,-0.5034225851488653,-2.145702313787015,-5.4387288817691966
1.0,-7.4316632608041076,-18.50763497588881,9.746582900158801,0.45656245881584023,-0.7935654617709844,-0.9149590958568091,28.124257160734214,1.2497919925610743,-0.5374493560681735,-1.3780222004088025
0.0,-7.792298276443084,-10.686876982655425,-7.156821986183916,-2.717223230113346,0.08694284123856322,4.544847302271423,14.61500421951644,-3.118325583117059,2.035999271549468,-0.16890046649008483
0.0,-9.859325268654617,-12.501836171535722,-9.775775507789145,0.9141346231821728,-0.5346947131914922,-3.0619177842486582,18.823620314751928,1.1897967559168028,-1.200237469398171,-5.704093532068404
0.0,-8.263809350796596,-9.779940487639799,-5.959453838428364,-1.1288973245732492,0.15303476059260301,3.020267764902063,14.812749756007868,-0.48854256301533466,-2.0668591356191532,-4.662703672664603
1.0,-8.02265735873604,-16.81247544051115,10.415821787686005,0.0047600312276787765,-1.1522106430899768,-0.2182229633003123,25.777289764186936,0.12164806713481258,-0.7334942213344681,-2.6897514168581376
1.0,-6.341004061774876,-17.104348020211678,8.547142895718943,1.8277546061990555,-0.7164197534470992,-1.4444990685552948,25.96878075869238,-0.8072084518884466,-2.987321888118293,-4.981610763026709
1.0,-6.887197004831273,-12.95240031059147,7.055711611905568,-0.2358374069122941,-1.329358119270033,0.32217521032500784,21.02000522081504,-1.7966529401027576,-0.3701069610665776,-2.780136199474409
0.0,-4.434458996381377,-11.21290382966563,-5.7179538041475135,-0.7493605774307406,-1.2901004459802643,1.4964870565686172,16.538923778375526,-2.4257094650066557,-0.6069498650133971,-2.7295694819892806
1.0,-6.753521628808821,-16.929683754199484,9.733509776500732,-0.8887845399510651,-1.3493823881642977,-2.640257334355791,28.559554978958964,1.007889633160977,4.198801589774776,2.1399224356582813
1.0,-6.2898101230079835,-16.120634013002665,6.193624736636676,-0.001507232993618074,0.5996094133452015,-0.024020476938781676,25.00739860993607,-2.4391019451534577,-0.1806333843710033,-0.841058106253072
1.0,-5.148599080814152,-14.34232500419485,9.54213973171965,0.4970520936490316,-0.10731017769087203,-0.3227561291179405,19.446975523312034,-1.1003261502980024,-1.4274098954157748,-2.843600297719829
0.0,-9.583488949577875,-7.9144953391777015,-5.6686935919037,0.28602424894630984,-0.029647417275700194,-1.4648841653079734,11.514441534465966,0.8799550858767761,-0.42519004964140944,-5.564592872645102
0.0,-5.918024392422025,-11.704650156363305,-8.293174445431724,1.0989240208349367,-1.3314504515667902,-2.493847754979434,17.97599722522853,-2.138630735470242,-3.026016816748071,-6.417476176596935
0.0,-14.54444300662897,-8.349123735378534,-9.159673295680996,0.6836105996664513,-0.513245436559845,0.017203952362513708,12.323618258893,-1.2952128375942271,-3.247037887222615,-5.75314401188087
1.0,-8.063572356008008,-17.36963776926311,10.866982711476156,-0.034964018686905865,-1.6595939435933742,-0.8167768386503234,27.01269344640737,-2.213761892787776,-1.0862096563354946,-3.4143633312454407
0.0,-9.279502029387206,-12.819633082550244,-7.61630280546458,-0.4468760078121484,-1.489793044381099,1.0621153383530342,19.261094408703464,-0.3001396419903186,0.726282545605363,-1.286876319170287
0.0,-8.896431890483676,-9.60615909574851,-7.181665356180191,0.16963435089172685,-1.4206851567067014,1.0129543147968012,13.993092027439964,-0.011592058544953099,-1.5156017878801145,-4.705495703807731
0.0,-14.405640825988781,-11.068707658842536,-9.340256965929715,0.8346162755712307,0.4108192693120787,-1.1002302488404994,14.113780170064313,-1.7134533382068504,-2.441271928929356,-1.9362346915742452
0.0,-9.103709929721374,-10.046464500307293,-7.4188033367684705,0.2898337936423456,-2.1074529710450705,-0.30391394269440763,18.01551607061942,-1.2055293459518894,-1.3989265840837102,-5.611664463783802
