14.81362794360225,-0.039371070982438194,1.432638401846064,-1.0043813023390844,-0.15919054299152147,0.053358111118300355,0.8089047788551273,-1.562181321922713,2.835953118327317,0.7341937650493225
18.029476841334617,-2.652373120410167,5.290217281633911,-4.306844933479882,4.282932663838629,-3.1378116627463624,16.495368756787006,-3.9321387686805007,7.508488296197185,-4.379034865873661
13.191044728516644,-0.8380404013116687,0.17768539928222749,-2.3320018697458393,3.0077275001339148,-2.277218701685211,15.450466587843753,-4.985479157489123,7.00677513716754,-0.9649994460589771
16.931316964875545,-1.2126711295684676,1.382009179401066,-1.5495734615294172,1.7572971157025603,-4.6205617329598345,11.397062843586054,-4.779501961201797,6.5315297856668995,-0.7298836822911832
16.071640876255042,-0.6561416403181343,0.8830618221250891,-1.753119927857535,1.8658928592529194,-1.2240842155260852,9.146838742265587,-3.7009481883625703,5.142372330735654,-1.7058999946028368
15.953884036653982,-1.086174324128845,2.9074316884332934,-5.507404879623278,5.4370498270002985,-1.4326788178642231,18.582079035166892,-4.236809543163624,7.859149189099018,-3.481940972476448
16.011364265699008,-1.6324186847519162,1.102923784118102,-1.0788612631788508,2.192167632319695,-1.5817698649846215,7.882971828851039,-3.352362429032449,3.5790793248839927,-2.39941425263612
17.811055023912626,-0.865190484710586,2.0183507337369577,-2.6548818422368305,2.87150595340098,-0.3656522790861432,9.652668877138298,-2.4884393015327166,3.6259738749868515,-1.2725664273405455
15.29381714477944,-2.05395732811013,1.2184203374692597,-3.2068815866436435,4.171567771310781,-2.818453023341882,17.555222738702806,-4.371750881905362,6.809117288799431,-2.687236906871841
13.671345637376774,-2.4542279308322694,3.91609124595011,-5.762247102443114,6.028896847793151,-3.675146483464134,22.74482213526762,-3.364342997061576,8.18800300820577,-3.8106050355103678
16.75315818967521,-1.6809982049379009,2.260591549048279,-2.243467563110851,1.5061461302008554,-0.6128532641375326,6.227810722512302,-2.613381685699667,4.013847087203208,-1.613525942747468
15.228733982014605,-0.5475806293187259,-0.016985153612141923,-1.651327261606772,1.6771877398317039,-0.9157420342668996,4.447617642842856,-2.554166730669459,4.778955129144337,-0.15634250000437933
15.455795745687908,-2.27990015374127,3.180874026151801,-4.801315020331261,5.335520811869517,-1.466604543126436,19.00857501208544,-3.037364556745306,6.576634894156434,-3.8013448815212225
18.884279541360343,-2.3987995772915607,0.9784249377809513,-3.5861860885924037,2.930368300137276,-2.5397634255613206,13.343485364823135,-4.240424031425688,8.254874085627698,-2.0295069298026807
15.442581633213988,-2.0547529346905273,1.1995083720911344,-3.1600524011261206,3.7132512476431483,-2.749647821369962,16.815500493322315,-3.412299015479357,6.1100520798039595,-2.8506547042181807
15.170045617394832,-2.4830285844793165,2.8195676356236703,-4.317781093398508,4.122084372709287,-2.02960115593656,17.249051104713146,-2.8426743639864576,5.9015467391650756,-4.010886833571543
14.366235418741269,-1.9911066797047416,0.8810211939017991,-3.8489710384513796,4.0000584748374415,-1.272585151142978,15.087743692621448,-4.530788947646189,6.918799614812787,-2.6820540176836922
14.466346188495605,-1.005683008414688,1.8399287552793246,-1.0800883418411842,1.2595282129098846,-1.2850997185055908,6.172187770326232,-3.8380648581312675,5.639988840987953,-2.8690754753219565
18.192027661034953,-1.3401502648861567,1.2371672821764,-3.7280667338189275,3.826554376820902,-2.4104536726816654,15.134622140375255,-4.997254136290221,7.877861416983308,-1.0467782091033495
14.170683121360012,-1.922403822675748,1.2718620725882477,-2.6750893957591972,2.8682058970345317,-1.3519341684681354,11.101076898191653,-2.5652615493662587,5.17558177234513,-2.0337493423172353
16.409876728247283,-1.5490639690459642,2.9739900239819153,-6.154154102986368,6.291767199174721,-2.3562541542344295,19.207672364606005,-5.53427618872392,10.952313016428933,-3.8127927757869067
15.540140032786574,-1.226127740875931,-0.04161641149138329,-1.2652254383598491,0.475862105598319,-2.2896752384540675,5.895718266740056,-1.6059792931650692,4.306467644332554,-0.9377227339273209
16.192173761432695,-0.9439210130713643,1.0173445698295365,-2.7094523767334806,5.741685035664076,-1.6498160054714766,20.38157546720732,-4.235219082024158,7.5918995312181075,-1.008200919690653
14.593684161729886,-0.4716667515324079,1.9055774539802832,-3.8646089596958504,3.509772526917693,-0.8978118529472047,12.021130968891056,-2.0550272849789555,3.652931196222532,-0.7999281442528544
14.564940474647152,-2.5945729976533984,3.3206025253061675,-6.663287070294472,5.49581042876285,-1.7067984765806992,17.882549418840707,-5.4107827474985974,10.716249791358157,-0.6165408364863576
16.567514642297382,-2.839302863010409,3.385684958678175,-3.9595120193434155,4.286998273995317,-1.9214901677866498,15.49147119643112,-5.198907054254193,9.30004715619276,-1.8409818321187714
14.001958446940632,-1.6870462018137355,2.9575887517113832,-4.1884480904728285,3.2954180218081595,-1.5982162863351235,12.320915135505434,-2.7917136965324945,3.464877085177795,-1.213314090435563
15.764117371038854,-1.440360145841626,0.03291669310843304,-2.615120379506954,4.196383250229797,-1.7972357425362844,14.956706239190186,-1.968438678941353,4.692409254828872,-1.9877142427262735
13.03431747979313,-1.6474499129382572,2.0500678116516764,-4.131186610732182,3.7038117348563127,-0.737123550527444,12.835554137141793,-1.7874808165578286,3.5862321139582756,-2.8084968916659157
16.432955967215538,-0.9042040461124247,0.4915241629431034,-3.9134120008790103,4.017062135155394,-2.6479416173392223,16.375693044542874,-3.8448858519434976,7.313012266196072,-3.108908756365015
15.298903300401097,-1.8333052729472237,1.2097076587009683,-4.4485839429496865,5.375429177947189,-3.2843105641125705,19.87370638960145,-5.135758666488287,9.529827131251329,-3.06343844469105
17.280301349746583,-0.8296328672244188,-0.7068740794584092,-2.0903440612494597,3.4160365473805183,-0.8861178266497889,13.129712938415091,-3.1912331033763497,6.666293372360877,-2.0725114351681437
16.893403570122928,-0.6834460037150154,1.7621579599439234,-2.382599713997336,1.7754178078959546,-6.632110518101086E-4,6.22430808319585,-1.6178677722195318,2.909213207146752,-2.7363413646107158
15.73503182873829,-0.8677563243508692,0.945560601008311,-1.6622854979758797,1.9304524000900103,-1.4399483936258335,7.993199912934242,-0.5593701149580175,2.1554050238966647,-2.3840480546907483
15.616955782990258,-2.3259226001780506,1.7173097307390914,-4.120139990239419,4.570149012253385,-2.6178185359591213,17.349872687657697,-4.976064682035796,8.733460555548293,-1.9915567757787398
18.8651764782566,-1.9277925615140925,2.2904907088983526,-5.264091567671112,5.763500476752826,-2.0852782295449046,20.416182110013192,-3.6446708104215415,5.290889451211985,-5.468620297409181
16.580736131696675,-1.2788015437576143,1.7820207963645454,-3.1378771456319314,2.2381409699845207,-0.1516193522345688,7.13366830630305,-5.479850447983486,7.623848569511816,-2.0774269558702225
13.607131385886204,-1.4490533274047603,1.808275688702398,-4.101017758148165,3.2837295591859847,0.07338868653261033,12.131408754961253,-3.231885692242426,7.262318122641666,-1.593704619457012
16.404067809543232,-2.3703451447239754,3.2706004428559767,-6.0154461414432525,6.830996643398974,-0.7077937877270566,21.10395707640297,-6.570907896299086,12.032124847306855,-1.1219127227705332
19.72867476809148,-2.5301768280840244,2.250468711629377,-3.896360601595867,6.191161745032005,-2.5752059604521653,22.019202425129198,-2.6295689653882035,4.769749662289848,-4.429836134840181
18.31120713424883,-3.2577755647521895,4.854707941420408,-8.023089986347284,7.1942131579199575,-2.806639314023919,25.011271400958904,-6.379462940992668,11.642544566131992,-4.638415453356547
20.28436604126318,-1.9332477436450857,1.562240408874899,-3.520542870196438,5.083537268353474,-2.4701911588142678,19.293021895121694,-4.681903637974187,9.380157620524791,-1.055310222968538
12.541216727328496,-1.7485324972267473,2.141172710066045,-2.707170313229298,3.0019252557797502,-1.9856197032310623,12.883449751792666,-3.882104938660183,7.580463219421541,-1.7050160045403384
16.63150677864031,-1.661506855852119,2.3336758997485965,-5.722322996434441,5.9838146227790405,-2.6089354082740104,21.626593142954277,-1.7846068656538692,4.0405582013447345,-1.499365249345266
17.030098415651473,-2.557584374477152,3.2388716632191468,-5.037451744012935,4.609826405329599,-2.3245691218173645,16.165950555640134,-3.924628980885262,8.116993125959254,-4.300781187687621
14.920228251506753,-0.8185740810217569,1.582670840218522,-2.65712203210623,3.11661402942628,-1.268487363692276,13.831847647173701,-4.3180846145811405,7.816778460101492,-0.9797070683143259
15.445929425375237,-1.9729962917370014,3.048518807047004,-5.500749210816754,6.334858043027605,-2.0320166095800736,24.8784948542796,-6.048425470266675,12.10334547387755,-3.274451805926301
13.345802870837204,-0.8039788140378696,0.5521736129440993,-0.36591940037922166,2.242889372516545,-1.1608751698561803,9.280912797155002,-0.9635174134734843,1.894639345404972,-1.895909814121007
14.411136060472227,0.11593356127572818,-0.5819196105916639,-2.2023908328923048,3.2596279798536694,-1.7689560731577263,11.70991757427871,-2.2631328009257294,4.575497673593332,-0.4050626939428592
16.253836927031507,-0.990411372237251,0.6218245190304066,-2.7061959415546135,4.35691330329218,-0.19832299431080647,14.105422513871067,-4.212935343536666,6.959924786614416,-0.5228006003265848
15.05422509748555,-1.6336313968343104,3.269313717928196,-4.540087737053396,5.911120606672356,-1.6400385234461916,20.43601249789524,-2.355487333716249,4.625071404950754,-3.3153459528874887
14.253948957544159,-2.4577291829244743,4.129897595059758,-5.249217528009207,5.9671152123645985,-2.313142134666932,20.011311014473108,-3.2175144276180934,7.705608435212975,-4.154089659555746
12.83641340831138,-0.8968536870933499,1.9624851457718573,-4.106478800239728,5.394999494724248,-0.6908785494247394,14.82331514412006,-3.189576000222181,5.550789010819791,-0.9267494038719337
14.218408239846314,-2.3395077454755127,2.2901426777090457,-3.0177444964437843,3.8404759731473215,-1.2247581871422522,13.87048473933004,-3.9707703155718894,6.113058033629119,-2.9191137979510526
17.169567544749636,-1.2472512270354308,1.6022710827886244,-4.788935398711699,5.119635725389996,-3.046503634064569,18.25229340547961,-3.6332247488304037,7.7477428404805,-1.9359415185827031
16.90057514312772,-2.160406219903173,1.4892506590684353,-3.7549135932289674,4.341720532053049,-2.5647892581832012,18.35710081212967,-4.3673604254278375,7.901658898939323,-4.365635698077954
16.17241541617787,-2.0556116196448753,2.7159649306696205,-4.931730163159437,5.093529702159606,-0.1453799820090853,15.821647534378522,-3.962576742349464,7.581071163839614,-0.8407709353432895
16.468603991919213,-0.683529806775142,1.6278983766198585,-1.8580743065834666,2.1832958133083733,-2.1444073797789964,10.949092130656323,-2.3862910668975266,4.296054072543908,-0.06722967721526629
17.383998732610365,-1.467558547613409,2.2079253903312717,-6.708501429474671,4.970234587590096,-1.7334378978372944,18.064274662841267,-2.958249366410098,7.880073754183712,-3.292721089576512
15.688312501002581,-1.5356233091107483,1.1654666775577893,-5.986218629224389,5.2053080716506095,-2.7366245497655064,19.70825804055661,-5.346219675409823,8.893104171903088,-2.9010943086418055
14.816496155434866,-1.3120436816985606,1.271927203388957,-2.240615094661449,2.558032980090992,-1.7760875870891082,13.10100286282073,-2.4961228473899677,2.8887079042420045,-1.2194247205106719
12.814293279996507,-1.4800653302962063,2.011952134315067,-7.219351765487094,8.480969951008515,-3.022829898500625,26.912638913084276,-3.3607848185450258,6.272964356040143,-3.5762660001499853
16.023640703726347,-1.8294020974367942,2.8943387942886067,-3.3328807202372754,3.783576235150476,-0.7239587635605009,13.820021495471984,-3.3731435197171473,6.771811877023973,-0.7421034409617431
16.383300781849,-1.1940283619237928,3.3304823753727337,-4.743874570706751,4.250540502655587,-2.5969932095602695,17.10476818398876,-5.696674343328774,8.131309785703408,-1.9896370343547687
17.18902542450538,0.13185761122408057,0.29385917597580125,0.05432339253660423,1.4431948888530577,-0.13139815975115776,5.46592781743779,-0.8761871851339925,0.36519984416253504,-0.911352597748457
14.932932279250501,-1.286052647392246,1.5493101241873348,-1.8296168934400396,1.4906699570735367,-1.5072628522735159,7.932110624656502,-4.816905631439543,6.057759840493765,-1.4606331493710614
14.842600777843158,-1.8660574800212222,1.6381893600009163,-4.455620037143364,4.362256002104733,-2.5275235495800543,17.397210619924458,-5.468664653588409,10.340096578283525,-1.0863824634948118
13.287610781131823,-1.3639580320747198,0.7892436716332308,-2.151476284318921,3.434336588096851,-3.3968603007781093,17.455431014970753,-3.3325382525505582,4.905574514810135,-3.3968594305786657
14.987351192762947,-1.3498522399349218,2.8245579301531896,-5.115544171868459,5.817630231633335,-1.3960603970105705,18.933020171964902,-3.982531500897602,6.61919402602367,-2.7338542137147757
14.759060781475062,-1.8427224143090615,1.752699612738202,-4.421043319896537,5.581020564172862,-2.399280467670718,19.87781117200684,-4.231091015769752,7.9240517378304585,-4.66488031454631
15.496602406648398,-0.5976779814836329,-0.46474292292423425,-1.1763469396670565,-0.19784137697294324,-1.4000574903651106,0.2728536197937519,-1.325624316808329,2.021999837644847,0.34203565429101407
11.779724638268886,-0.7802518470935368,1.9301181679599606,-4.328172273789322,3.4079074977167503,-0.7179577716256282,10.936824706017715,-0.5332216443708946,2.627990243859967,-1.6509177371123582
16.798025087618004,0.40189880566001435,0.2682845280812799,-1.5665887667599314,2.345137796349119,-0.693153480658084,9.053584531226829,-2.3974465919360486,4.026788499080079,2.348559295412715
16.86955485307028,-1.5458028468531186,2.1129782623449835,-5.375962297609385,4.773741036582258,-2.735691046204841,19.619445867797882,-3.689908061453428,8.394020577212416,-1.86409988673334
14.41398939238667,-0.8822076587747225,0.5918743585864895,-2.2962235010987606,2.2852844863261215,-1.8649610434009567,11.019489993833254,-3.9256259660711037,4.74718100566114,-2.42742631664723
14.055100943869613,-1.7152640490369568,1.0766511392046787,-2.924961771555147,3.369936853267602,-2.2074282824418496,14.2050110846373,-2.902229506104799,3.9450679515381504,-1.7092691909906714
14.502819330408803,-2.0930440845823344,2.5565727728025296,-6.209557161775653,5.549363806663687,-2.3452764163583186,19.913219862344324,-4.538508496057674,8.651435276493658,-3.5279129371397997
18.21420644729175,-0.896301875929336,0.22749919269290864,-0.5311912908321903,1.1472682792901758,-1.7246396815589689,7.50707446591171,-1.3249084230490604,2.416381796620577,-0.14138303204399671
16.855416524200386,-2.865426933609163,2.518357864665376,-4.87286897150536,4.874079261686578,-2.4228633272967524,17.07879862770052,-5.715210233952647,9.830733094612683,-1.3961520071649642
13.676517103093524,-0.5281792184376936,0.9038615297630308,-3.6969062932475847,1.7518231574315575,-1.446301034788035,7.015084459242415,-3.450543514171043,7.666591917480327,-1.467573309585195
17.125146506730363,-2.3646248550979827,2.457235412524906,-4.050524744248341,2.845725034625615,-1.5570544760022988,10.079472776896987,-2.7546433938229686,7.309585109810367,-2.7798289212039275
14.590976339282637,-1.5447510243590323,2.2440646827062096,-5.079089568894166,6.68938792962378,-3.628106208414706,23.61928780274181,-4.85765625000388,9.80857823769714,-2.869400070401692
15.38501452341731,-1.0410738219235285,2.8175060511297936,-3.713322041399275,4.013231517751981,-0.7385400712038566,14.034158671828045,-4.138657864545161,4.532234110171613,-1.4594900437283462
15.31476033883883,-2.322947721232159,1.587558276409297,-4.554026879557337,3.997697450205102,-2.3513388051943207,15.630951380298436,-5.505907465914904,10.019634005418112,-2.6079760119264725
16.080062336893636,0.2252621504215373,-0.36217052204536604,-0.9486584585989679,0.6467693023572632,0.18277844965154466,4.744051707003844,-1.1201662105654373,1.5883061629125077,-1.6514802499496501
14.486736336131308,-1.88112488338163,2.909404571576796,-5.0350784992253335,7.107008497424185,-1.3588852069340098,22.494094064365385,-5.644368163186223,10.7619346233407,-2.8188984484932624
16.41011060499329,-1.5211960520896892,1.7842536063785708,-5.070913926834687,6.024693593906989,-2.181876146782496,23.22856853581669,-2.4603880485158722,5.908871080964029,-2.0644712491878603
12.849153094295824,-1.169489244347601,0.9621620885718062,-2.448393621201502,2.4947286482063484,-0.9707266226654959,10.198800397479097,-1.6731497292429185,3.44254839770943,-0.23403736547272547
14.582495217403935,-0.7523799779599861,2.5897376299354398,-3.487602235693756,3.694253713842096,-1.722084215621515,13.29251996240469,-1.6430542975397013,3.910637671569576,-0.6434850836446588
19.777226264157843,-2.586431440128904,2.992960136820702,-7.2430653434550525,9.141031531046355,-3.385890201531814,30.5280386455354,-6.397097299730996,11.739524505793405,-5.326626652077137
15.339108737631866,-1.96922934021254,1.138861748159725,-4.115764848540784,4.652952475599863,-2.1679240564525326,17.57757419631016,-4.58262582589862,8.356197580667482,-2.5177820569517633
17.485797398112748,-1.8484075842405863,3.104224961256052,-4.843172982972652,5.5842291610715655,-2.980177531387768,19.761893289012477,-5.407651842474164,8.885983438775396,-2.0157335228765
16.055048350530775,-0.6529724446825508,1.0249016434779559,-2.4869592377039176,4.035105774028116,-2.1261487546947864,14.366027099189276,-4.016197316283914,7.295888758917407,-2.59579944255204
16.573356070967225,-2.220751275446445,4.265304759755343,-7.535288823850882,8.023800441903237,-3.185583822773316,29.88406993681433,-4.62421908131487,9.985090204338128,-4.4982213869719905
17.180976020985195,-0.6232641125682667,2.2178420569558357,-4.816501573410507,4.594923157099307,-1.921617897828293,19.427057000531544,-3.2910789915329457,6.655123114320686,-3.6062462300187734
13.53073642694231,0.18382533785423583,0.46804186819291815,-2.141109677161661,4.908903276892255,-1.693032086620528,19.323507576051238,-5.061212116602759,7.887125591284079,-2.661908253311758
13.701566048654193,-0.17387139296565124,0.014948457929490289,-0.7037262689455316,0.7532177301500136,-0.5902409829147475,3.961950023391018,-1.9291030953306918,2.9558627328964717,0.36989563959992644
17.01096319546092,-1.1818215291607235,0.9275732801132126,-3.0537479460715575,3.715633762644682,-1.7674350150730882,14.643459579778321,-4.118767908074142,7.331979137616554,-2.1756118110834115
14.193387871137842,-1.2765157717232685,2.7446656643051934,-5.135043776957091,6.021784056516654,-2.260259390549636,22.109673125171252,-3.6578394037537723,8.273450741285977,-1.6389721445142658
16.866551037377807,-1.434340612745232,2.0163747845076747,-3.589977042401624,4.544929752000985,-2.733288860899476,18.093247145591448,-3.9627690355900542,7.904052759717247,-3.0106637479715705
15.49655890150378,-1.7323106175522003,3.436986499298661,-4.967278171157491,4.55696124055709,-2.8522567365140463,16.4773660039655,-1.427083012656568,5.266011959181604,-2.513246505866546
15.01136148098322,-0.5691635071452877,1.9292397615118753,-5.253638428226976,4.911495054820888,-0.7446085505020559,17.261152860324273,-1.7735396050298726,5.806721306682596,-1.887380310765027
16.97384672271767,-0.5042817913935509,0.24120375700738855,-1.753289459065443,2.8165765435086403,-1.5516578558209178,12.9885817155538,-0.37175638639850117,2.28451094321903,0.3087723184923825
13.981861093739578,-1.988050765496625,2.1663085403521976,-3.0740756401997014,3.0690863394149224,-1.6876989372574114,13.291409528493912,-4.942237011515117,7.618726238254791,-2.1218076931062946
15.429344046612435,0.2449564727352771,-1.017359950184878,0.066832261494847,0.1359802504039381,0.3955931766112488,0.7856420224893855,-1.5868296720446344,2.194773551946901,2.2519672121839958
16.080177017951748,-1.5355967680911087,1.9127598259212413,-0.3851901342087847,1.34442550604424,-3.7112451515521157,10.025218736390357,-3.4727805824551377,5.951463779614067,-0.4480701080480774
16.46209300461122,-1.103576544913119,2.835460956865557,-2.2508399357310647,2.853397436011158,-0.7158485551379928,10.527467925178499,-1.6064528059406404,2.948194247605835,-0.3200602102692953
13.412891719681141,-1.0970974641740754,0.35699816788686345,-2.2095453467326083,2.287294873886305,-1.9655474847114385,11.02631643648538,-3.3867006151856676,5.193739153775138,-1.4102730168628086
15.42970531946757,-1.2030897703505559,2.075623505339375,-5.643690089028196,8.256788849958113,-1.1121382382463247,26.613255115883533,-6.907057501715064,10.912392733307016,-4.745194033373806
14.267431618492074,-1.4703773291793711,1.8425203564431203,-3.881911247702475,5.285709086806838,-2.6933271520062902,20.082437941936256,-2.981277983224907,5.868641813793182,-4.287591345051699
15.61464360435845,-0.15304663239077865,2.5018182635560193,-2.5063256149932247,5.693824433035012,-2.2066830947026275,20.1708275480037,-2.773610256744945,5.344195385620629,-2.7069955254794893
16.944220381956015,-1.9744440112226063,1.9431674574789441,-5.002393370680498,6.067908434035665,-2.536149025134097,21.033967403294,-5.675797694544576,10.174036052316625,-3.2921835832774864
15.980743591555111,-0.6312207457543323,0.07962319234526916,-0.8217722506952847,1.7915178253710278,0.09315782765104186,7.1702660802105385,-0.9940060224217879,1.1046238117516953,-1.7806840451309347
19.03987843569597,-2.085102244188024,2.092496116119898,-3.6635279493362183,4.994545132896755,-1.6515639383877372,18.3827920120734,-4.151869044849637,6.55589664375633,-1.7521899716398441
15.10782418912167,-0.7113089268838255,0.9933005439046525,-3.108214154737015,2.1284508090017473,-2.509900875296731,10.923270309798975,-1.81921760465271,3.062941103841836,-0.47869494403655755
13.853721186830349,-1.411701120589198,3.08070168347696,-2.777940946798217,1.9731892303087526,-2.6161811433385234,10.99509864842881,-1.6949979204523717,3.0594403738189153,-0.1589290492890092
13.979637773377954,0.043672392466403975,0.25869485423563476,-1.2949387446951186,1.722006958678784,-0.9209049101282096,6.282013169815239,-3.4956864692984495,3.9481229859923914,-2.579195629705602
15.04051048233676,-0.7453652057858444,1.172246871095254,-2.406204905419873,1.7766843466436377,-0.8685697255903807,7.955376357617647,-1.0157812127752717,3.287242732254306,-3.2976722723200584
16.434313623203845,-1.235782747058824,1.310561732044022,-2.599331128074499,2.0645255869108086,-1.8536823620777763,9.588562300875152,-4.340393480658046,6.4327795854706205,-1.7774385532147625
15.059438658523193,-1.8633622882010787,1.8746199079377095,-3.123973258741508,2.8726679346820942,-2.2343201005625137,12.708239309122245,-2.7846027424052284,5.482947066844861,-1.3741331797781393
12.55467879163753,-1.9070713219253363,1.8989873390586975,-1.974018225551256,3.8861416942603797,-1.8647139936164236,13.082632406717353,-3.6655089993392576,4.985754510887327,-3.4242759185502765
12.831567370319455,-0.28052345327403616,1.471654863125127,-5.176378954372953,4.99880728983587,-0.9890931074903114,16.45049846092953,-4.37917835738752,9.022760012057972,-0.9505116559963228
13.48109411843492,-0.7168859947075192,2.058659032773699,-3.009734100146157,1.824536542354627,-2.0272547775956404,8.967315066934189,-2.1601081619065687,5.609327634938678,-0.6022416243188542
15.273552697505172,-0.4583090162151803,0.5570324653516213,-1.6682294695975912,3.3411611128037286,-1.7171869355858715,14.112530012484989,-1.6274638313010819,1.9263234414203745,-6.149771579272242
14.76352735306579,-0.2565923603249405,0.47974250193122614,-4.343426193539434,3.336221403402722,-1.6593369156781397,13.981837125787226,-0.7350061987746599,1.196416472785529,-2.358118696336506
16.444080833041404,-1.8887227056731084,-0.0494728726640381,-0.12202023716753074,0.2987035881814217,-1.5705126274358772,3.8004722150310846,-2.7520352721597146,4.303536922855137,-1.3186500130712235
17.12766344856425,0.2179142276352537,-0.3264251984870893,0.912654410503249,0.23884127242388126,0.9348512501420679,0.29799186677992673,-3.2845538576602142,3.376145721242528,0.1314138182041627
14.011041159414525,0.44762502809820703,-1.5014871156085188,0.5528388748612757,-0.01052676635228987,-0.9510615387896943,2.8576701224401106,-2.080876147142452,0.5984063213616218,0.29161847318123646
14.209175287811311,-1.8544867092980382,2.6720394437634454,-4.172206125408853,3.8740208006239056,-1.172647186707963,13.941096589588623,-4.163481840542714,7.10938380086767,-3.5995720058786196
16.780044382652903,-1.8775352637662555,1.669501422678925,-3.408749416272842,3.2001962293385025,-2.1345988571660963,12.193124973444835,-3.8827748051087307,7.822436162749316,-2.1280235414799322
16.142667649743395,-2.203911784616035,3.004441035399831,-6.700101115625994,4.511007340761723,-3.100026360362132,18.393805799141973,-2.5885743097583673,6.515037178787946,-2.8776242310883666
13.613607140430217,-1.619127647280591,2.5953702226696027,-5.4611121538799114,5.696646778955952,-2.5329097330678216,20.750885122843844,-4.989933229413736,9.353309478371514,-1.9374903697911399
16.214269649193028,-1.4444409721090787,1.499012921520347,-1.8512063252342543,1.7541414277560343,-1.201716354218952,6.89313748477693,-2.01243623907828,3.0398073145085087,-0.7961959614514426
13.617390075563735,-0.6336654400384336,1.1541357398198806,-4.05507834921743,5.689607625792196,-0.5842035190354016,19.48925340037505,-2.915586242999451,7.325869183452778,-3.256532469621445
11.249512091632512,0.36628233519225906,1.2027331315362924,-3.5493465519474663,3.568865553105556,-1.9442018669438468,14.18086276944123,-0.8904981943412598,3.23474477049676,-2.4082370223305105
12.826061733025224,-1.4639220355048703,1.2363752269396127,-4.297926155525288,4.483162819229164,-1.5370950427339185,17.469487356136828,-5.544895524429326,9.654387059951016,-2.8633016979614574
17.44478112321665,-0.20916055037244496,-0.2322125801562992,-0.6799325176759116,1.2287045006139543,-0.509885932903128,4.511595870024276,-0.04008785365152301,0.3038753599564853,0.019741472384439462
14.731557901463082,-1.9943168849008654,1.7720193117980867,-1.3972632508787752,0.8187111619214247,-2.2760434762676995,6.729008981972867,-1.8166978709697128,2.778597209554817,-2.7443475548513416
16.889300241491036,-0.3588001906934426,0.7873135027291525,-1.1811568371427805,1.1997096525728645,-1.1990851572543006,5.529493967776843,-1.723216380726893,2.2204071470266658,-0.6256982433971707
18.008366694622886,-1.1912720477769856,0.5344107463501022,-1.2861993631686497,1.2752305453811832,-1.0708172402405802,5.979532150431748,-3.0436238899447075,3.1748304031022103,-1.2709004608406858
15.69167897215168,-2.034349762015423,2.761042828960494,-6.2364195761573145,7.071849961453382,-2.217187153452117,22.663411119924984,-5.585389613121864,9.06604323920043,-4.787498898185685
15.284885626183787,-2.0012576186981317,2.6069753367372415,-3.7145053196589246,4.1927131785036496,-1.4551065918145443,13.881162434029626,-4.29861601384785,6.580272259980088,-2.745793969248004
14.965683908583015,-0.9861504467036643,2.0636318719886226,-2.5120224607220125,3.5590759241799974,-0.9358181027413147,11.656043886415981,-3.070660208897229,5.4808721251624775,-2.667689580903507
13.972339022010432,-2.202456686716863,2.493258591345437,-3.578815752580006,4.777409013533079,-3.167143897079982,16.911378001074258,-4.507856950990343,6.836698136840165,-1.9648160514345165
14.678983743479051,-2.113772236464146,2.806968746864268,-3.085520322558578,3.992613484501299,-0.8685901226414356,13.560324056143912,-5.011355872865168,7.8556591234063395,-1.2601314796738026
16.50037151123837,0.21200339378397826,0.10681611274422173,-0.9556506167312854,1.2562521488393303,0.03281820663528723,6.390620391534046,-3.3554588542494246,3.3767691065470444,1.6903122701682798
15.422786762174221,-1.378717711838966,2.656258134022874,-5.349873089489652,3.705948666731029,-5.272280396782248,18.1994728133214,-2.3990165914058164,6.029360619151403,-2.059397730289397
18.27853806248517,-0.8553115341592058,0.45510388691455805,-2.286004884708987,3.871805093199793,-0.3157614602377048,14.444502637199353,-3.096346859277178,6.134994506005257,-4.795941825179373
15.932586773842582,-2.276159745339609,3.2795519428646918,-3.8677606792371395,2.6769814185362737,-3.3818166356819432,13.557556193666219,-4.106985354825325,6.901513487630634,-1.6334215532735428
14.91729885044775,-1.5632852604771794,3.547879813495725,-4.92127136843768,5.0079740234241,-2.491339557946757,18.81430019012698,-5.129110153572412,8.466150386674126,-1.4889665364532085
15.659037608513643,-2.185410757995429,2.5576476209781,-4.836320108559741,5.489376370357004,-1.9264533764712102,19.666417444581604,-3.1754417054016413,6.889298549084392,-2.363584839194463
16.544228652389812,-1.02024889304285,-1.3629661194177036,-3.5918139736626706,4.217879435939823,-2.046707882519083,16.54662276029625,-3.2765591086600563,5.8326467598062415,-5.478721733859896
16.24093909512136,-2.2062583344803373,2.5684985655039987,-5.263793043085202,7.183034178163041,-1.8173104836227414,24.871326716434872,-5.897348775553509,9.167296901673515,-3.6594557736482254
16.457204549120785,-2.1700196338842597,1.1516038925240333,-2.6599729649066304,3.320793084158235,-1.8539789313154886,13.789988022846915,-3.647289771725251,6.292141774667427,-0.996217421361079
17.058157934322573,-2.9576114798570936,2.247586459375368,-2.280459325996977,1.0517229590637647,-2.4888928796675263,7.0303669563529985,-3.2925419201562875,5.369256147229577,-1.0500720889813522
14.134128343111236,-1.0189638809483106,1.6793171776011588,-3.087437612620623,3.40387157883013,-2.0913303516355306,12.335399332573488,-2.8147266100487673,5.430358255401178,-1.243928456315952
17.780389772531247,-0.8452784940626433,1.4383940874754386,-4.100539509812901,4.499917992838101,-2.0639933775908856,17.89696042916756,-4.23443737032561,7.563821550731355,-2.058429046396622
18.813606289473892,-2.181936998906898,3.0254903229147097,-3.411089384323568,3.225408042087908,-2.1001309431374238,12.939739679730335,-2.7757255942745225,6.000331177199064,-2.740996073613241
16.401971722413116,-1.3543889083214362,1.8938184455268545,-1.0876759994010947,0.9749068934446915,-2.0063377647513114,6.18456456638012,-2.1709695212581956,4.41655802269089,-1.4153034629130024
14.68848869409997,-1.3052689923124512,1.253346165739068,-1.9511588867886382,3.6974430995801515,-2.244804783010926,14.111659346802616,-5.197936936547441,9.790813543489087,-0.5661669208230788
16.753348064546067,-2.333377023233226,4.477088371749005,-5.651117508647205,5.170704146966106,-2.499352328881397,19.484493939156117,-5.103806261825972,9.381951260050489,-1.6666790287380193
16.311369209790477,-1.52174064709162,3.646356377837778,-5.40595547143347,6.433494049208675,-2.1138475551161124,22.482547348465392,-6.041929475614372,9.582603884556349,-3.1785100547224614
14.592993357225772,-0.6847006476145835,1.7750918792672057,-3.3840551574418556,4.416793077113025,-0.7976900699465708,16.05160386024328,-2.4681800211599776,4.577604444386925,-3.213299258086103
16.805443730199826,-1.8508531083843078,2.7743743090170234,-4.568216873200718,5.264455676973478,-2.1400650784137287,20.05784910190811,-3.273964702138559,5.8576429184580725,-1.6582865829676785
15.018751378300808,-1.8645948911474166,2.034967776887971,-6.947902368716492,6.009163349416041,-3.8058592123252044,24.76630681198545,-4.51861504981209,7.610737670148067,-4.433669606483946
14.658947326575387,-1.0990694793518774,0.9780930729521835,-2.798089025109361,2.4853646784721457,-1.1774289938028475,10.876664991484516,-3.102683901925788,3.9032704921946735,-3.9588673442104056
16.447202559660813,-2.4927680910689842,2.1279427276210874,-4.3414287590499105,4.133877254415367,-1.9479572804566156,13.999332974934218,-4.056900692277382,4.979753452431341,-2.7945189904363943
14.730735769389527,-2.2069860313454917,3.0757676372238354,-5.169354563207706,4.691002719829973,-2.194201657129134,17.41374568097519,-3.660532780514065,8.221877510005971,-1.88415750070758
16.337479925030095,-0.5125324600109102,0.2607846232680517,-2.2956573067050465,2.6339147026593532,-2.199172411864472,11.434790750782218,-2.0776429003506305,5.100682860940311,-1.8896497407549742
14.0954731911856,-0.9442921354671014,1.4606566857248917,-3.8599204162760734,2.2063265216046,-2.82777555474408,12.491809281786862,-1.263009749070078,3.576688107058219,-1.1125760269546154
15.90876407649693,-1.6785630084332401,3.302596552712587,-5.024990052400439,4.637048929336043,-1.450914439563024,17.98559731114107,-3.8061056387073555,8.935098731747882,-2.6726121637657094
16.839921623346452,-2.1749017214658863,2.216601748122778,-2.4922025123400626,3.0939329154032165,-1.8151746816165604,13.114271785082012,-5.241197757407362,7.532002673754517,-0.7410569828392743
15.607139747092353,-1.7294426799130391,2.6481736063490677,-3.4225640820742393,3.6457868144204553,-1.6047375050748314,12.42416427554379,-3.38720700333258,6.6548582107637735,-1.6594590435615466
14.272422342532703,-0.4589272932538192,1.1715342540705134,-1.8345414365989445,2.218147945490598,-0.6058037868703696,7.9116128703280815,-2.213503555457086,5.497596292261617,-0.42563520005823796
14.231169167410755,-1.1829652242634232,1.8882773876858865,-2.2970420769430087,3.76661685272827,-1.6805883441209966,15.16001278743495,-3.35387602742274,5.721499347825572,-2.701851577696682
11.4158136781039,-2.4558755232768097,1.1231186912653002,-1.0992453402883577,2.2376554093608245,-2.6948121747714433,10.984081835890779,-3.5336252162308077,4.070839201789796,-2.4328748272086433
16.103704837521402,-2.120398276935314,1.288953003968439,-2.5585729465557496,2.2623144896893246,-1.7028417777783118,8.568879629004382,-3.289921916861215,5.597874716190845,0.19958886233607576
13.717453802997651,0.18285007537265185,0.17703580804905034,-3.6143440271027636,4.840057648927656,-0.5156555091374067,16.69101230002278,-2.928387438559348,5.311315890088094,-0.08124130980739541
14.166501655021344,-1.0682908938977012,2.489152852041589,-6.996366999794471,7.082334361771948,-3.2351972648672302,25.202678144668315,-5.189082230887326,10.872700098621642,-4.0436651944511555
16.5192093082635,-1.8243572796798277,0.9089923035273353,-2.962828119432377,0.6197625558357949,-3.088005601040616,7.902423116414645,-0.8563929881012475,2.3797205394137655,0.31099991545040084
13.241331605389513,-0.3068023716095334,-0.14602320597397367,-2.2029702667476614,3.418920081314825,-1.3815338820440854,12.743024856381684,-3.089304266737727,5.615402303560528,-1.8584199873085085
15.840773185213706,-1.226301832525477,2.16230143413572,-0.7689897751331864,1.1081815902119287,-1.6680625267199278,6.5845280878277705,-1.311983832949654,3.018579435513833,-3.2686299151418132
15.741256538132635,-1.7079260540904866,2.4014715285787465,-5.844126844849634,4.692741687759596,-3.215915842134036,19.65006844218413,-2.3889908469633667,5.922980762401255,-3.4626376095778557
16.332735756576508,-0.3093202439912208,0.15663280179602102,-2.092737390035999,1.3489269745847459,-1.683489115182434,6.5856032015234485,-1.5018769668838678,1.4886361723219144,0.84676898397583
14.527671431896684,-1.844957050655096,2.23791126932039,-4.765743305455954,6.343497660871426,-2.7836547042045297,21.253234430382868,-5.682164221705459,9.518634596276573,-4.590213488116381
14.62183948736842,-1.7870065122330125,3.3946382411691247,-5.974579229766571,5.141135963684782,-2.7904892283845935,19.963505502877187,-4.7402092022987885,10.274115503997997,-3.42990207166995
17.084108935148283,-2.488963036120672,1.5506678996699932,-5.109428526315156,5.972199654035299,-2.392544702863571,20.06255230580204,-4.062957910929734,6.825033833256009,-3.0681666143132142
12.968895474243425,-1.4662156831453628,2.6451451435323134,-3.6332286588846445,3.1166629309801266,-2.275806795303911,11.482472057255084,-4.139884908906483,4.650957272113085,-1.150932941253937
19.20648024362293,-2.246738441578643,3.519229891751162,-7.262905335331224,7.945137565215962,-1.7620226214636308,26.301810432842277,-5.354345213203951,9.942454476388093,-3.8511727331922043
14.759342365914843,-0.7839164211766654,0.39556565433435276,-2.290583487636779,2.0114341977575823,-2.071492540978127,9.241047563646271,-1.7591938698893101,2.817508130175437,-2.5759942335950967
14.670927583482328,-1.7313626513233864,2.5989052905499843,-5.375469212549924,4.9196279378703505,-3.0256004000021988,18.92028229558161,-5.724289147485036,8.89692169616714,-5.209677738483624
15.604417038527124,-2.511595664542913,2.6060402578351924,-2.593921467895827,4.352433001804828,-1.6504343739026748,17.991097542183688,-2.9322885595751202,6.2159242094736475,-3.077572889519159
18.199693986766004,-1.1275444870972888,2.1590159932993114,-3.602929772815443,3.4976609022184744,-1.8461194037013526,12.276761622247063,-4.32210989634904,5.613927730550229,-1.3768840871602386
14.426786211582344,-1.7605392939423128,1.2727633601964468,-2.3049209631212464,3.564098548235337,-1.4617991408179418,13.237970161021398,-4.3748186175507,6.897975242866567,-5.463769141098123
15.902949932838848,-2.137075337316132,3.993606064435636,-7.2122311156591135,7.86864607054646,-3.530222496516172,28.385367085731904,-3.8314890238778423,8.055882001389797,-5.539045243990196
16.18584710792154,-0.5694624971467663,1.4603242488943233,-0.6859774351872931,1.298674444089038,0.03418988925032629,5.15138236940009,0.2070056546889174,0.7668089733641148,-1.4927950910352323
15.491503144299378,-1.043247031431587,1.115272653410346,-2.1017510888693884,1.2934040247098173,-1.0966190070761057,4.5040541738453115,-1.8424939075682596,4.478181635251517,0.3061967224889186
16.01720217145661,-1.3838542686955915,0.8601604280456326,-3.6280558456521037,5.457487045290199,-2.522607251989998,21.375167200750624,-3.614616221945541,6.359513828216493,-2.368296499102295
14.17028509673875,-1.2308792981393257,-0.004123814093708322,-1.342588955964461,2.630495385945067,-2.435776335882234,13.920787135392832,-3.302313529764923,4.563817423078908,-0.0045580891771734855
17.364492552944284,-1.503951117816998,2.1556973388586607,-5.5428064686129765,6.311511116002277,-2.1773285794757222,22.979454890473743,-4.159250102216792,7.331875378779764,-2.3324747795231593
16.29056004383196,-0.84149505018257,0.20310025154861522,-2.212273410704715,3.090610060423645,-1.7391195985560766,14.017874786396384,-1.6153489318849383,3.450446687981864,-0.5052938838348244
15.860640551796408,-1.401857666314463,1.1440230229878252,-2.282762067287487,2.3202290258577545,-2.040379363649573,12.154180990579954,-4.121868274607548,5.8284160774644205,-1.9804361673307527
15.170532798684215,-1.6608223408100038,1.358143160642903,-1.608833609111831,0.512367749906421,-1.8980768970344064,5.45060135950069,-2.3340893895131734,3.777819369809336,-0.009753669734483772
13.95115457925231,-1.0345780319243425,0.6859582460332834,-1.1906047539496025,1.1218318212055864,-2.566342122082105,5.559943397953688,-2.4904324830773157,4.57810808009401,-1.094057311874008
15.7018806939364,-0.3962067654989323,1.0421407085364944,-2.027432225714299,2.3229495117923253,-1.4362006326424974,9.365765475315666,-2.6489923764383247,5.5126466889139705,-0.2353009714842702
14.69039783648327,0.1970676228128898,0.33545031177166607,-2.825167569292582,3.440258310525823,-0.48292808802751985,10.477485304813465,-1.2748643967049629,2.455983960031568,-2.0035417283483192
15.094244289345486,-1.1322172787626694,2.523026939883212,-5.088481685952241,5.504556178590583,-1.7901157169636548,19.99117857624089,-5.005839923940301,8.773111247656887,-2.449185112232263
15.794054206138231,-2.5431324533319524,3.5176983599285547,-5.187025883236681,6.417026541530017,-3.145598621753317,25.34010845582807,-5.024725995514536,9.33911242286651,-3.0933274762282794
13.260752222236157,-1.2234952201387164,1.9064101659236532,-3.963273203738404,3.33859434318768,-2.1093586791392,13.105025398696238,-1.972932504674844,3.516419227291548,-2.3835208250926816
16.56432779885041,-1.2695112035641283,2.2641249060565234,-5.029132485791663,3.721705134538708,-2.06286910119974,13.334095848657917,-4.1615321505545735,6.533091428760897,0.11995237141577353
16.71743555704543,-2.2109522340599406,3.1036581394676985,-6.000235717126249,6.920129918610031,-2.5075162399507938,23.036724523792408,-5.89084033347863,10.352948719127491,-3.5152021771700737
12.592887891091248,1.2624561455463081,-2.052944989236168,0.7362979699367256,0.5568782162222905,0.6082120264113119,3.8574442804072673,-2.3811717951383464,3.0228551566563713,-1.4568390447795974
16.79861228619463,-0.38071329292249145,-1.1734256809825263,-3.036942426310663,2.9482714082157653,-1.1877583157026756,11.480618673932144,-3.093372561778227,4.9532986106382815,0.6272979970023076
14.760956120364732,-0.7696683838433422,1.6386530425711148,-2.6154838406894054,3.2551316221068634,-1.8926330865880592,12.839481831110772,-4.031764760153962,6.618567676327742,-3.2025916879281207
15.413568509817837,-3.2620764125020454,2.6179898574755294,-4.708369815632722,3.5832169854891998,-2.6799447652249353,13.645819791670164,-2.8560553384220144,5.409341454871653,-3.0691958224833957
18.5367928580647,-1.6081779581009508,1.634684758446184,-4.146384340260961,5.1183171641227885,-1.6555771117870168,18.880803792049917,-4.092819014069773,7.263139609605871,-1.7561397475514893
14.664452139727196,-1.2263835226647473,1.1454467225713136,-1.6112660912266017,3.1678063174682283,-2.4881619050276966,14.121877451856392,-2.000400501510742,3.2414519881799633,-3.431030730036117
16.152556222282147,-0.4972591906705245,0.9444282795902647,-4.656236610023713,3.9862652506378256,-2.2509444849980693,15.39274808057687,-3.3022506186474154,8.171541491473564,-0.4469502692790708
18.553264603149838,-0.7155274400428037,2.751501265533606,-3.4606742307324283,3.9623219155067204,-1.7325709315836324,15.613897892786637,-3.10183226177534,5.412941723789891,-4.10505230006474
16.78296028171365,-0.8386255191538564,0.7244946055912305,-3.2121972308533784,1.9680683694187548,-1.8617131147107435,9.806669950869612,-3.419860559987143,4.78828572486421,-1.2498150609388146
17.708607507248242,-1.355903289466014,2.3311120046072817,-2.40556691669257,0.7716785617770332,-2.423372708292889,7.410924952691316,-2.4877477028252284,5.473141992732332,-0.8893063684280558
17.114970246958286,-1.3450530962274436,2.4877859567057556,-6.045212171294994,5.967561331359905,-3.088232562117513,23.744586485509767,-4.218327454552117,8.619822954474564,-4.0624249448971
17.076867056440516,-0.979607767813695,2.018820173391382,-4.013513300792989,4.778846175909843,-2.224341024834653,18.87119911195405,-1.8346220160775168,3.5153500279768557,-1.2043127426150144
12.161016013104936,-2.3721037681481962,2.391708162935831,-4.327200881803142,5.179671114494715,-1.0102374902979527,19.52219056328272,-2.7178150863627275,5.967320435212054,-4.263939142462479
16.919987931845363,-1.293304135060181,1.0052418347876007,-3.0530480417568104,2.2926330072268404,-0.7165364770567375,8.225387928242428,-3.209197953691091,3.747416850502157,-1.146843517925257
13.468674634470915,-0.22898102394859499,1.720603031923904,-2.5260430676327577,3.973331986017423,-1.5406732147573248,14.620478484722037,-1.5725514977564892,3.271988738752973,-1.9519658931707742
14.678099735319021,-1.196012778061726,0.10884859220008725,-1.71557506234033,1.6041326646585468,-1.2486214641878592,5.899230968647898,-2.7587782813136332,2.482119029258743,-2.709923789902463
15.350713922945388,-1.5071570323618224,1.9389555260448,1.0446363933974565,-1.4482220389988842,-2.0577266778156496,0.2214906236219329,-0.4382485887417149,0.31688657284817234,0.45216304795687284
16.557284434799982,-0.9153649605191566,1.6340341322655119,-3.1777733059307156,2.200593300863622,-0.9719914182430202,9.280495810782298,-3.602744924624031,6.525446086507594,-0.6840585215781295
17.517906194575456,-2.030877445132906,2.609448586867132,-4.2033927915750064,4.0429655186991775,-2.491080509559968,16.468026744281705,-4.312660720099522,7.9344804332835155,-2.0831425890663082
13.8052155733998,-1.4968669165460948,3.5049919800006686,-6.332251393561355,7.593060885766343,-1.7254469152389729,26.414386159398735,-4.726559686715861,8.243488531695592,-3.8416687448594558
16.23092277420535,-1.5752094696040133,3.3925080199210997,-4.368269336591425,4.868182206030691,-2.178112607134374,17.418446100407575,-3.496452803481644,6.832478036860049,-1.5885059261121373
14.634130379792028,-1.4484579964923407,1.4719148454047493,-1.9291892880146218,2.268764254474863,-2.439287137304884,10.14305311387769,-0.9728562243818306,0.600024480565915,-0.5055738259916134
18.09668085651428,-1.8113669658412817,1.8072683882911444,-3.9352639450000235,5.11223533356167,-1.6609176450201137,18.378051520146744,-4.991312214833377,8.951195908969298,-3.543989305064188
16.385462420445926,-1.5944192580371694,1.2082697902961623,-2.5720815157778345,4.00854350455816,-1.324890418717594,13.768341018410522,-3.4831073185267365,5.606738537232728,-3.425515420961837
16.83975989291484,-0.857866088211432,2.1295825886252784,-5.878480244312582,5.690085847862039,-2.5277377040494056,20.23097778067151,-1.9979170630717376,6.384288302717456,-2.4201607709689146
14.73170636632517,-0.3270967502604818,0.5690370393361215,-1.6397458989100966,3.3880073555345733,-1.1179775583242335,11.248084468458462,-2.709241281486174,3.127989017530389,-2.2691676490339123
16.200262260763765,-0.5109269278710469,1.5798626777775144,-3.340528781449184,3.4555046231933444,-2.4974022316099256,12.439509910278641,-2.503857026995683,6.593094986112211,-1.141297632119339
14.799099196390946,0.28294398220736605,0.11824152772674015,-1.2756443215595412,0.004072054790666302,-0.3144888361221386,0.08777706072408131,-1.5222925086130623,2.835323827650609,0.6376285496989659
19.480335231980874,-1.7769354280606147,2.090020467122458,-4.298426787958956,4.213137385573252,-1.6976445312158284,15.843706216856063,-3.0615501394708717,4.882084820513282,-1.6094068071255703
13.965376683627268,-0.5962024328549456,1.0011679756093612,-1.4851942068030406,2.070634467294761,-0.7520326228909311,7.84636721053763,-1.496183476985593,2.4720841173541146,-0.8977791586438153
12.364997054334504,-1.1123098739216006,0.32001396569569684,-0.49849314408890955,2.5889413958570016,-0.6460400633102217,9.995016936747117,-2.1489568419376086,2.557297169902092,-2.7341880687611226
16.60668494137255,-2.0052891272080036,4.234887553233666,-7.793443605367296,7.207376344171432,-2.7322668733531366,23.919392398828844,-4.385997509910505,10.859711845477921,-5.033286809915388
17.75644656754889,-1.1868422955090492,2.1114251396587913,-3.80786506135817,2.8126926185079224,-1.4948670045761336,10.770310206882233,-4.00012600120437,5.555880808174375,-0.8273629661495269
14.029994566269664,-0.8079128887157938,0.7232455138739415,-2.955661124322625,2.1460275181792445,-1.9675561922640221,10.941472314321802,-2.5313867970902435,4.138469187733465,-1.3555361326242945
16.215707838875446,-1.025485426546778,2.104174200184323,-1.6534249842192663,2.829593998356488,-1.1582074038606116,10.839811868619684,-2.391439947163564,2.6721387207104015,-0.9225599081369373
15.474624833235245,-1.7154537061950075,0.1878478564854753,-1.0367535360853315,2.324526582999418,-1.2884874923440406,10.458989806712232,-3.1488533985697287,2.626481826195633,-0.03423764844979682
14.77476334907816,-1.8975890629919634,1.8223857013511702,-4.574349306693916,4.529034097753952,-2.190018206217509,17.775488716115643,-3.8688413212616286,7.702265884221507,-1.2455899726632336
17.20399105949572,-2.1446081909737806,1.9225336384622294,-2.7040493791197258,4.009453840083269,-1.2683080390619046,15.36081342743783,-2.0239330195416367,5.222839426459126,-3.1300104038582375
