15,1,2.0918810106447254,-2.0444046367155235,3.841579087990642,-1.9126405976015217,-2.2711750463396285,-7.474366685065582,4.23098068758502,-1.9497579240092684,1.545328902639299,11.902675512726605
15,2,-0.43038460470319206,-1.128832054013782,3.0727959196327204,1.8374259845389465,-2.7697556691911154,-8.763381661252469,-0.570742658851958,-1.3158798901941497,6.753432995457514,-26.13774346427711
15,3,2.4326105772531315,-0.871299725724326,1.473284330476353,-1.1641403246501063,-4.178612478961538,-9.286767363608227,1.9885346895174452,-0.682475479527263,11.443028565597166,51.4960917712012
15,4,0.31523757571619193,-2.42176866837841,5.239016784409021,-0.2176162274980319,-4.774322424605414,-14.524585358119737,2.6090405061438995,-4.119737238114041,24.75395030380264,-112.3003271804695
15,5,1.8889050288967844,-1.248336832769213,2.0519382502214283,0.30778515432312226,-4.991773886420379,-9.570674197176924,0.5416570137546194,-2.980213921893473,35.3323000837091,209.96207806031168
15,6,0.17001885511443163,-0.8554126950743768,2.9475896095386918,0.7473907788322992,-6.452265443433622,-15.139787276513506,-1.0261663352870745,-1.6592794569752602,45.489710538854524,-446.14325077454987
15,7,1.5482771083126556,-0.4572498552039991,1.0233652594587614,0.1567842154775577,-6.417705493451196,-11.870921744096538,-0.6933491721998195,-2.867918966639752,60.23596474769006,878.7609155529572
15,8,0.272086089085729,-0.22641479395312014,-1.1438948129538806,1.4893136103970779,-7.689933476889872,-10.12545554259716,-1.0552523196278194,-3.8224398597667335,78.37374787294725,-1818.7694948881408
15,9,0.7380665108722977,-1.5637562258248958,2.661060156909262,-0.5438826723361764,-8.29855925563249,-16.101755623957068,1.1234559679761316,-3.1909848348710197,96.36928423856115,3640.834983941911
15,10,0.448125478988316,-1.9758479938000693,4.25175013434637,0.7292467035856177,-7.943959797272706,-16.70639802771499,-0.19788105805382014,-1.1387711099716606,110.89264548722674,-7435.040909328793
15,11,2.538437884951745,-1.7997919363285972,2.9603737057737445,0.15717215371891025,-9.856460405097465,-19.15961868647262,1.3420586523371978,-1.9242392879797001,129.64781006445205,15005.673894221167
15,12,0.5623226265944336,-1.326108108206265,2.1580505163629287,0.3442355214719312,-11.272532000914564,-20.835236238407177,0.42357375835170497,-2.2950864781825984,152.25000638126204,-30483.113770125892
15,13,3.139978890953061,-1.6991386274769282,1.6760943173006255,0.7145798677261536,-12.977876625324205,-21.39851555790014,-0.3908041727214803,-2.7013900747910657,177.4115142490519,61691.2185357908
15,14,0.5966210361010448,-0.8820107403125007,3.442240711516951,-2.050076866703948,-13.876677644176038,-27.9259895036121,4.097131964506658,-4.248887727379094,206.85982007315212,-125121.44812860101
15,15,1.9652289962296563,-0.10790355990769543,-1.1610429583958597,4.609106027470649,-14.043277071259888,-21.41401050706766,-4.647354164218515,-0.9216414685754979,232.87024845797848,253450.06556328424
15,16,1.6887723287751035,-0.19274995023997682,0.053495155008499815,-4.473362575522639,-12.505720269094423,-20.68472393254026,3.737185005112871,-4.01456232642928,261.6454364129708,-513765.39890850545
15,17,0.4359470072335041,-2.213897373285547,4.836393324406151,4.098247601204815,-13.495448212996509,-28.809299450892112,-2.856864270956452,-2.5382370788682813,290.995773961904,1041043.9326567436
15,18,1.4810883923674625,-0.8825377436894515,1.7652818256421692,-2.6816599543553172,-14.331712510195462,-25.23321893735181,1.9534716537241699,-3.3678574632727276,323.4213922845579,-2109932.585255851
15,19,0.1414440229710412,-1.1847131879098058,1.947379609815415,2.661353162212688,-14.138271376473652,-25.623814857960078,-2.258244016585382,-2.3531380084101428,356.5113801790531,4275792.8688760605
15,20,0.10780024075612227,-1.8206191313358677,1.6609493784216132,-3.0662695767277013,-15.002997245787308,-27.30974362020242,3.1514521120307033,-1.1560282104108595,389.3307749134274,-8665486.36027885
15,21,1.6144606649372457,-0.31434885284543157,-0.37406339210171013,4.928968592253161,-15.091159796484732,-23.69812023127218,-4.626433056821112,-1.3750328603739068,423.40019645024535,1.7561192891178485E7
15,22,1.4853746132215295,-1.0579307342976392,1.1457069735139407,-5.108329065300361,-15.924324374433136,-28.007440508353174,4.798243469886549,-3.140944911424035,461.44072049857976,-3.5589619836055316E7
15,23,0.7330132535061624,1.3623617254700369,-2.0540245178265715,8.274469183728213,-14.422104531694224,-20.280603048553726,-8.048601690619838,-0.6148909089444842,496.3199505667862,7.212541139787692E7
15,24,1.541300086053822,2.159716134043629,-4.602592900838587,-5.925140141662364,-12.692049603724387,-14.445225100367232,5.769076276503823,-5.236957405449777,535.3338499881557,-1.4616912125086468E8
15,25,-0.46566983112355453,0.4223747847689232,-0.435672757358771,8.291802337697861,-11.464043575103144,-18.6020299755555,-8.653974377217112,-1.34518893705096,568.7479898987466,2.9622501488716525E8
15,26,2.1445998893665417,0.5736642648561294,-1.388574996441009,-7.273881080193732,-12.302754842985888,-17.086313679299945,4.875552922152522,-3.871869309889341,608.4866240671777,-6.003278447294873E8
15,27,-0.517268178810218,0.03818162086745591,-0.8428242964222736,8.605993810962834,-12.239994475414116,-17.449725895748784,-7.8976723261118575,-0.3056097390857273,645.1551488569511,1.2166198630950508E9
15,28,2.216226965055333,0.24861190518251616,-0.6443747391720915,-8.238884481660467,-11.085293421948423,-16.952476105640066,7.465185541413577,-4.023580841749471,684.6337329184669,-2.4655936403913865E9
15,29,1.961635171227497,1.9285470231878727,-3.400681474562115,11.129805578878322,-9.355524394344629,-9.287899716733024,-10.957612295383537,-0.8331486778943616,720.1256773700486,4.996754420117612E9
15,30,1.7681811706750485,2.32647912144693,-4.627477385272639,-10.435567274817664,-6.366637693822507,-3.650994792918839,8.034401932720089,-4.696587276709445,758.400626795381,-1.012638790445482E10
15,31,-0.881814408578163,0.7988876312431492,-0.9215268465850623,11.93499196658635,-5.4122845747249295,-7.431621128064315,-12.129498419948291,1.1548554018721413,787.3228728948518,2.0522066397986843E10
15,32,2.560335022708519,1.609029683997187,-4.307171088985477,-10.331402787473724,-4.207461406654151,-1.0657846835966607,8.165798173865948,-4.300796003180386,823.1265103499803,-4.158987648608507E10
15,33,0.12888816214292076,0.8219430062853252,-2.197114136466647,14.116380543106462,-4.828974270676182,-4.540403218427043,-15.522945225050826,2.721516234449618,851.6995936548842,8.428575201804306E10
15,34,-0.07238437821259325,0.04562773503336426,0.310371564278374,-12.350129319260434,-4.788395553786264,-8.966500371617526,9.527313208861546,-3.6466750734304045,890.887814493686,-1.708129153310884E11
15,35,1.9763034027175348,-0.1216907679953399,1.620558746870266,14.110339720173178,-5.036532335570973,-9.423697147970893,-14.0622225847599,0.010734482358756736,925.8027077030878,3.4616825769567883E11
15,36,1.2580737991424147,1.0559910904909338,-1.820979445447734,-13.14764516487157,-3.3583509050888454,-3.555224105809848,13.396734958046244,-5.478810646244758,967.2878375554036,-7.015421677050251E11
15,37,-0.6065227761341979,0.09806992045849999,0.12778627459929615,14.127241921502526,-4.549362948997364,-8.11315987570752,-12.13459435653762,0.5917571128631272,1003.0637837263395,1.4217404444083923E12
15,38,1.959189049845889,-0.42950154168164645,0.8323704066638369,-14.434424838115108,-4.648902444811519,-7.655585353292254,13.58904584667442,-5.9636380947379015,1050.8957407217183,-2.881289230300928E12
15,39,-0.8341138301031841,0.9368135028195125,-1.775628824276194,17.355925079239242,-5.26681362476449,-7.932174389134283,-17.15015014029892,0.9574867722121901,1089.5410641751323,5.839200579067024E12
15,40,2.482896779801113,0.6444293199817956,-2.5588769198945682,-16.008367555046497,-5.996396603477421,-5.570458999623644,13.502311748598474,-6.157780427428222,1141.1499063255628,-1.1833683008677416E13
15,41,-0.2974554443300142,-0.3083280581828643,-0.03241394132457165,17.437214603174848,-7.371076961639704,-11.154998637512355,-17.271936930993892,2.4853556065185285,1183.074477467511,2.3982059126606105E13
15,42,2.9449571210806154,-0.9558010817188202,-0.17511694563343205,-18.371871212031536,-8.222057158307667,-14.47851384745202,15.944665177016722,-6.5942195378446495,1239.5383599715217,-4.8601873106877055E13
15,43,-0.17330802820214017,-1.8474704451770378,3.3963673941239043,19.312433861303223,-8.57477398320453,-17.969166405264218,-18.773643141619473,3.8977725781773254,1286.2586887681944,9.849621573275553E13
15,44,1.0018310657005252,-1.2339847779892912,2.7910901549799676,-19.41668482478324,-9.823306665471241,-17.300674999042776,18.105270980092,-6.018652695235196,1347.7918511542362,-1.9961174114506762E14
15,45,1.8038399780908652,0.11994074640858432,-0.4910462309567438,22.17762082243869,-9.605409393092472,-14.338083297458983,-20.681257469598723,4.304820373819686,1397.3229426749192,4.0453175694448694E14
15,46,-0.0011860535737429068,0.9978785712880672,-2.4010177968828965,-22.388700851203822,-9.38061101276493,-11.770953955060614,20.99755693691389,-6.7396642335959775,1464.5413800084173,-8.198212261377838E14
15,47,1.4418975221058592,0.6969565076598825,-1.3887272712584091,25.88225071599559,-8.945534913608263,-11.593325609867108,-26.724066635847525,4.763876907375519,1516.1702034938185,1.6614439565923918E15
15,48,-0.6024422116329197,1.977751576155636,-4.223313582911058,-26.223361626752823,-9.238514957552477,-9.260580431652425,22.72006222700436,-8.644906841689538,1590.5113827442387,-3.3670706891839855E15
15,49,0.0624406079961457,0.7211293116552329,-1.8067314212839876,28.870758744635733,-9.535711501897921,-12.691498510045758,-29.43166908346115,5.1262566017999935,1646.2815239933798,6.823681882842543E15
16,0,-2.022951165439087,-2.5614504440450796,-0.1527730793016222,0.3125762549521518,-0.9455753400820968,-0.6717862312395189,-0.5574855890038899,-0.7944670022827705,-1.6387421835941667,-2.7978214427084453
16,1,2.794251166316847,-1.0473619874824054,2.1477940843578596,1.4919667524876425,-0.9649844671046577,-1.8064802930330703,-1.0862949979312173,-2.0940588024543825,1.6833127317609984,5.484366810916373
16,2,-0.5257226136667082,0.08303837678649728,0.4130570408820124,-2.2380320537447944,-1.1735665260327952,-2.380113425179318,3.2481491549024826,-1.4529513189152805,6.001251854167679,-9.048634404851786
16,3,0.27070601143020956,0.06324827636450658,-0.9367830219674955,2.638172723960558,-1.50618998793646,-2.4392525763567106,-0.28689436504008214,-3.4194128420309466,13.011291886863555,10.794024383708237
16,4,1.2245340318337983,0.8009150666820561,-2.3714793931089324,-1.031613691685122,-0.6238059970801446,1.509016451113701,0.8771975871039576,-4.613891294171393,21.06221482460676,-31.864552797910257
16,5,0.8987523736741194,1.4708614889356704,-4.455301992270232,4.286591781473002,0.887663236353557,6.24634439504268,-4.557535979817727,-1.20871546873117,22.056725287760926,46.02133354628663
16,6,2.318385913512648,1.381945470337675,-3.295933426415737,-3.7887885186572285,1.2938215397193058,5.9275281992669795,5.086907184991804,-4.030294569365498,26.200793111901962,-101.37878409585753
16,7,1.5278414785680148,2.330476505654192,-3.53449623944259,6.150739659719338,2.7928308151025028,10.648517196524125,-5.690265191631081,-1.7818428536257718,25.12948757659128,184.37372103096828
16,8,1.2840494068150976,2.501229124599549,-4.258308508505772,-2.8452821212268953,4.287105810986176,12.600509244999653,0.9541558929595328,-3.1610048551594647,25.121237304851544,-383.9395837160825
16,9,0.5261732387736683,1.7587400323205986,-2.7674786584923665,5.820752754984237,3.692399742686857,8.762603393316299,-4.839070516341823,-1.2534139149776464,23.6252110613463,757.3457784805614
16,10,3.370877401827814,1.2880165310245744,-2.775949248764578,-4.208845576477895,4.5457945993994135,11.60907187205471,4.253267356117702,-2.809281101352895,20.149253603233106,-1541.7569415510377
16,11,0.5015402860199525,0.23534995815682558,-0.5011691398847888,3.865808535810822,5.1026124150938745,8.175373620997176,-2.6816653776302486,-1.8395890644854336,15.105151644827691,3110.572265504476
16,12,0.9260343151793582,0.25629332988232517,-1.7955140238288259,-3.403608989645197,4.085081328679023,8.841690775578392,3.0792554153546723,-3.0784946857355178,14.259005035270132,-6306.768142212844
16,13,1.2782569269838993,-0.37835969829389515,2.20442610183357,5.347418114565117,3.7084888519349977,3.926653458384402,-5.340838605670135,-0.7326760210648984,9.28092331884891,12770.060173640659
16,14,-0.26804939486314405,0.5554417211755157,-1.1424973011428907,-4.771394675628899,3.1533566608400534,6.112458911448537,3.3913222636946143,-2.8068238366569043,7.9124149822004135,-25876.68218347581
16,15,0.9948483626714806,0.28665952332625066,-1.3948500899556526,6.823311780687117,1.8339945939152615,4.737571017749514,-7.519288912672492,1.0991982602899761,4.974083544236841,52431.41484015345
16,16,1.9866301960046369,-0.7987088851296053,0.014386627106822703,-6.9740830062935775,0.7890555935528352,-0.40088765282399774,6.126473158694775,-3.0511803586384705,6.251054598443582,-106250.47331496463
16,17,-0.37802203430091585,-0.27852660353510766,-0.19469192563753107,7.776103663500597,0.6645114122646714,1.0751350403095308,-7.289036727279661,-0.40042860326564433,5.408036366292337,215312.12395673784
16,18,2.470571114063378,-0.5189172125152922,1.3013421358649295,-7.483391375135846,-0.20288737208986996,-0.4351126168194994,6.655287582304874,-3.785384947663033,9.685748877276442,-436342.72771061456
16,19,-0.2891568782191522,1.1144251644291503,-2.3218404372413413,9.661180031854885,0.5191595748252298,2.552923439252768,-9.357592689504681,-0.2966438721595187,10.00335895606428,884272.5831974599
16,20,1.4796243728865393,0.1540566822945676,-1.2952691325675612,-7.525078318676281,0.5468586176740997,2.758039062870848,7.057741890120294,-3.7103900251659843,14.458844289374118,-1792057.8653051786
16,21,1.9326861743360713,0.6290138810048813,-0.926755051329768,9.737220493412405,1.1872577271518603,4.554608376228111,-9.186919588639864,-0.09071745529201891,12.065521459863493,3631755.585802954
16,22,1.001149587163149,0.5085105678836933,-0.41839447742959557,-8.712168727117424,1.5653551673249793,2.572325495138595,6.990511551105658,-3.9022049745601133,15.073081846629007,-7360087.225946433
16,23,1.0607678570003205,0.9807399882844314,-1.2098433583323334,11.159765254295637,2.0593237943041025,6.020200348525597,-12.370462325887582,2.713473447091071,7.767025635737349,1.491588351463944E7
16,24,2.4953025495914307,2.8554849832591866,-5.14571993203444,-8.957544669781873,3.370953650213669,12.359910227355867,6.494091594739275,-2.6281054542285873,4.915254152707055,-3.022841614268283E7
16,25,1.339336001349561,1.1251497049599914,-1.6628539564257203,11.653328808746387,5.399878385686459,10.815824696689228,-12.740583399683363,0.23952201522952765,-2.521238708020464,6.1260681463683784E7
16,26,0.6146985593443163,0.2683285373263566,-0.3269258753622303,-10.564060841177543,4.832406625214866,7.568883397920507,9.017946726470328,-4.719930371480909,-2.8024567754266796,-1.2415045331660065E8
16,27,0.4715175455976789,0.7406181824427636,-1.7808732786778971,11.464467897997217,5.164619369817799,9.40063008153052,-9.060309787485181,-1.47167724505058,-8.476884336764355,2.5160242980100116E8
16,28,1.3235592585993492,1.8829032095567109,-2.3752946756859883,-9.582091661173044,5.290209141818178,11.985609799631284,8.726841101128883,-4.876500890289613,-9.659536411876422,-5.0989570771401733E8
16,29,1.3110540654823248,1.1323541549560154,-3.853535437385324,11.331548585451404,5.281457209165786,11.468326248058384,-11.761335114048196,1.7848107058017186,-20.891433474932843,1.0333510668598547E9
16,30,0.5423759169992292,-0.4589520418097366,0.7476340091095134,-11.546555869057924,5.032828635170622,7.141135995002251,10.677949737706163,-4.511559271173533,-21.81590621766999,-2.094182010695386E9
16,31,1.859825095067469,-1.5671582318980781,2.271315995478297,11.550512102131986,2.691170506321397,0.38329445275231677,-9.265565473030145,-0.1697589518138808,-28.10119164783283,4.2440546006458445E9
16,32,-1.7322125000393345,-1.0043481158432468,1.0480773671395052,-13.255361062278208,1.498182804143368,-0.221838386979889,14.2045341847941,-7.317455206342731,-18.064397186314448,-8.600971310036707E9
16,33,2.65803179356521,-0.221873917008235,0.11126496668634703,14.979116635689675,0.4858979572453352,0.26680623082612076,-13.995015766757684,0.7155907944068305,-21.32484450296147,1.743066822967534E10
16,34,-0.34728341301284404,-2.155908002638949,3.7239593518884533,-17.22925102957056,-1.3551644257529643,-7.692627603251527,17.833355063676635,-7.129725057837741,-9.553866172962517,-3.532487016104463E10
16,35,0.33959250063000423,-1.8427038462106025,3.347689577806188,17.672065312945932,-3.16661580989462,-8.614923696511683,-15.691825259582108,1.9841587421516234,-9.261165287936992,7.158913451359145E10
16,36,1.746133829979557,-0.15814289435832174,0.06952958834808515,-18.502696017384366,-3.8116796471523644,-4.605302456323333,18.22466423364777,-5.903585323310537,2.7984189016963716,-1.4508203872168365E11
16,37,0.4395792605921338,0.5997893983648992,-0.2781895946918349,20.82459133398757,-4.3925538679040885,-6.904333303806507,-20.45323515659148,2.5158884962802444,3.121738509910667,2.9402224380091187E11
16,38,1.9987672883044945,0.9643377221239984,-1.2448498340928427,-20.229762551635236,-4.176740825461437,-4.614745977851412,19.4662235264529,-7.71669532506709,18.27372413937441,-5.958634205559471E11
16,39,0.42151792903007546,-0.4911059006056041,-0.08908905791102883,22.934290019833085,-4.573073553692309,-8.930355071487297,-22.20027628522137,4.444014196975777,17.845016308022764,1.2075726358966333E12
16,40,0.4502221858462536,-0.3904488117960924,-0.3574896500334588,-25.24992714674634,-4.903376215280319,-6.7632408486996445,23.863548847733615,-7.0804567188296765,35.762745902526355,-2.447258248602141E12
16,41,1.1916465856192613,0.5165510556481504,-0.5943251710753767,28.134285745913996,-4.693348386936867,-7.074066345312666,-27.43444974378911,4.716518819829067,34.41117079103251,4.959596431137321E12
16,42,0.3219546449011824,1.084576624313154,-1.4353279648125765,-28.35665905021737,-4.778342352424231,-4.996358199789097,27.738708996685066,-10.23866512641148,56.46540240366035,-1.0051083400789154E13
16,43,1.2726437814081055,-0.34058148979009684,-0.6141810894231976,30.7954297757443,-4.7877411705823825,-5.4525842844215875,-28.77609202104179,5.102207561658298,55.070021264916285,2.0369455243402227E13
16,44,1.6909510880487595,-1.2613664705944236,2.0888372359870813,-31.69386554532711,-5.603274250560509,-12.484697459000289,30.236208072480093,-9.85121998917707,77.46955493602168,-4.128059537160229E13
16,45,0.39695358273445974,-0.4190876696272402,-0.47814026691503697,34.422556625271355,-6.060009817050693,-9.93667667038586,-32.26357273171902,5.410034942456983,79.62250191750947,8.365896553784202E13
16,46,1.6536923502613592,-0.12399479090960386,-0.4429708426448462,-35.51361439338049,-6.814650106608293,-10.83881304554923,34.408812514895175,-11.354529343905307,107.76157737283785,-1.6954267378816984E14
16,47,0.5394095539989513,0.005075970884670912,0.9365744264910749,40.245448571428454,-7.303447373462921,-13.351680013299918,-38.16633894614867,6.760494674218973,110.33798623545695,3.435939955799384E14
16,48,1.8253780301500269,0.7960366737166865,-1.4845274781847502,-40.69129625820506,-7.031102655183817,-9.341120728273065,37.000686810129906,-13.314750334586476,141.0584089895303,-6.963251856351392E14
16,49,0.5676998958667637,-0.8512767274348852,2.910676587228199,43.36106871950805,-8.213441006016033,-16.368292628125346,-40.678944160846136,7.152411191003688,144.2470825118121,1.411167745616058E15
17,0,-1.8602859132911969,-1.0294245944002025,1.3915157296354628,2.0652977828011925,2.344373154042629,-2.984187299432444,2.6329167722200735,-0.8865668154807591,2.7628024001449547,-2.620905323881791
17,1,2.293142519026955,-0.51930520870785,1.2798310988909618,-1.3948573835376494,1.0437569046741524,-1.4145074301382148,2.479591894603278,-2.457933403889606,4.625156678146111,7.341165909290265
17,2,1.538560017587291,0.23442526014395937,-0.16558486337913464,3.6491446437530914,1.9457289034570828,4.013873253687946,-3.9538755012768414,-0.31816414584596875,1.14477868899625,-19.61820086865008
17,3,0.6783787096689043,1.3292853376463787,-2.493576870002572,-2.7885071765302145,2.3024202911805722,5.956175224374514,2.7884568656578415,-2.719606842082265,0.7799070856559351,45.161328650361604
17,4,0.7882698829120592,0.03304513714046564,-0.5479312418069292,3.779802808744832,1.6437044943008985,3.10410175202111,-3.385106809384582,-1.9280684618089357,1.780772120810409,-95.95533579536006
17,5,3.177420192005227,1.2530755148690034,-2.471564526117307,-1.3173417678597854,1.1097089269429894,4.159457430744244,0.6199533479707259,-3.545752183770349,3.9256589678210316,194.78715720352383
17,6,0.22629060158840697,0.6962843951320418,-2.3006369996780895,1.6486142301741367,0.25755748647507404,3.1237079373074796,-3.260130979266399,-2.7496745201265105,6.631280336061121,-399.1924509769133
17,7,2.326046763309188,1.123946486413194,-1.361510697056554,-1.9260215583145162,-0.3032619311265694,0.3356685801585866,0.9000157704113637,-3.776437272638496,11.894582108289413,806.039783280686
17,8,2.395109798059215,-0.4841084740804309,0.23504993947280178,2.409963986838271,-1.3143054484328855,-1.8394135384989783,-1.9675267306761985,-2.1020556676863804,16.209172164061496,-1642.8413959280517
17,9,-0.3957882589928853,-0.8625045635946389,0.793098477301324,-0.5037519646148685,-2.853470947077267,-5.465411953446296,-0.20241399807487265,-2.6588307763732812,23.375280192869802,3319.8516446383433
17,10,3.284819756860264,-0.13865185928146917,0.9327805287771657,2.2969103035883505,-3.610520523582262,-6.495480461960334,-2.56199159134034,-2.0396659450176675,30.219347121706576,-6743.889626597147
17,11,-0.07331810797626892,1.2915275012369056,-2.7350595200894596,0.38610766742806335,-2.3683042036282074,-1.249359352343365,-1.0733253243205882,-1.8172762762415082,37.462910857050574,13650.930775350003
17,12,0.8489993249383863,1.045511280503919,-1.8952243319778204,0.7865404290051494,-2.8999474319597836,-0.23813414417250156,-1.9929721472730981,-0.761172014753395,43.7790283213517,-27684.92870571271
17,13,-0.25498654413525235,0.3464652474129829,0.2858329363768223,0.789329873378017,-2.9543501018862743,-4.095407200637963,-2.3263458821204197,-0.9547792473691094,50.38039574031199,56080.45077254243
17,14,2.418323505278802,1.5319045059513794,-2.3328442804589886,0.7671620667631649,-3.2178115086101715,-1.4776116440063618,-2.788155736618269,-1.8890823469423736,56.228610863372516,-113680.07161944183
17,15,0.308845510756399,1.9098176405291079,-3.3487420921363364,3.1586465354138276,-1.1675541401678706,2.0957331656236096,-6.297249560538733,-1.0919915995107567,60.27104631298412,230348.7926662969
17,16,1.4233149862417769,0.738112541349627,-1.900376788866664,-1.2939857323005444,-1.2006091624847004,0.6521637211299924,-0.5025672792634913,-0.3590345896112821,62.95500014548747,-466851.0107598155
17,17,0.6242636613999613,-1.2194843853701478,1.065335378406559,-0.3580212628025974,-2.582485135198258,-5.399383776138984,-0.2816393243591918,-0.6334966157065426,68.67891753705933,946084.7021850963
17,18,0.4224035066715621,-1.1192224113509286,3.2621509362942023,1.1302390687594543,-4.76231171524697,-11.708947269889347,-0.24256147860855082,-2.1651109533055126,77.96557210389928,-1917367.3402942517
17,19,1.143538547738368,0.2383540729823067,-0.9443704045716336,-0.17833959326960808,-4.733252286723032,-6.195103388489974,-0.268285064005218,-2.966004325356875,91.78340497337614,3885680.0659523257
17,20,0.9879053653184884,-1.1611826827270288,1.8406892582746934,0.9101949714189259,-5.184431957770764,-9.558703008565299,-1.4440663394891124,-2.0492353318700527,103.47690345754113,-7874744.043482307
17,21,1.321324363584466,0.2729788191794935,-0.17419066189784038,0.750778455715787,-4.809670074429703,-6.889979425074923,-0.5436461063146868,-0.8601480910098758,112.88268020898276,1.5958846265941424E7
17,22,-0.35792126541887936,0.47392293238861183,-1.2087338220053094,0.21066831027941313,-6.09393157322909,-8.766292751839735,0.4466377727841023,-2.763392633440891,127.80324774068418,-3.234214914883044E7
17,23,1.6907865699311684,2.557740269915584,-4.669660557756747,2.833633787734144,-4.35346430594917,-0.22970274576575456,-4.205347882486714,-3.604081550897482,142.0163727564026,6.5544298684251115E7
17,24,0.7284990186804879,1.8871126930013198,-3.1978398117352245,0.39109758151476093,-3.2719307280778094,-2.2190412614489827,-2.742918090486665,-1.351317273240246,153.6584880674551,-1.3283169642257118E8
17,25,1.6437120801578677,1.8235417675073315,-3.2643543021254073,1.5361640415419366,-2.546874758163516,1.6641306929861268,-2.28749883846628,-2.8369550056108186,165.84020347525143,2.6919570122205627E8
17,26,0.292830914282733,0.5306016059272153,-1.919985063849169,0.12908729393326318,-2.410467370067493,-1.6159490824200318,-0.896397424821258,-1.2342537977373118,175.2707400673775,-5.455502137531154E8
17,27,2.261055542837469,1.7971901365413747,-3.4014696078083224,2.1241568113826497,-1.5272408856752593,2.824862417492313,-2.0782729980082815,-0.6352164060103258,182.98373690330433,1.1056081471728323E9
17,28,-0.14655398687181864,1.3546044099446057,-2.6454120171002216,-0.47309887253170035,-0.3437010012950652,1.0670810904663306,-0.3039715938563408,-3.0202879305165027,193.82038108432988,-2.240617829958862E9
17,29,1.8811299023656254,0.6028589326902194,-0.7548496770108744,2.4553698468547056,-0.19201122251076222,0.682035364878059,-3.227832203604493,-1.4920172910996472,201.64838174604554,4.540820297933179E9
17,30,0.2662629921346913,0.9135607920040252,-1.7977190367728415,-0.9649734384240908,-1.0773091086910784,0.2553409538517558,0.8199759498327176,-2.5151659558672366,212.87014771819486,-9.202394730781563E9
17,31,0.5785447977949951,0.07375662482348921,-0.61941360202357,2.3500622048303845,-1.9041438270252167,-3.9668792888721773,-2.8258709416091077,-0.5658997821436261,223.0510680082918,1.864950860985168E10
17,32,1.1881875992451478,0.3200797890531597,0.5104623666075484,-0.43531335753447553,-0.7962880148343507,0.6346831800130233,0.027158016408653063,-1.7379285951878263,233.90801740779096,-3.779496368627402E10
17,33,-0.2698202487126159,0.6451700895267618,-1.7946466135311536,1.3287124477261316,-0.4334166358008226,0.7051914314387461,-1.9860621565311511,-1.589241045743571,244.33405074419613,7.659500864285591E10
17,34,1.2549409571796253,-0.34432572217959745,0.4451117175126515,0.47612290302545324,-1.0997497731501336,-2.3583411879093505,-1.3129816804964225,-2.400009620974746,256.13539220642406,-1.55226908337668E11
17,35,1.242212819156202,-1.0094300447002458,1.6332534829982925,0.44299233966141355,-2.076250655774769,-4.697673910546659,-0.32758556062691413,-1.6472004905608044,269.47548656522383,3.145817654146871E11
17,36,2.5022493460226376,-0.08646013002248773,1.2670140515352992,0.3816032883648461,-1.9520768827312787,-5.429940616337635,0.7231362907809384,-2.175572514857033,281.8925828105995,-6.375292032708616E11
17,37,-0.6531462345609549,-0.06536620328463599,1.076658872311793,-1.4511049255594257,-2.9302920685802203,-6.692408023636472,4.097531657115448,-4.139152287533549,300.4426050453552,1.2920122192883242E12
17,38,1.594765533146247,0.9817997366417495,-1.9481060291360481,4.140732005798869,-2.836309347543055,-3.3505512632752463,-4.207556585696674,-3.1153541703467473,315.8781467476723,-2.6183829172512295E12
17,39,0.6971427386104645,0.4769518810434915,-1.8326989060552417,-2.244672231463359,-2.5200627535119,-2.082963089504812,1.3943979050582778,-2.7287436511611802,332.33835055631664,5.306396486304463E12
17,40,1.0313865167363938,0.5271785793762163,-0.7440436055971895,4.722934910626003,-2.513489369621927,-3.85324324118275,-5.73936715681912,-0.8242604261456867,346.51423249771864,-1.0753905964527725E13
17,41,0.27037986924231516,-1.7554131773595842,2.4203327807444452,-3.615257356350769,-4.354179376681285,-9.893147185210667,0.635370682277026,-2.344206940679875,366.66016121153075,2.1793790529863684E13
17,42,2.317740986291767,-0.04541562433583202,-0.12265633061392982,3.8054047115395315,-4.027978367777918,-6.335133209024005,-4.944070784949756,-2.160813654770564,385.32779685498804,-4.4167143290312875E13
17,43,-1.4586374756030986,-0.8228788722227689,1.6468038541819598,-3.111864116081346,-4.169815619834436,-7.2813494340819975,2.6239264120481343,-2.840689362930997,406.3786415753669,8.950882333848417E13
17,44,2.064023485438073,0.008005075547507845,0.5684444674817976,4.0712669421000784,-4.56677293494657,-8.109341439969485,-4.623515577540552,-0.7128538393511501,425.72162107011144,-1.8139795464710944E14
17,45,1.0323080104818807,0.14301414031631127,0.7959415346125069,-2.0655366157321318,-4.213330166519127,-9.500438689857962,0.6610351821232494,-1.7509822185865507,445.17241515455885,3.676198247591735E14
17,46,0.25215431270198996,0.7556117062738463,-1.28798745405888,5.100887969514254,-3.212121614005285,-2.3161117382921885,-5.646945195743301,0.5177111455769365,462.3346057599125,-7.450157628238061E14
17,47,0.9139354757452491,2.3602609390147826,-4.892825716091622,-2.2473413980143886,-1.2583611370579535,3.2823312788081527,0.2010483770280077,-1.1439721773990223,479.60239128808195,1.5098437284204488E15
17,48,1.278591448854417,0.9048374997484364,-2.3911290862881867,4.4591216468571115,-0.8851558016043423,2.2325540775862134,-5.728639050411682,1.4833132753844664,494.2752616517698,-3.0598387282582335E15
17,49,0.5979223530751367,-0.6201969596958609,1.7282635991500066,-3.8012317376695544,-0.8104100877208176,-4.968968642165361,2.7681486103479047,-1.7716608117387866,513.4453273700558,6.201047742035281E15
18,0,4.193397597888587,4.189258474484572,-3.249591358167151,-8.418742586770115,-8.460722717602815,5.660291853206832,-15.380728899826092,3.2058475100002966,-11.734499441326887,9.513451791749656
18,1,-1.3718878285356624,3.1098859885999097,-6.3761809502786,12.439984117434324,-8.355512483369653,-8.841713042501866,-23.976987971166785,6.722425139876147,-11.495273169176471,-24.722224198786535
18,2,3.363271284885312,1.2531488278065663,-2.3256497885191214,-12.133242773421232,-7.499462588769628,-9.472481453275629,6.9700126935870514,-1.8343854348639992,-1.214079825778614,70.47157880466263
18,3,-0.7079660084173944,0.9913563895075375,-1.7358915664488717,15.139323109370965,-6.934478050199307,-8.862165772485293,-17.420576483654557,4.278056545527761,1.315700726526844,-157.89572404238604
18,4,2.3372653508649455,2.9556313281573168,-5.681432985883511,-11.403539766250692,-5.495516731575236,-0.9687787931253287,7.946625868907179,-3.8253049164914077,13.649142840845759,331.41747683313616
18,5,0.7757215236293871,2.4579804736138744,-4.523352781655683,16.105066628624602,-4.540773213572288,-1.520773011108247,-18.121563165242463,2.5539297925214863,15.303127929968344,-694.6928670108763
18,6,0.462419744407756,3.2471282807563755,-6.598052159686171,-14.927653631956534,-3.3373967589351996,3.3695748809101076,13.511017109516008,-6.252457970892803,28.882968280867235,1412.4603529951496
18,7,1.526845139868989,2.7291594795802956,-5.45562715298869,18.368511231626982,-1.5593352710940496,2.72851288945614,-18.339000044778594,0.8988448670489386,29.638677097680652,-2897.984479460425
18,8,0.5935193113423105,2.485995544613151,-6.239830812409821,-16.968149063318837,-0.7209035949217222,6.519059940039497,14.42755147526677,-5.264030595903577,39.49710267383286,5875.220109464827
18,9,1.5887197374468154,2.1948836130719753,-3.002866896077145,20.75866662880778,-0.402739117570981,5.38180880795036,-22.677664742425588,4.443749428461259,35.67779780906987,-11951.002550475343
18,10,1.6984679582698607,2.642096798791843,-4.81049967277452,-19.220944873285067,-0.620598315519622,4.70407878708019,16.53067513404219,-4.379680825661952,44.17947712922819,24222.321467400467
18,11,-0.5358011434157832,2.8620064945938903,-6.046919579461222,25.095553620739366,2.005104804005537,9.364276619148809,-25.906127235785497,6.482243498144747,32.650281044846665,-49134.130429531
18,12,3.319702287331347,2.4467616216030024,-5.11098761165451,-23.09036911755184,3.52104228607251,11.879366105376116,18.973092512462458,-5.738727586081465,36.383948420745035,99585.53597071397
18,13,-0.7447875498134153,1.7744743738428561,-3.2646936598767446,26.62271045918308,4.166568058639653,11.67415698360933,-27.111494492843793,4.948985223607236,23.932730653859856,-201864.13005986586
18,14,2.613450857055752,0.15737172120777454,-0.517464698506587,-26.30698498164883,5.101108245821782,8.144758280675738,23.76796301591988,-7.963977476728079,29.1432074988878,409113.7450467932
18,15,-1.2210669254926103,-1.5308841297403908,2.76783737117748,29.044867317053637,2.6082303769410955,2.000948890314944,-26.90695558834448,5.988436689228734,18.198368317663913,-829150.8727422144
18,16,0.7548670425392097,0.09548950013625757,-0.5955319168630603,-30.4074456685626,1.393905228664011,2.165795997567749,30.24557369337372,-9.425442381477547,31.54800613435082,1680374.2462916647
18,17,1.3592792320147042,0.8352944877049893,-2.859817025094462,34.702356513608166,0.6020612740420711,3.827576312524845,-32.90495217628237,6.2241262035618705,21.658521827847732,-3405487.1374226953
18,18,1.0174080879937606,-0.828988749532639,1.1776514045267297,-37.305426568205014,-0.39647401380767994,-1.8002986655893136,35.93539424943036,-10.123091835787534,36.037338688837046,6901564.1980190445
18,19,0.3677326881828028,-0.15110862198111397,2.0344157493102837,41.779799830171726,-0.4527591511297059,-3.7534984953081727,-41.277982179343375,9.432151973197072,22.94952839534282,-1.3986723356170395E7
18,20,1.7339620321079319,1.1633019023114588,-2.092063559366186,-42.52638485558813,-0.9836260945116959,-0.344617395905612,38.93558770566198,-11.562119778450327,41.558223577250786,2.8345426447890066E7
18,21,0.024644234176505575,1.2942633319862151,-2.8089535396755854,46.13066628090302,-0.7297005904542794,2.091729905217322,-44.5394101104118,9.818688931033877,29.082547972161276,-5.74447128266283E7
18,22,2.434369249099332,0.2746219848929702,-0.05398411678899029,-47.661850864009516,-0.46937543357897016,-1.9153608663294919,45.44874837744713,-13.586116989835928,50.37390677582401,1.1641708602578115E8
18,23,-0.6613581719456001,-0.9314739932537974,1.4852742643132515,50.7506227543885,-0.16312748122424914,-1.1440003594085288,-49.21562166145339,10.841488056295837,35.61239111606423,-2.359301304657894E8
18,24,3.5295092166853257,-0.14278640799373382,0.015420227961189081,-52.65445642105862,-0.3202996717132275,-2.671043688973392,50.42637868978389,-14.840179916166903,58.2660722681286,4.781343867113148E8
18,25,-2.251248181789342,-0.49203348829144145,1.4285782444345592,55.973646988092284,-0.9210865722155867,-3.1416357454638515,-52.794573343469274,10.203609593674402,45.991387762770515,-9.68983892097573E8
18,26,1.7907307429178496,0.40411982018737425,-0.9690332121676999,-59.26281813518251,-1.066308701096284,1.2783337567821067,56.7992786031926,-17.04076785378586,73.01738293119466,1.9637360069295416E9
18,27,-0.08957725875442324,-0.7578873403263564,1.0610167370649162,62.23526122083104,-2.2919763167115685,-5.14577124898477,-58.761470318688744,11.087306715449623,60.83691878540169,-3.9796937478419333E9
18,28,2.491307597705273,0.08394279415860928,-0.4811076216748136,-64.71461554981954,-2.1678618423984357,-3.006336411335199,61.77871456608226,-18.248273267989177,91.35982433740264,8.065219517236008E9
18,29,0.5642120208561608,1.4200687093899274,-2.5077270301566155,71.36742994134343,-1.4290969304295384,1.6413775408767197,-67.31687304732675,13.562847184615505,75.34489174891957,-1.6344917526381063E10
18,30,1.314615270487171,0.4954976496241398,-1.0756776943871038,-73.92038445185185,-1.5803384273956724,0.09277365207154253,70.47802871779965,-19.409710767640185,108.46503805563215,3.3124495452317703E10
18,31,0.8990339336842638,-0.19221491685396275,1.5930000965538373,79.29201617686641,-1.621798086630009,-3.9076239429089856,-75.13328847225729,17.60084433154376,86.81949294592332,-6.712987069000103E10
18,32,1.167422585722384,-0.5390837954416069,0.0895483687854306,-83.43306803987784,-2.0678921725148824,-1.4785819922822652,80.75812926562581,-23.305545432175556,125.2637631153872,1.3604492594409026E11
18,33,0.528516966614824,-0.2815921622071611,1.6983128675169792,89.93193662212003,-2.573391639420133,-6.567111527142281,-84.97516662275916,18.122687819407307,104.54505422744103,-2.757076945093614E11
18,34,2.4352277488691185,-1.1690989272909236,1.7104806717413747,-95.83164431865957,-2.9203712756910902,-5.405348959611126,91.4100209514672,-24.287525232381373,146.73848314404478,5.58747283262915E11
18,35,-0.48992458950567297,-1.4850704334016338,1.9336226070872318,102.13592396488576,-3.1612375161829505,-7.339300695029947,-96.58841625075087,23.050881283662456,121.39361383725347,-1.132353332161005E12
18,36,1.9872771479378541,-1.4503635324009192,2.1482934683138915,-108.46466705396209,-2.2456967424512193,-6.028123117055218,103.69014801904073,-26.946549732705606,167.82132474189467,2.294819334392933E12
18,37,0.9123450063795256,-0.33148938796357486,1.1466364819371608,117.1838235656645,-1.312962374280741,-2.58607513525851,-112.44406743949837,27.906098079534548,133.42954154248957,-4.650664795223603E12
18,38,0.6182135184754622,1.0927887507574172,-2.2687283744799593,-121.7768442483837,-0.9091381148219442,1.7016547372701516,115.16557955424021,-31.142842150988486,184.99078247706336,9.42500471061203E12
18,39,1.2099320031704461,1.6022402022229114,-3.638975345251689,130.94686044720314,0.6391778250080484,3.377402200642339,-125.61680430907165,29.40438740949772,144.72877993021848,-1.9100648553921223E13
18,40,0.49436105099773214,1.0076001209308623,-2.3003969920105503,-137.86551156020354,0.8895806142201281,5.112069490808959,130.8428197085753,-35.80679419136177,201.8522515243897,3.870924061881192E13
18,41,-0.36909769385310787,0.970526761124736,-1.7610293914795827,147.9872319739877,1.7501651237988125,4.413633275874237,-142.60798109686314,33.727473085987754,154.51611600020618,-7.844787600052386E13
18,42,1.7268714196074588,0.7312168263199064,-1.8588960545154816,-154.6416854246873,1.6899634323103918,3.8346124141908673,145.9421821211729,-37.931008695044206,213.11855531301148,1.589819162193834E14
18,43,-0.30450143860101075,-0.0734981356093789,0.18630260691909775,164.53014491066241,0.48682333643284204,-0.026679193257327483,-157.1297050606716,38.03986936079072,162.33677075667896,-3.221916382366843E14
18,44,-0.4490497412162293,0.1330746160434395,-0.1619575491250252,-171.5114673546458,0.08417696210682903,1.1087535212694872,162.73489064049303,-42.64988896497981,231.36779811576463,6.529513181003141E14
18,45,2.625460474071562,0.4445578465341151,-0.3996770533443341,183.8291082352923,0.7266395824079233,2.3839119689007644,-175.56008603040982,42.26720534257774,173.07133383277926,-1.323266569369452E15
18,46,0.5780871276109879,1.5880012519029123,-3.984805865302514,-193.76492066205023,1.5577862032768994,7.514902423054728,184.77811603247883,-49.340735436627405,249.27072117084714,2.681722764117973E15
18,47,-0.8461893491182262,-0.4308339530881039,0.6427380534766903,206.8515925162458,1.0952740312003293,1.3247474827143217,-196.6400126727131,47.16498452641432,185.98177958130898,-5.434760576635434E15
18,48,1.3319559556503238,-2.3145423101222264,3.50721355652993,-220.43775997594983,-1.9585268818111954,-9.291619786678291,211.25907510768945,-54.10038764868524,274.48576712757887,1.1014047731016612E16
18,49,0.8651675459100698,-1.6446987475882788,2.6532523949827636,233.7816538281808,-2.830667686490198,-9.290006017935042,-220.65766179338158,53.93525958985936,204.3462817319898,-2.2320992012533756E16
19,0,-2.3406948391684934,-2.763779901542171,0.5593247249909745,2.1395776655728884,1.3943398925444068,-2.4918209233915807,2.1706670697426995,0.536034263029714,0.4743557301235153,-3.5922889005257743
19,1,2.8590931352431883,-0.39200736817790005,-1.1554050536571814,-1.0311485888608625,0.4062404524051808,1.414856271283906,3.6506899053238406,-1.7500353786718337,0.5556455553703135,9.97482220365246
19,2,0.8161497517526914,-1.2169313572256921,3.1131069152628994,1.9393431353788424,-2.3241104375445545,-7.617246160500389,-0.03559405854038489,-2.8777536138972146,5.573377071100782,-23.51315355412663
19,3,0.7234176584036319,-1.2224300867380742,2.7900258132855367,-3.005628635991214,-2.7541045604013785,-8.087235036691146,3.4733730496665522,-4.470752521832148,15.474740194012492,46.18676137413893
19,4,1.7274218419725638,-0.21870382835648944,-0.22839416542511137,3.738534630151501,-4.133654915101141,-7.475396357775985,-3.7696742598102624,0.6070847754578006,19.3487489987637,-105.74394669398386
19,5,-0.09935249550269021,1.4536960146287448,-2.9690327530915375,-2.0183708157763847,-3.2366098119504083,-2.556055065972741,0.5380460683086031,-0.9612518628282878,24.343228411636737,206.34429383422625
19,6,1.6964956667181084,1.7759546769932144,-2.474645886896338,5.114159309701673,-3.4554441628651134,-4.009256085756462,-4.579823261150285,-0.5239113297136164,31.88122714733416,-436.7642047672397
19,7,0.8214038326994667,1.4009753801547353,-4.4639604217634075,-3.624482911425653,-3.891966541984652,-2.3190714141927424,3.9241954992735955,-3.568267726626783,43.8625084164225,868.1727002642047
19,8,1.1430880131545758,1.4370553631591816,-2.233076988600927,6.463535632159669,-1.8374560537152345,-0.783111845656292,-6.748631587723422,0.5081793844088667,45.301291575324825,-1788.200928747319
19,9,1.4250796550883764,1.7160308392715753,-3.731666621554445,-4.834474382999142,0.623633681367423,3.918688285332522,4.175168388163723,-3.796329330453961,52.22367547788966,3605.083197983596
19,10,0.12270983195598495,2.0661458640165273,-4.56718979313439,9.206376609609705,1.7142172137242577,8.764620910887102,-12.072255870396434,1.0777402826898064,48.89164601421398,-7342.161353223843
19,11,0.5872098646735394,0.12673135596395735,-1.3557796864400848,-8.214185976168856,0.4443675512769303,2.095202923887082,6.223960002075495,-1.914135315045237,52.34077897656098,14863.478298422875
19,12,1.5076059950416802,-2.1593829330978345,4.095168170738565,7.749185615988763,-2.4971762937385376,-8.455809357444078,-6.4023735134838216,-0.9866484199837341,56.92594106595337,-30159.472230450814
19,13,1.4108245298669724,-1.2913956903871477,2.4699704594240126,-8.519323353023943,-3.2624106558830483,-7.245901723493634,8.395181635203723,-5.268958932234911,69.7120707364997,61098.67155701764
19,14,-1.3382248774549779,-1.7858123554914207,3.000040456876674,9.975920649894212,-5.352979996150507,-11.945695780697942,-8.9180314609422,0.394975950962307,77.87246972482764,-123872.7996602732
19,15,2.470356291382305,-0.2964571417452687,0.6049206958096439,-9.791854979260874,-5.342756826752405,-9.735443698545549,9.691284201917709,-4.078653561165222,91.01253692978945,251007.92467953675
19,16,0.17216834385353663,-0.574464823297977,1.020575253881426,11.039748065405183,-5.7050207570231874,-8.50330041490189,-10.430295496679237,0.4461351405320181,100.40164276014755,-508753.37724514195
19,17,2.5372328518245713,0.7753445881826797,-0.9320787501331379,-9.933655250415374,-6.85807795426097,-9.531412006625674,9.237686817364004,-5.435172562699785,119.49082754212743,1030989.7265540265
19,18,1.6344862355970782,-1.7444103735391776,2.9271217192098162,9.163565706891987,-8.26853326900187,-16.83519144183443,-7.684155948326893,-1.574101636114183,136.17513761347473,-2089473.9355756056
19,19,0.050033582464092174,-1.8067629318410334,3.357614833727025,-8.501544487640652,-9.904750601311244,-19.538020772619664,9.371888773489868,-4.711957875981241,161.3534247579576,4234446.538279186
19,20,0.7157485540654952,-2.664742971511332,5.7719337576731,6.607328710481734,-10.661419459645643,-22.88961156498078,-3.9599183446903705,-1.3363569249269602,181.43322707732298,-8581595.71434668
19,21,1.529863588404615,-2.038747060078867,4.370774438722986,-5.71393803787703,-11.58610873175362,-23.33635729571248,5.661867726661489,-3.251872956831377,207.2283816841833,1.739130732606682E7
19,22,0.2040671502075047,-2.1686620372115986,4.748947637482096,5.061026836599285,-12.458428981094487,-23.729793926118344,-2.6919159701154474,-1.493099917809381,231.6000091791939,-3.52452221376532E7
19,23,1.6138296181097762,-1.5822106672152316,3.4347202470753775,-4.769415943299327,-13.774220849349913,-24.815668716798434,4.362464174691064,-3.7541144291002078,262.0684638033573,7.142759808954518E7
19,24,0.15724515251155197,-1.186435538115461,1.1300081683938192,4.170704688767202,-13.375230203595956,-23.203512363926155,-5.102975601967298,-1.2150880660310988,289.64193243755665,-1.4475482180313686E8
19,25,1.213026649542863,-0.5976865296646054,0.4782928306647497,-4.1520466748131,-12.46936402991874,-19.334089087485435,3.193748358373234,-3.0432002055840184,319.4552062055275,2.933589497351363E8
19,26,0.3036214461242679,-1.0178551027048168,3.2890717235973463,3.936692623954592,-12.54753193350644,-22.80595337928558,-3.388564160393832,-1.4596648749893308,347.53407950850135,-5.945193731510793E8
19,27,1.4745164554364845,-1.0179654907860007,1.4978588473657057,-1.791200226195993,-12.565853355031859,-21.60692767614282,1.8184483430154956,-3.8184117158690065,380.7856839029102,1.2048486084133124E9
19,28,0.9223271412243289,-0.9882373501681789,1.636915950899149,2.9036567695111657,-13.722133087019788,-22.517739059464873,-3.3912069972275463,-1.4481997853229986,413.7286636319157,-2.441737966775173E9
19,29,1.1844697001075393,0.47546209261144534,-0.6279862516841856,-1.9201316237708606,-12.121910643246105,-17.01846520343333,1.759538830922776,-2.155761177880139,445.68769943576444,4.948408841680647E9
19,30,1.5482076579505137,-0.38166987999644847,-0.6761140805324142,2.8925035375016774,-12.565576843289675,-20.085938369900646,-1.9584147345706102,-2.180121359965003,478.3454390998722,-1.002841095891982E10
19,31,0.1792131819535298,-0.9055553931714297,1.8751753466636771,-2.80638535564411,-14.0080675461728,-25.54369872438978,4.06564796695791,-4.52409837049521,519.1516494519512,2.032350717114092E10
19,32,2.9746859181026712,-1.0336736827741497,1.6466814028439871,4.154161104132963,-13.522025529033796,-21.188763201031797,-3.958699590810605,-2.6774553304402335,556.6501007577002,-4.118747762020936E10
19,33,-0.1027436962607064,-0.7112679877181243,1.3722317550803476,-4.21746991503358,-14.479792683223996,-23.830328791275463,3.928210416184803,-5.073041055282598,600.7861053312687,8.347025344993086E10
19,34,1.8957955471809735,2.771611934806407,-5.341464531881036,8.029420322319067,-11.369424849552962,-11.250227235413204,-9.361792633776842,0.1039874346697307,633.483252453325,-1.6916023152803018E11
19,35,-1.3286098804768416,1.474391703931117,-3.4017603569152475,-5.819769363236106,-10.650038468281036,-13.991947374220626,3.423376576192695,-2.398850858051523,671.9735014891044,3.428189404338063E11
19,36,2.7099853063474435,1.951593047395499,-3.34773875395406,8.023341260862058,-8.42255994218607,-11.215678387826108,-9.406707846908265,1.0561689834200025,700.9628479909201,-6.947544646774731E11
19,37,0.3862457592822433,-0.790295165609094,0.3566949830484982,-7.500315134870292,-9.516632012975911,-14.977481021065278,6.8212893650271615,-3.309763590342854,741.9635789766243,1.4079845331457708E12
19,38,1.8908569519980007,-0.7562252754266707,0.6360048860067343,8.357792445740033,-10.270381500033851,-17.680163544196734,-6.7938393138885536,-0.38540709689551433,779.7729545525959,-2.853411596734679E12
19,39,1.591028374763601,-0.38341832539971754,0.7074017829487504,-6.8842591989546165,-9.793224999313974,-16.4280405149925,7.744754625631649,-4.788721079132216,824.255307765659,5.782703962250801E12
19,40,1.0827531704677,1.4428160547651698,-3.6190388191859344,10.94331761977445,-8.481439660285158,-8.705965399916918,-10.260922054575527,0.35352943790814073,859.5590209107055,-1.1719187360504605E13
19,41,0.3276010634641817,-0.9776254210306805,2.3481266759772645,-11.5822690797807,-8.878613911280453,-14.846726153158976,10.17401620432675,-5.3970089688302485,906.5882494956671,2.3750023047885438E13
19,42,3.1853308174446138,-1.2760996850347854,2.269802719093356,12.390495115479881,-8.927255832019934,-15.719495426537827,-10.864595221643533,0.2401161966149921,944.1526315636949,-4.813163041431467E13
19,43,1.0373777447015913,-3.4573047074566983,7.029737362446416,-15.226444419735294,-10.469436696820734,-25.378083940315616,14.867973247834556,-7.408348698121562,998.5128652802728,9.754322518479125E13
19,44,0.6254409257977441,-2.5136907595026208,4.673276424362974,16.129397925627504,-11.707862278336634,-22.96813901931544,-15.196911202931128,0.6250595405489744,1043.4958522204772,-1.9768041717317916E14
19,45,0.42876925168499447,-0.7119648998449849,1.9811590756865742,-16.473618727026448,-11.91306771894224,-20.751936483231663,15.488936136250691,-5.579745814621294,1099.7935510115437,4.0061774930617925E14
19,46,0.9835492817490386,-0.707873580270987,1.9290999909083504,18.19764940816929,-12.897248255392824,-22.35683095152561,-17.217545213761667,3.4643016659244346,1146.5207391401616,-8.118891256633198E14
19,47,1.490089149824165,-0.49876188763299667,1.8487834126951674,-18.939654421891046,-14.334557477193531,-23.251506889131313,18.22939714718063,-6.53192609568317,1212.5989880642674,1.6453688173107512E15
19,48,-0.5848932678987528,-0.8657200378837708,2.406290359776496,20.028814346225687,-15.526552343043672,-26.179636819210906,-17.065748293403605,0.7940484062036216,1270.3761026671928,-3.3344929244720485E15
19,49,1.3880038056732662,-1.5081961162052462,2.587278481275114,-21.281611195698357,-15.733129605597268,-27.690837627326356,21.088977691184624,-8.873986750104715,1345.6473909920205,6.757660012983459E15
