15,1,2.0918810106447254,-2.0444046367155235,3.841579087990642,-1.9126405976015217,-2.2711750463396285,-7.474366685065582,4.23098068758502,-1.9497579240092684,1.545328902639299,11.902675512726605
15,2,-0.43038460470319206,-1.128832054013782,3.0727959196327204,1.8374259845389465,-2.7697556691911154,-8.763381661252469,-0.570742658851958,-1.3158798901941497,6.753432995457514,-26.13774346427711
15,3,2.4326105772531315,-0.871299725724326,1.473284330476353,-1.1641403246501063,-4.178612478961538,-9.286767363608227,1.9885346895174452,-0.682475479527263,11.443028565597166,51.4960917712012
15,4,0.31523757571619193,-2.42176866837841,5.239016784409021,-0.2176162274980319,-4.774322424605414,-14.524585358119737,2.6090405061438995,-4.119737238114041,24.75395030380264,-112.3003271804695
15,5,1.8889050288967844,-1.248336832769213,2.0519382502214283,0.30778515432312226,-4.991773886420379,-9.570674197176924,0.5416570137546194,-2.980213921893473,35.3323000837091,209.96207806031168
15,6,0.17001885511443163,-0.8554126950743768,2.9475896095386918,0.7473907788322992,-6.452265443433622,-15.139787276513506,-1.0261663352870745,-1.6592794569752602,45.489710538854524,-446.14325077454987
15,7,1.5482771083126556,-0.4572498552039991,1.0233652594587614,0.1567842154775577,-6.417705493451196,-11.870921744096538,-0.6933491721998195,-2.867918966639752,60.23596474769006,878.7609155529572
15,8,0.272086089085729,-0.22641479395312014,-1.1438948129538806,1.4893136103970779,-7.689933476889872,-10.12545554259716,-1.0552523196278194,-3.8224398597667335,78.37374787294725,-1818.7694948881408
15,9,0.7380665108722977,-1.5637562258248958,2.661060156909262,-0.5438826723361764,-8.29855925563249,-16.101755623957068,1.1234559679761316,-3.1909848348710197,96.36928423856115,3640.834983941911
15,10,0.448125478988316,-1.9758479938000693,4.25175013434637,0.7292467035856177,-7.943959797272706,-16.70639802771499,-0.19788105805382014,-1.1387711099716606,110.89264548722674,-7435.040909328793
15,11,2.538437884951745,-1.7997919363285972,2.9603737057737445,0.15717215371891025,-9.856460405097465,-19.15961868647262,1.3420586523371978,-1.9242392879797001,129.64781006445205,15005.673894221167
15,12,0.5623226265944336,-1.326108108206265,2.1580505163629287,0.3442355214719312,-11.272532000914564,-20.835236238407177,0.42357375835170497,-2.2950864781825984,152.25000638126204,-30483.113770125892
15,13,3.139978890953061,-1.6991386274769282,1.6760943173006255,0.7145798677261536,-12.977876625324205,-21.39851555790014,-0.3908041727214803,-2.7013900747910657,177.4115142490519,61691.2185357908
15,14,0.5966210361010448,-0.8820107403125007,3.442240711516951,-2.050076866703948,-13.876677644176038,-27.9259895036121,4.097131964506658,-4.248887727379094,206.85982007315212,-125121.44812860101
15,15,1.9652289962296563,-0.10790355990769543,-1.1610429583958597,4.609106027470649,-14.043277071259888,-21.41401050706766,-4.647354164218515,-0.9216414685754979,232.87024845797848,253450.06556328424
15,16,1.6887723287751035,-0.19274995023997682,0.053495155008499815,-4.473362575522639,-12.505720269094423,-20.68472393254026,3.737185005112871,-4.01456232642928,261.6454364129708,-513765.39890850545
15,17,0.4359470072335041,-2.213897373285547,4.836393324406151,4.098247601204815,-13.495448212996509,-28.809299450892112,-2.856864270956452,-2.5382370788682813,290.995773961904,1041043.9326567436
15,18,1.4810883923674625,-0.8825377436894515,1.7652818256421692,-2.6816599543553172,-14.331712510195462,-25.23321893735181,1.9534716537241699,-3.3678574632727276,323.4213922845579,-2109932.585255851
15,19,0.1414440229710412,-1.1847131879098058,1.947379609815415,2.661353162212688,-14.138271376473652,-25.623814857960078,-2.258244016585382,-2.3531380084101428,356.5113801790531,4275792.8688760605
15,20,0.10780024075612227,-1.8206191313358677,1.6609493784216132,-3.0662695767277013,-15.002997245787308,-27.30974362020242,3.1514521120307033,-1.1560282104108595,389.3307749134274,-8665486.36027885
15,21,1.6144606649372457,-0.31434885284543157,-0.37406339210171013,4.928968592253161,-15.091159796484732,-23.69812023127218,-4.626433056821112,-1.3750328603739068,423.40019645024535,1.7561192891178485E7
15,22,1.4853746132215295,-1.0579307342976392,1.1457069735139407,-5.108329065300361,-15.924324374433136,-28.007440508353174,4.798243469886549,-3.140944911424035,461.44072049857976,-3.5589619836055316E7
15,23,0.7330132535061624,1.3623617254700369,-2.0540245178265715,8.274469183728213,-14.422104531694224,-20.280603048553726,-8.048601690619838,-0.6148909089444842,496.3199505667862,7.212541139787692E7
15,24,1.541300086053822,2.159716134043629,-4.602592900838587,-5.925140141662364,-12.692049603724387,-14.445225100367232,5.769076276503823,-5.236957405449777,535.3338499881557,-1.4616912125086468E8
15,25,-0.46566983112355453,0.4223747847689232,-0.435672757358771,8.291802337697861,-11.464043575103144,-18.6020299755555,-8.653974377217112,-1.34518893705096,568.7479898987466,2.9622501488716525E8
15,26,2.1445998893665417,0.5736642648561294,-1.388574996441009,-7.273881080193732,-12.302754842985888,-17.086313679299945,4.875552922152522,-3.871869309889341,608.4866240671777,-6.003278447294873E8
15,27,-0.517268178810218,0.03818162086745591,-0.8428242964222736,8.605993810962834,-12.239994475414116,-17.449725895748784,-7.8976723261118575,-0.3056097390857273,645.1551488569511,1.2166198630950508E9
15,28,2.216226965055333,0.24861190518251616,-0.6443747391720915,-8.238884481660467,-11.085293421948423,-16.952476105640066,7.465185541413577,-4.023580841749471,684.6337329184669,-2.4655936403913865E9
15,29,1.961635171227497,1.9285470231878727,-3.400681474562115,11.129805578878322,-9.355524394344629,-9.287899716733024,-10.957612295383537,-0.8331486778943616,720.1256773700486,4.996754420117612E9
15,30,1.7681811706750485,2.32647912144693,-4.627477385272639,-10.435567274817664,-6.366637693822507,-3.650994792918839,8.034401932720089,-4.696587276709445,758.400626795381,-1.012638790445482E10
15,31,-0.881814408578163,0.7988876312431492,-0.9215268465850623,11.93499196658635,-5.4122845747249295,-7.431621128064315,-12.129498419948291,1.1548554018721413,787.3228728948518,2.0522066397986843E10
15,32,2.560335022708519,1.609029683997187,-4.307171088985477,-10.331402787473724,-4.207461406654151,-1.0657846835966607,8.165798173865948,-4.300796003180386,823.1265103499803,-4.158987648608507E10
15,33,0.12888816214292076,0.8219430062853252,-2.197114136466647,14.116380543106462,-4.828974270676182,-4.540403218427043,-15.522945225050826,2.721516234449618,851.6995936548842,8.428575201804306E10
15,34,-0.07238437821259325,0.04562773503336426,0.310371564278374,-12.350129319260434,-4.788395553786264,-8.966500371617526,9.527313208861546,-3.6466750734304045,890.887814493686,-1.708129153310884E11
15,35,1.9763034027175348,-0.1216907679953399,1.620558746870266,14.110339720173178,-5.036532335570973,-9.423697147970893,-14.0622225847599,0.010734482358756736,925.8027077030878,3.4616825769567883E11
15,36,1.2580737991424147,1.0559910904909338,-1.820979445447734,-13.14764516487157,-3.3583509050888454,-3.555224105809848,13.396734958046244,-5.478810646244758,967.2878375554036,-7.015421677050251E11
15,37,-0.6065227761341979,0.09806992045849999,0.12778627459929615,14.127241921502526,-4.549362948997364,-8.11315987570752,-12.13459435653762,0.5917571128631272,1003.0637837263395,1.4217404444083923E12
15,38,1.959189049845889,-0.42950154168164645,0.8323704066638369,-14.434424838115108,-4.648902444811519,-7.655585353292254,13.58904584667442,-5.9636380947379015,1050.8957407217183,-2.881289230300928E12
15,39,-0.8341138301031841,0.9368135028195125,-1.775628824276194,17.355925079239242,-5.26681362476449,-7.932174389134283,-17.15015014029892,0.9574867722121901,1089.5410641751323,5.839200579067024E12
15,40,2.482896779801113,0.6444293199817956,-2.5588769198945682,-16.008367555046497,-5.996396603477421,-5.570458999623644,13.502311748598474,-6.157780427428222,1141.1499063255628,-1.1833683008677416E13
15,41,-0.2974554443300142,-0.3083280581828643,-0.03241394132457165,17.437214603174848,-7.371076961639704,-11.154998637512355,-17.271936930993892,2.4853556065185285,1183.074477467511,2.3982059126606105E13
15,42,2.9449571210806154,-0.9558010817188202,-0.17511694563343205,-18.371871212031536,-8.222057158307667,-14.47851384745202,15.944665177016722,-6.5942195378446495,1239.5383599715217,-4.8601873106877055E13
15,43,-0.17330802820214017,-1.8474704451770378,3.3963673941239043,19.312433861303223,-8.57477398320453,-17.969166405264218,-18.773643141619473,3.8977725781773254,1286.2586887681944,9.849621573275553E13
15,44,1.0018310657005252,-1.2339847779892912,2.7910901549799676,-19.41668482478324,-9.823306665471241,-17.300674999042776,18.105270980092,-6.018652695235196,1347.7918511542362,-1.9961174114506762E14
15,45,1.8038399780908652,0.11994074640858432,-0.4910462309567438,22.17762082243869,-9.605409393092472,-14.338083297458983,-20.681257469598723,4.304820373819686,1397.3229426749192,4.0453175694448694E14
15,46,-0.0011860535737429068,0.9978785712880672,-2.4010177968828965,-22.388700851203822,-9.38061101276493,-11.770953955060614,20.99755693691389,-6.7396642335959775,1464.5413800084173,-8.198212261377838E14
15,47,1.4418975221058592,0.6969565076598825,-1.3887272712584091,25.88225071599559,-8.945534913608263,-11.593325609867108,-26.724066635847525,4.763876907375519,1516.1702034938185,1.6614439565923918E15
15,48,-0.6024422116329197,1.977751576155636,-4.223313582911058,-26.223361626752823,-9.238514957552477,-9.260580431652425,22.72006222700436,-8.644906841689538,1590.5113827442387,-3.3670706891839855E15
15,49,0.0624406079961457,0.7211293116552329,-1.8067314212839876,28.870758744635733,-9.535711501897921,-12.691498510045758,-29.43166908346115,5.1262566017999935,1646.2815239933798,6.823681882842543E15
16,0,-2.022951165439087,-2.5614504440450796,-0.1527730793016222,0.3125762549521518,-0.9455753400820968,-0.6717862312395189,-0.5574855890038899,-0.7944670022827705,-1.6387421835941667,-2.7978214427084453
16,1,2.794251166316847,-1.0473619874824054,2.1477940843578596,1.4919667524876425,-0.9649844671046577,-1.8064802930330703,-1.0862949979312173,-2.0940588024543825,1.6833127317609984,5.484366810916373
16,2,-0.5257226136667082,0.08303837678649728,0.4130570408820124,-2.2380320537447944,-1.1735665260327952,-2.380113425179318,3.2481491549024826,-1.4529513189152805,6.001251854167679,-9.048634404851786
16,3,0.27070601143020956,0.06324827636450658,-0.9367830219674955,2.638172723960558,-1.50618998793646,-2.4392525763567106,-0.28689436504008214,-3.4194128420309466,13.011291886863555,10.794024383708237
16,4,1.2245340318337983,0.8009150666820561,-2.3714793931089324,-1.031613691685122,-0.6238059970801446,1.509016451113701,0.8771975871039576,-4.613891294171393,21.06221482460676,-31.864552797910257
16,5,0.8987523736741194,1.4708614889356704,-4.455301992270232,4.286591781473002,0.887663236353557,6.24634439504268,-4.557535979817727,-1.20871546873117,22.056725287760926,46.02133354628663
16,6,2.318385913512648,1.381945470337675,-3.295933426415737,-3.7887885186572285,1.2938215397193058,5.9275281992669795,5.086907184991804,-4.030294569365498,26.200793111901962,-101.37878409585753
16,7,1.5278414785680148,2.330476505654192,-3.53449623944259,6.150739659719338,2.7928308151025028,10.648517196524125,-5.690265191631081,-1.7818428536257718,25.12948757659128,184.37372103096828
16,8,1.2840494068150976,2.501229124599549,-4.258308508505772,-2.8452821212268953,4.287105810986176,12.600509244999653,0.9541558929595328,-3.1610048551594647,25.121237304851544,-383.9395837160825
16,9,0.5261732387736683,1.7587400323205986,-2.7674786584923665,5.820752754984237,3.692399742686857,8.762603393316299,-4.839070516341823,-1.2534139149776464,23.6252110613463,757.3457784805614
16,10,3.370877401827814,1.2880165310245744,-2.775949248764578,-4.208845576477895,4.5457945993994135,11.60907187205471,4.253267356117702,-2.809281101352895,20.149253603233106,-1541.7569415510377
16,11,0.5015402860199525,0.23534995815682558,-0.5011691398847888,3.865808535810822,5.1026124150938745,8.175373620997176,-2.6816653776302486,-1.8395890644854336,15.105151644827691,3110.572265504476
16,12,0.9260343151793582,0.25629332988232517,-1.7955140238288259,-3.403608989645197,4.085081328679023,8.841690775578392,3.0792554153546723,-3.0784946857355178,14.259005035270132,-6306.768142212844
16,13,1.2782569269838993,-0.37835969829389515,2.20442610183357,5.347418114565117,3.7084888519349977,3.926653458384402,-5.340838605670135,-0.7326760210648984,9.28092331884891,12770.060173640659
16,14,-0.26804939486314405,0.5554417211755157,-1.1424973011428907,-4.771394675628899,3.1533566608400534,6.112458911448537,3.3913222636946143,-2.8068238366569043,7.9124149822004135,-25876.68218347581
16,15,0.9948483626714806,0.28665952332625066,-1.3948500899556526,6.823311780687117,1.8339945939152615,4.737571017749514,-7.519288912672492,1.0991982602899761,4.974083544236841,52431.41484015345
16,16,1.9866301960046369,-0.7987088851296053,0.014386627106822703,-6.9740830062935775,0.7890555935528352,-0.40088765282399774,6.126473158694775,-3.0511803586384705,6.251054598443582,-106250.47331496463
16,17,-0.37802203430091585,-0.27852660353510766,-0.19469192563753107,7.776103663500597,0.6645114122646714,1.0751350403095308,-7.289036727279661,-0.40042860326564433,5.408036366292337,215312.12395673784
16,18,2.470571114063378,-0.5189172125152922,1.3013421358649295,-7.483391375135846,-0.20288737208986996,-0.4351126168194994,6.655287582304874,-3.785384947663033,9.685748877276442,-436342.72771061456
16,19,-0.2891568782191522,1.1144251644291503,-2.3218404372413413,9.661180031854885,0.5191595748252298,2.552923439252768,-9.357592689504681,-0.2966438721595187,10.00335895606428,884272.5831974599
16,20,1.4796243728865393,0.1540566822945676,-1.2952691325675612,-7.525078318676281,0.5468586176740997,2.758039062870848,7.057741890120294,-3.7103900251659843,14.458844289374118,-1792057.8653051786
16,21,1.9326861743360713,0.6290138810048813,-0.926755051329768,9.737220493412405,1.1872577271518603,4.554608376228111,-9.186919588639864,-0.09071745529201891,12.065521459863493,3631755.585802954
16,22,1.001149587163149,0.5085105678836933,-0.41839447742959557,-8.712168727117424,1.5653551673249793,2.572325495138595,6.990511551105658,-3.9022049745601133,15.073081846629007,-7360087.225946433
16,23,1.0607678570003205,0.9807399882844314,-1.2098433583323334,11.159765254295637,2.0593237943041025,6.020200348525597,-12.370462325887582,2.713473447091071,7.767025635737349,1.491588351463944E7
16,24,2.4953025495914307,2.8554849832591866,-5.14571993203444,-8.957544669781873,3.370953650213669,12.359910227355867,6.494091594739275,-2.6281054542285873,4.915254152707055,-3.022841614268283E7
16,25,1.339336001349561,1.1251497049599914,-1.6628539564257203,11.653328808746387,5.399878385686459,10.815824696689228,-12.740583399683363,0.23952201522952765,-2.521238708020464,6.1260681463683784E7
16,26,0.6146985593443163,0.2683285373263566,-0.3269258753622303,-10.564060841177543,4.832406625214866,7.568883397920507,9.017946726470328,-4.719930371480909,-2.8024567754266796,-1.2415045331660065E8
16,27,0.4715175455976789,0.7406181824427636,-1.7808732786778971,11.464467897997217,5.164619369817799,9.40063008153052,-9.060309787485181,-1.47167724505058,-8.476884336764355,2.5160242980100116E8
16,28,1.3235592585993492,1.8829032095567109,-2.3752946756859883,-9.582091661173044,5.290209141818178,11.985609799631284,8.726841101128883,-4.876500890289613,-9.659536411876422,-5.0989570771401733E8
16,29,1.3110540654823248,1.1323541549560154,-3.853535437385324,11.331548585451404,5.281457209165786,11.468326248058384,-11.761335114048196,1.7848107058017186,-20.891433474932843,1.0333510668598547E9
16,30,0.5423759169992292,-0.4589520418097366,0.7476340091095134,-11.546555869057924,5.032828635170622,7.141135995002251,10.677949737706163,-4.511559271173533,-21.81590621766999,-2.094182010695386E9
16,31,1.859825095067469,-1.5671582318980781,2.271315995478297,11.550512102131986,2.691170506321397,0.38329445275231677,-9.265565473030145,-0.1697589518138808,-28.10119164783283,4.2440546006458445E9
16,32,-1.7322125000393345,-1.0043481158432468,1.0480773671395052,-13.255361062278208,1.498182804143368,-0.221838386979889,14.2045341847941,-7.317455206342731,-18.064397186314448,-8.600971310036707E9
16,33,2.65803179356521,-0.221873917008235,0.11126496668634703,14.979116635689675,0.4858979572453352,0.26680623082612076,-13.995015766757684,0.7155907944068305,-21.32484450296147,1.743066822967534E10
16,34,-0.34728341301284404,-2.155908002638949,3.7239593518884533,-17.22925102957056,-1.3551644257529643,-7.692627603251527,17.833355063676635,-7.129725057837741,-9.553866172962517,-3.532487016104463E10
16,35,0.33959250063000423,-1.8427038462106025,3.347689577806188,17.672065312945932,-3.16661580989462,-8.614923696511683,-15.691825259582108,1.9841587421516234,-9.261165287936992,7.158913451359145E10
16,36,1.746133829979557,-0.15814289435832174,0.06952958834808515,-18.502696017384366,-3.8116796471523644,-4.605302456323333,18.22466423364777,-5.903585323310537,2.7984189016963716,-1.4508203872168365E11
16,37,0.4395792605921338,0.5997893983648992,-0.2781895946918349,20.82459133398757,-4.3925538679040885,-6.904333303806507,-20.45323515659148,2.5158884962802444,3.121738509910667,2.9402224380091187E11
16,38,1.9987672883044945,0.9643377221239984,-1.2448498340928427,-20.229762551635236,-4.176740825461437,-4.614745977851412,19.4662235264529,-7.71669532506709,18.27372413937441,-5.958634205559471E11
16,39,0.42151792903007546,-0.4911059006056041,-0.08908905791102883,22.934290019833085,-4.573073553692309,-8.930355071487297,-22.20027628522137,4.444014196975777,17.845016308022764,1.2075726358966333E12
16,40,0.4502221858462536,-0.3904488117960924,-0.3574896500334588,-25.24992714674634,-4.903376215280319,-6.7632408486996445,23.863548847733615,-7.0804567188296765,35.762745902526355,-2.447258248602141E12
16,41,1.1916465856192613,0.5165510556481504,-0.5943251710753767,28.134285745913996,-4.693348386936867,-7.074066345312666,-27.43444974378911,4.716518819829067,34.41117079103251,4.959596431137321E12
16,42,0.3219546449011824,1.084576624313154,-1.4353279648125765,-28.35665905021737,-4.778342352424231,-4.996358199789097,27.738708996685066,-10.23866512641148,56.46540240366035,-1.0051083400789154E13
16,43,1.2726437814081055,-0.34058148979009684,-0.6141810894231976,30.7954297757443,-4.7877411705823825,-5.4525842844215875,-28.77609202104179,5.102207561658298,55.070021264916285,2.0369455243402227E13
16,44,1.6909510880487595,-1.2613664705944236,2.0888372359870813,-31.69386554532711,-5.603274250560509,-12.484697459000289,30.236208072480093,-9.85121998917707,77.46955493602168,-4.128059537160229E13
16,45,0.39695358273445974,-0.4190876696272402,-0.47814026691503697,34.422556625271355,-6.060009817050693,-9.93667667038586,-32.26357273171902,5.410034942456983,79.62250191750947,8.365896553784202E13
16,46,1.6536923502613592,-0.12399479090960386,-0.4429708426448462,-35.51361439338049,-6.814650106608293,-10.83881304554923,34.408812514895175,-11.354529343905307,107.76157737283785,-1.6954267378816984E14
16,47,0.5394095539989513,0.005075970884670912,0.9365744264910749,40.245448571428454,-7.303447373462921,-13.351680013299918,-38.16633894614867,6.760494674218973,110.33798623545695,3.435939955799384E14
16,48,1.8253780301500269,0.7960366737166865,-1.4845274781847502,-40.69129625820506,-7.031102655183817,-9.341120728273065,37.000686810129906,-13.314750334586476,141.0584089895303,-6.963251856351392E14
16,49,0.5676998958667637,-0.8512767274348852,2.910676587228199,43.36106871950805,-8.213441006016033,-16.368292628125346,-40.678944160846136,7.152411191003688,144.2470825118121,1.411167745616058E15
17,0,-1.8602859132911969,-1.0294245944002025,1.3915157296354628,2.0652977828011925,2.344373154042629,-2.984187299432444,2.6329167722200735,-0.8865668154807591,2.7628024001449547,-2.620905323881791
17,1,2.293142519026955,-0.51930520870785,1.2798310988909618,-1.3948573835376494,1.0437569046741524,-1.4145074301382148,2.479591894603278,-2.457933403889606,4.625156678146111,7.341165909290265
17,2,1.538560017587291,0.23442526014395937,-0.16558486337913464,3.6491446437530914,1.9457289034570828,4.013873253687946,-3.9538755012768414,-0.31816414584596875,1.14477868899625,-19.61820086865008
17,3,0.6783787096689043,1.3292853376463787,-2.493576870002572,-2.7885071765302145,2.3024202911805722,5.956175224374514,2.7884568656578415,-2.719606842082265,0.7799070856559351,45.161328650361604
17,4,0.7882698829120592,0.03304513714046564,-0.5479312418069292,3.779802808744832,1.6437044943008985,3.10410175202111,-3.385106809384582,-1.9280684618089357,1.780772120810409,-95.95533579536006
17,5,3.177420192005227,1.2530755148690034,-2.471564526117307,-1.3173417678597854,1.1097089269429894,4.159457430744244,0.6199533479707259,-3.545752183770349,3.9256589678210316,194.78715720352383
17,6,0.22629060158840697,0.6962843951320418,-2.3006369996780895,1.6486142301741367,0.25755748647507404,3.1237079373074796,-3.260130979266399,-2.7496745201265105,6.631280336061121,-399.1924509769133
17,7,2.326046763309188,1.123946486413194,-1.361510697056554,-1.9260215583145162,-0.3032619311265694,0.3356685801585866,0.9000157704113637,-3.776437272638496,11.894582108289413,806.039783280686
17,8,2.395109798059215,-0.4841084740804309,0.23504993947280178,2.409963986838271,-1.3143054484328855,-1.8394135384989783,-1.9675267306761985,-2.1020556676863804,16.209172164061496,-1642.8413959280517
17,9,-0.3957882589928853,-0.8625045635946389,0.793098477301324,-0.5037519646148685,-2.853470947077267,-5.465411953446296,-0.20241399807487265,-2.6588307763732812,23.375280192869802,3319.8516446383433
17,10,3.284819756860264,-0.13865185928146917,0.9327805287771657,2.2969103035883505,-3.610520523582262,-6.495480461960334,-2.56199159134034,-2.0396659450176675,30.219347121706576,-6743.889626597147
17,11,-0.07331810797626892,1.2915275012369056,-2.7350595200894596,0.38610766742806335,-2.3683042036282074,-1.249359352343365,-1.0733253243205882,-1.8172762762415082,37.462910857050574,13650.930775350003
17,12,0.8489993249383863,1.045511280503919,-1.8952243319778204,0.7865404290051494,-2.8999474319597836,-0.23813414417250156,-1.9929721472730981,-0.761172014753395,43.7790283213517,-27684.92870571271
17,13,-0.25498654413525235,0.3464652474129829,0.2858329363768223,0.789329873378017,-2.9543501018862743,-4.095407200637963,-2.3263458821204197,-0.9547792473691094,50.38039574031199,56080.45077254243
17,14,2.418323505278802,1.5319045059513794,-2.3328442804589886,0.7671620667631649,-3.2178115086101715,-1.4776116440063618,-2.788155736618269,-1.8890823469423736,56.228610863372516,-113680.07161944183
17,15,0.308845510756399,1.9098176405291079,-3.3487420921363364,3.1586465354138276,-1.1675541401678706,2.0957331656236096,-6.297249560538733,-1.0919915995107567,60.27104631298412,230348.7926662969
17,16,1.4233149862417769,0.738112541349627,-1.900376788866664,-1.2939857323005444,-1.2006091624847004,0.6521637211299924,-0.5025672792634913,-0.3590345896112821,62.95500014548747,-466851.0107598155
17,17,0.6242636613999613,-1.2194843853701478,1.065335378406559,-0.3580212628025974,-2.582485135198258,-5.399383776138984,-0.2816393243591918,-0.6334966157065426,68.67891753705933,946084.7021850963
17,18,0.4224035066715621,-1.1192224113509286,3.2621509362942023,1.1302390687594543,-4.76231171524697,-11.708947269889347,-0.24256147860855082,-2.1651109533055126,77.96557210389928,-1917367.3402942517
17,19,1.143538547738368,0.2383540729823067,-0.9443704045716336,-0.17833959326960808,-4.733252286723032,-6.195103388489974,-0.268285064005218,-2.966004325356875,91.78340497337614,3885680.0659523257
17,20,0.9879053653184884,-1.1611826827270288,1.8406892582746934,0.9101949714189259,-5.184431957770764,-9.558703008565299,-1.4440663394891124,-2.0492353318700527,103.47690345754113,-7874744.043482307
17,21,1.321324363584466,0.2729788191794935,-0.17419066189784038,0.750778455715787,-4.809670074429703,-6.889979425074923,-0.5436461063146868,-0.8601480910098758,112.88268020898276,1.5958846265941424E7
17,22,-0.35792126541887936,0.47392293238861183,-1.2087338220053094,0.21066831027941313,-6.09393157322909,-8.766292751839735,0.4466377727841023,-2.763392633440891,127.80324774068418,-3.234214914883044E7
17,23,1.6907865699311684,2.557740269915584,-4.669660557756747,2.833633787734144,-4.35346430594917,-0.22970274576575456,-4.205347882486714,-3.604081550897482,142.0163727564026,6.5544298684251115E7
17,24,0.7284990186804879,1.8871126930013198,-3.1978398117352245,0.39109758151476093,-3.2719307280778094,-2.2190412614489827,-2.742918090486665,-1.351317273240246,153.6584880674551,-1.3283169642257118E8
17,25,1.6437120801578677,1.8235417675073315,-3.2643543021254073,1.5361640415419366,-2.546874758163516,1.6641306929861268,-2.28749883846628,-2.8369550056108186,165.84020347525143,2.6919570122205627E8
17,26,0.292830914282733,0.5306016059272153,-1.919985063849169,0.12908729393326318,-2.410467370067493,-1.6159490824200318,-0.896397424821258,-1.2342537977373118,175.2707400673775,-5.455502137531154E8
17,27,2.261055542837469,1.7971901365413747,-3.4014696078083224,2.1241568113826497,-1.5272408856752593,2.824862417492313,-2.0782729980082815,-0.6352164060103258,182.98373690330433,1.1056081471728323E9
17,28,-0.14655398687181864,1.3546044099446057,-2.6454120171002216,-0.47309887253170035,-0.3437010012950652,1.0670810904663306,-0.3039715938563408,-3.0202879305165027,193.82038108432988,-2.240617829958862E9
17,29,1.8811299023656254,0.6028589326902194,-0.7548496770108744,2.4553698468547056,-0.19201122251076222,0.682035364878059,-3.227832203604493,-1.4920172910996472,201.64838174604554,4.540820297933179E9
17,30,0.2662629921346913,0.9135607920040252,-1.7977190367728415,-0.9649734384240908,-1.0773091086910784,0.2553409538517558,0.8199759498327176,-2.5151659558672366,212.87014771819486,-9.202394730781563E9
17,31,0.5785447977949951,0.07375662482348921,-0.61941360202357,2.3500622048303845,-1.9041438270252167,-3.9668792888721773,-2.8258709416091077,-0.5658997821436261,223.0510680082918,1.864950860985168E10
17,32,1.1881875992451478,0.3200797890531597,0.5104623666075484,-0.43531335753447553,-0.7962880148343507,0.6346831800130233,0.027158016408653063,-1.7379285951878263,233.90801740779096,-3.779496368627402E10
17,33,-0.2698202487126159,0.6451700895267618,-1.7946466135311536,1.3287124477261316,-0.4334166358008226,0.7051914314387461,-1.9860621565311511,-1.589241045743571,244.33405074419613,7.659500864285591E10
17,34,1.2549409571796253,-0.34432572217959745,0.4451117175126515,0.47612290302545324,-1.0997497731501336,-2.3583411879093505,-1.3129816804964225,-2.400009620974746,256.13539220642406,-1.55226908337668E11
17,35,1.242212819156202,-1.0094300447002458,1.6332534829982925,0.44299233966141355,-2.076250655774769,-4.697673910546659,-0.32758556062691413,-1.6472004905608044,269.47548656522383,3.145817654146871E11
17,36,2.5022493460226376,-0.08646013002248773,1.2670140515352992,0.3816032883648461,-1.9520768827312787,-5.429940616337635,0.7231362907809384,-2.175572514857033,281.8925828105995,-6.375292032708616E11
17,37,-0.6531462345609549,-0.06536620328463599,1.076658872311793,-1.4511049255594257,-2.9302920685802203,-6.692408023636472,4.097531657115448,-4.139152287533549,300.4426050453552,1.2920122192883242E12
17,38,1.594765533146247,0.9817997366417495,-1.9481060291360481,4.140732005798869,-2.836309347543055,-3.3505512632752463,-4.207556585696674,-3.1153541703467473,315.8781467476723,-2.6183829172512295E12
17,39,0.6971427386104645,0.4769518810434915,-1.8326989060552417,-2.244672231463359,-2.5200627535119,-2.082963089504812,1.3943979050582778,-2.7287436511611802,332.33835055631664,5.306396486304463E12
17,40,1.0313865167363938,0.5271785793762163,-0.7440436055971895,4.722934910626003,-2.513489369621927,-3.85324324118275,-5.73936715681912,-0.8242604261456867,346.51423249771864,-1.0753905964527725E13
17,41,0.27037986924231516,-1.7554131773595842,2.4203327807444452,-3.615257356350769,-4.354179376681285,-9.893147185210667,0.635370682277026,-2.344206940679875,366.66016121153075,2.1793790529863684E13
17,42,2.317740986291767,-0.04541562433583202,-0.12265633061392982,3.8054047115395315,-4.027978367777918,-6.335133209024005,-4.944070784949756,-2.160813654770564,385.32779685498804,-4.4167143290312875E13
17,43,-1.4586374756030986,-0.8228788722227689,1.6468038541819598,-3.111864116081346,-4.169815619834436,-7.2813494340819975,2.6239264120481343,-2.840689362930997,406.3786415753669,8.950882333848417E13
17,44,2.064023485438073,0.008005075547507845,0.5684444674817976,4.0712669421000784,-4.56677293494657,-8.109341439969485,-4.623515577540552,-0.7128538393511501,425.72162107011144,-1.8139795464710944E14
17,45,1.0323080104818807,0.14301414031631127,0.7959415346125069,-2.0655366157321318,-4.213330166519127,-9.500438689857962,0.6610351821232494,-1.7509822185865507,445.17241515455885,3.676198247591735E14
17,46,0.25215431270198996,0.7556117062738463,-1.28798745405888,5.100887969514254,-3.212121614005285,-2.3161117382921885,-5.646945195743301,0.5177111455769365,462.3346057599125,-7.450157628238061E14
17,47,0.9139354757452491,2.3602609390147826,-4.892825716091622,-2.2473413980143886,-1.2583611370579535,3.2823312788081527,0.2010483770280077,-1.1439721773990223,479.60239128808195,1.5098437284204488E15
17,48,1.278591448854417,0.9048374997484364,-2.3911290862881867,4.4591216468571115,-0.8851558016043423,2.2325540775862134,-5.728639050411682,1.4833132753844664,494.2752616517698,-3.0598387282582335E15
17,49,0.5979223530751367,-0.6201969596958609,1.7282635991500066,-3.8012317376695544,-0.8104100877208176,-4.968968642165361,2.7681486103479047,-1.7716608117387866,513.4453273700558,6.201047742035281E15
18,0,4.193397597888587,4.189258474484572,-3.249591358167151,-8.418742586770115,-8.460722717602815,5.660291853206832,-15.380728899826092,3.2058475100002966,-11.734499441326887,9.513451791749656
18,1,-1.3718878285356624,3.1098859885999097,-6.3761809502786,12.439984117434324,-8.355512483369653,-8.841713042501866,-23.976987971166785,6.722425139876147,-11.495273169176471,-24.722224198786535
18,2,3.363271284885312,1.2531488278065663,-2.3256497885191214,-12.133242773421232,-7.499462588769628,-9.472481453275629,6.9700126935870514,-1.8343854348639992,-1.214079825778614,70.47157880466263
18,3,-0.7079660084173944,0.9913563895075375,-1.7358915664488717,15.139323109370965,-6.934478050199307,-8.862165772485293,-17.420576483654557,4.278056545527761,1.315700726526844,-157.89572404238604
18,4,2.3372653508649455,2.9556313281573168,-5.681432985883511,-11.403539766250692,-5.495516731575236,-0.9687787931253287,7.946625868907179,-3.8253049164914077,13.649142840845759,331.41747683313616
18,5,0.7757215236293871,2.4579804736138744,-4.523352781655683,16.105066628624602,-4.540773213572288,-1.520773011108247,-18.121563165242463,2.5539297925214863,15.303127929968344,-694.6928670108763
18,6,0.462419744407756,3.2471282807563755,-6.598052159686171,-14.927653631956534,-3.3373967589351996,3.3695748809101076,13.511017109516008,-6.252457970892803,28.882968280867235,1412.4603529951496
18,7,1.526845139868989,2.7291594795802956,-5.45562715298869,18.368511231626982,-1.5593352710940496,2.72851288945614,-18.339000044778594,0.8988448670489386,29.638677097680652,-2897.984479460425
18,8,0.5935193113423105,2.485995544613151,-6.239830812409821,-16.968149063318837,-0.7209035949217222,6.519059940039497,14.42755147526677,-5.264030595903577,39.49710267383286,5875.220109464827
18,9,1.5887197374468154,2.1948836130719753,-3.002866896077145,20.75866662880778,-0.402739117570981,5.38180880795036,-22.677664742425588,4.443749428461259,35.67779780906987,-11951.002550475343
18,10,1.6984679582698607,2.642096798791843,-4.81049967277452,-19.220944873285067,-0.620598315519622,4.70407878708019,16.53067513404219,-4.379680825661952,44.17947712922819,24222.321467400467
18,11,-0.5358011434157832,2.8620064945938903,-6.046919579461222,25.095553620739366,2.005104804005537,9.364276619148809,-25.906127235785497,6.482243498144747,32.650281044846665,-49134.130429531
18,12,3.319702287331347,2.4467616216030024,-5.11098761165451,-23.09036911755184,3.52104228607251,11.879366105376116,18.973092512462458,-5.738727586081465,36.383948420745035,99585.53597071397
18,13,-0.7447875498134153,1.7744743738428561,-3.2646936598767446,26.62271045918308,4.166568058639653,11.67415698360933,-27.111494492843793,4.948985223607236,23.932730653859856,-201864.13005986586
18,14,2.613450857055752,0.15737172120777454,-0.517464698506587,-26.30698498164883,5.101108245821782,8.144758280675738,23.76796301591988,-7.963977476728079,29.1432074988878,409113.7450467932
18,15,-1.2210669254926103,-1.5308841297403908,2.76783737117748,29.044867317053637,2.6082303769410955,2.000948890314944,-26.90695558834448,5.988436689228734,18.198368317663913,-829150.8727422144
18,16,0.7548670425392097,0.09548950013625757,-0.5955319168630603,-30.4074456685626,1.393905228664011,2.165795997567749,30.24557369337372,-9.425442381477547,31.54800613435082,1680374.2462916647
18,17,1.3592792320147042,0.8352944877049893,-2.859817025094462,34.702356513608166,0.6020612740420711,3.827576312524845,-32.90495217628237,6.2241262035618705,21.658521827847732,-3405487.1374226953
18,18,1.0174080879937606,-0.828988749532639,1.1776514045267297,-37.305426568205014,-0.39647401380767994,-1.8002986655893136,35.93539424943036,-10.123091835787534,36.037338688837046,6901564.1980190445
18,19,0.3677326881828028,-0.15110862198111397,2.0344157493102837,41.779799830171726,-0.4527591511297059,-3.7534984953081727,-41.277982179343375,9.432151973197072,22.94952839534282,-1.3986723356170395E7
18,20,1.7339620321079319,1.1633019023114588,-2.092063559366186,-42.52638485558813,-0.9836260945116959,-0.344617395905612,38.93558770566198,-11.562119778450327,41.558223577250786,2.8345426447890066E7
18,21,0.024644234176505575,1.2942633319862151,-2.8089535396755854,46.13066628090302,-0.7297005904542794,2.091729905217322,-44.5394101104118,9.818688931033877,29.082547972161276,-5.74447128266283E7
18,22,2.434369249099332,0.2746219848929702,-0.05398411678899029,-47.661850864009516,-0.46937543357897016,-1.9153608663294919,45.44874837744713,-13.586116989835928,50.37390677582401,1.1641708602578115E8
18,23,-0.6613581719456001,-0.9314739932537974,1.4852742643132515,50.7506227543885,-0.16312748122424914,-1.1440003594085288,-49.21562166145339,10.841488056295837,35.61239111606423,-2.359301304657894E8
18,24,3.5295092166853257,-0.14278640799373382,0.015420227961189081,-52.65445642105862,-0.3202996717132275,-2.671043688973392,50.42637868978389,-14.840179916166903,58.2660722681286,4.781343867113148E8
18,25,-2.251248181789342,-0.49203348829144145,1.4285782444345592,55.973646988092284,-0.9210865722155867,-3.1416357454638515,-52.794573343469274,10.203609593674402,45.991387762770515,-9.68983892097573E8
18,26,1.7907307429178496,0.40411982018737425,-0.9690332121676999,-59.26281813518251,-1.066308701096284,1.2783337567821067,56.7992786031926,-17.04076785378586,73.01738293119466,1.9637360069295416E9
18,27,-0.08957725875442324,-0.7578873403263564,1.0610167370649162,62.23526122083104,-2.2919763167115685,-5.14577124898477,-58.761470318688744,11.087306715449623,60.83691878540169,-3.9796937478419333E9
18,28,2.491307597705273,0.08394279415860928,-0.4811076216748136,-64.71461554981954,-2.1678618423984357,-3.006336411335199,61.77871456608226,-18.248273267989177,91.35982433740264,8.065219517236008E9
18,29,0.5642120208561608,1.4200687093899274,-2.5077270301566155,71.36742994134343,-1.4290969304295384,1.6413775408767197,-67.31687304732675,13.562847184615505,75.34489174891957,-1.6344917526381063E10
18,30,1.314615270487171,0.4954976496241398,-1.0756776943871038,-73.92038445185185,-1.5803384273956724,0.09277365207154253,70.47802871779965,-19.409710767640185,108.46503805563215,3.3124495452317703E10
18,31,0.8990339336842638,-0.19221491685396275,1.5930000965538373,79.29201617686641,-1.621798086630009,-3.9076239429089856,-75.13328847225729,17.60084433154376,86.81949294592332,-6.712987069000103E10
18,32,1.167422585722384,-0.5390837954416069,0.0895483687854306,-83.43306803987784,-2.0678921725148824,-1.4785819922822652,80.75812926562581,-23.305545432175556,125.2637631153872,1.3604492594409026E11
18,33,0.528516966614824,-0.2815921622071611,1.6983128675169792,89.93193662212003,-2.573391639420133,-6.567111527142281,-84.97516662275916,18.122687819407307,104.54505422744103,-2.757076945093614E11
18,34,2.4352277488691185,-1.1690989272909236,1.7104806717413747,-95.83164431865957,-2.9203712756910902,-5.405348959611126,91.4100209514672,-24.287525232381373,146.73848314404478,5.58747283262915E11
18,35,-0.48992458950567297,-1.4850704334016338,1.9336226070872318,102.13592396488576,-3.1612375161829505,-7.339300695029947,-96.58841625075087,23.050881283662456,121.39361383725347,-1.132353332161005E12
18,36,1.9872771479378541,-1.4503635324009192,2.1482934683138915,-108.46466705396209,-2.2456967424512193,-6.028123117055218,103.69014801904073,-26.946549732705606,167.82132474189467,2.294819334392933E12
18,37,0.9123450063795256,-0.33148938796357486,1.1466364819371608,117.1838235656645,-1.312962374280741,-2.58607513525851,-112.44406743949837,27.906098079534548,133.42954154248957,-4.650664795223603E12
18,38,0.6182135184754622,1.0927887507574172,-2.2687283744799593,-121.7768442483837,-0.9091381148219442,1.7016547372701516,115.16557955424021,-31.142842150988486,184.99078247706336,9.42500471061203E12
18,39,1.2099320031704461,1.6022402022229114,-3.638975345251689,130.94686044720314,0.6391778250080484,3.377402200642339,-125.61680430907165,29.40438740949772,144.72877993021848,-1.9100648553921223E13
18,40,0.49436105099773214,1.0076001209308623,-2.3003969920105503,-137.86551156020354,0.8895806142201281,5.112069490808959,130.8428197085753,-35.80679419136177,201.8522515243897,3.870924061881192E13
18,41,-0.36909769385310787,0.970526761124736,-1.7610293914795827,147.9872319739877,1.7501651237988125,4.413633275874237,-142.60798109686314,33.727473085987754,154.51611600020618,-7.844787600052386E13
18,42,1.7268714196074588,0.7312168263199064,-1.8588960545154816,-154.6416854246873,1.6899634323103918,3.8346124141908673,145.9421821211729,-37.931008695044206,213.11855531301148,1.589819162193834E14
18,43,-0.30450143860101075,-0.0734981356093789,0.18630260691909775,164.53014491066241,0.48682333643284204,-0.026679193257327483,-157.1297050606716,38.03986936079072,162.33677075667896,-3.221916382366843E14
18,44,-0.4490497412162293,0.1330746160434395,-0.1619575491250252,-171.5114673546458,0.08417696210682903,1.1087535212694872,162.73489064049303,-42.64988896497981,231.36779811576463,6.529513181003141E14
18,45,2.625460474071562,0.4445578465341151,-0.3996770533443341,183.8291082352923,0.7266395824079233,2.3839119689007644,-175.56008603040982,42.26720534257774,173.07133383277926,-1.323266569369452E15
18,46,0.5780871276109879,1.5880012519029123,-3.984805865302514,-193.76492066205023,1.5577862032768994,7.514902423054728,184.77811603247883,-49.340735436627405,249.27072117084714,2.681722764117973E15
18,47,-0.8461893491182262,-0.4308339530881039,0.6427380534766903,206.8515925162458,1.0952740312003293,1.3247474827143217,-196.6400126727131,47.16498452641432,185.98177958130898,-5.434760576635434E15
18,48,1.3319559556503238,-2.3145423101222264,3.50721355652993,-220.43775997594983,-1.9585268818111954,-9.291619786678291,211.25907510768945,-54.10038764868524,274.48576712757887,1.1014047731016612E16
18,49,0.8651675459100698,-1.6446987475882788,2.6532523949827636,233.7816538281808,-2.830667686490198,-9.290006017935042,-220.65766179338158,53.93525958985936,204.3462817319898,-2.2320992012533756E16
19,0,-2.3406948391684934,-2.763779901542171,0.5593247249909745,2.1395776655728884,1.3943398925444068,-2.4918209233915807,2.1706670697426995,0.536034263029714,0.4743557301235153,-3.5922889005257743
19,1,2.8590931352431883,-0.39200736817790005,-1.1554050536571814,-1.0311485888608625,0.4062404524051808,1.414856271283906,3.6506899053238406,-1.7500353786718337,0.5556455553703135,9.97482220365246
19,2,0.8161497517526914,-1.2169313572256921,3.1131069152628994,1.9393431353788424,-2.3241104375445545,-7.617246160500389,-0.03559405854038489,-2.8777536138972146,5.573377071100782,-23.51315355412663
19,3,0.7234176584036319,-1.2224300867380742,2.7900258132855367,-3.005628635991214,-2.7541045604013785,-8.087235036691146,3.4733730496665522,-4.470752521832148,15.474740194012492,46.18676137413893
19,4,1.7274218419725638,-0.21870382835648944,-0.22839416542511137,3.738534630151501,-4.133654915101141,-7.475396357775985,-3.7696742598102624,0.6070847754578006,19.3487489987637,-105.74394669398386
19,5,-0.09935249550269021,1.4536960146287448,-2.9690327530915375,-2.0183708157763847,-3.2366098119504083,-2.556055065972741,0.5380460683086031,-0.9612518628282878,24.343228411636737,206.34429383422625
19,6,1.6964956667181084,1.7759546769932144,-2.474645886896338,5.114159309701673,-3.4554441628651134,-4.009256085756462,-4.579823261150285,-0.5239113297136164,31.88122714733416,-436.7642047672397
19,7,0.8214038326994667,1.4009753801547353,-4.4639604217634075,-3.624482911425653,-3.891966541984652,-2.3190714141927424,3.9241954992735955,-3.568267726626783,43.8625084164225,868.1727002642047
19,8,1.1430880131545758,1.4370553631591816,-2.233076988600927,6.463535632159669,-1.8374560537152345,-0.783111845656292,-6.748631587723422,0.5081793844088667,45.301291575324825,-1788.200928747319
19,9,1.4250796550883764,1.7160308392715753,-3.731666621554445,-4.834474382999142,0.623633681367423,3.918688285332522,4.175168388163723,-3.796329330453961,52.22367547788966,3605.083197983596
19,10,0.12270983195598495,2.0661458640165273,-4.56718979313439,9.206376609609705,1.7142172137242577,8.764620910887102,-12.072255870396434,1.0777402826898064,48.89164601421398,-7342.161353223843
19,11,0.5872098646735394,0.12673135596395735,-1.3557796864400848,-8.214185976168856,0.4443675512769303,2.095202923887082,6.223960002075495,-1.914135315045237,52.34077897656098,14863.478298422875
19,12,1.5076059950416802,-2.1593829330978345,4.095168170738565,7.749185615988763,-2.4971762937385376,-8.455809357444078,-6.4023735134838216,-0.9866484199837341,56.92594106595337,-30159.472230450814
19,13,1.4108245298669724,-1.2913956903871477,2.4699704594240126,-8.519323353023943,-3.2624106558830483,-7.245901723493634,8.395181635203723,-5.268958932234911,69.7120707364997,61098.67155701764
19,14,-1.3382248774549779,-1.7858123554914207,3.000040456876674,9.975920649894212,-5.352979996150507,-11.945695780697942,-8.9180314609422,0.394975950962307,77.87246972482764,-123872.7996602732
19,15,2.470356291382305,-0.2964571417452687,0.6049206958096439,-9.791854979260874,-5.342756826752405,-9.735443698545549,9.691284201917709,-4.078653561165222,91.01253692978945,251007.92467953675
19,16,0.17216834385353663,-0.574464823297977,1.020575253881426,11.039748065405183,-5.7050207570231874,-8.50330041490189,-10.430295496679237,0.4461351405320181,100.40164276014755,-508753.37724514195
19,17,2.5372328518245713,0.7753445881826797,-0.9320787501331379,-9.933655250415374,-6.85807795426097,-9.531412006625674,9.237686817364004,-5.435172562699785,119.49082754212743,1030989.7265540265
19,18,1.6344862355970782,-1.7444103735391776,2.9271217192098162,9.163565706891987,-8.26853326900187,-16.83519144183443,-7.684155948326893,-1.574101636114183,136.17513761347473,-2089473.9355756056
19,19,0.050033582464092174,-1.8067629318410334,3.357614833727025,-8.501544487640652,-9.904750601311244,-19.538020772619664,9.371888773489868,-4.711957875981241,161.3534247579576,4234446.538279186
19,20,0.7157485540654952,-2.664742971511332,5.7719337576731,6.607328710481734,-10.661419459645643,-22.88961156498078,-3.9599183446903705,-1.3363569249269602,181.43322707732298,-8581595.71434668
19,21,1.529863588404615,-2.038747060078867,4.370774438722986,-5.71393803787703,-11.58610873175362,-23.33635729571248,5.661867726661489,-3.251872956831377,207.2283816841833,1.739130732606682E7
19,22,0.2040671502075047,-2.1686620372115986,4.748947637482096,5.061026836599285,-12.458428981094487,-23.729793926118344,-2.6919159701154474,-1.493099917809381,231.6000091791939,-3.52452221376532E7
19,23,1.6138296181097762,-1.5822106672152316,3.4347202470753775,-4.769415943299327,-13.774220849349913,-24.815668716798434,4.362464174691064,-3.7541144291002078,262.0684638033573,7.142759808954518E7
19,24,0.15724515251155197,-1.186435538115461,1.1300081683938192,4.170704688767202,-13.375230203595956,-23.203512363926155,-5.102975601967298,-1.2150880660310988,289.64193243755665,-1.4475482180313686E8
19,25,1.213026649542863,-0.5976865296646054,0.4782928306647497,-4.1520466748131,-12.46936402991874,-19.334089087485435,3.193748358373234,-3.0432002055840184,319.4552062055275,2.933589497351363E8
19,26,0.3036214461242679,-1.0178551027048168,3.2890717235973463,3.936692623954592,-12.54753193350644,-22.80595337928558,-3.388564160393832,-1.4596648749893308,347.53407950850135,-5.945193731510793E8
19,27,1.4745164554364845,-1.0179654907860007,1.4978588473657057,-1.791200226195993,-12.565853355031859,-21.60692767614282,1.8184483430154956,-3.8184117158690065,380.7856839029102,1.2048486084133124E9
19,28,0.9223271412243289,-0.9882373501681789,1.636915950899149,2.9036567695111657,-13.722133087019788,-22.517739059464873,-3.3912069972275463,-1.4481997853229986,413.7286636319157,-2.441737966775173E9
19,29,1.1844697001075393,0.47546209261144534,-0.6279862516841856,-1.9201316237708606,-12.121910643246105,-17.01846520343333,1.759538830922776,-2.155761177880139,445.68769943576444,4.948408841680647E9
19,30,1.5482076579505137,-0.38166987999644847,-0.6761140805324142,2.8925035375016774,-12.565576843289675,-20.085938369900646,-1.9584147345706102,-2.180121359965003,478.3454390998722,-1.002841095891982E10
19,31,0.1792131819535298,-0.9055553931714297,1.8751753466636771,-2.80638535564411,-14.0080675461728,-25.54369872438978,4.06564796695791,-4.52409837049521,519.1516494519512,2.032350717114092E10
19,32,2.9746859181026712,-1.0336736827741497,1.6466814028439871,4.154161104132963,-13.522025529033796,-21.188763201031797,-3.958699590810605,-2.6774553304402335,556.6501007577002,-4.118747762020936E10
19,33,-0.1027436962607064,-0.7112679877181243,1.3722317550803476,-4.21746991503358,-14.479792683223996,-23.830328791275463,3.928210416184803,-5.073041055282598,600.7861053312687,8.347025344993086E10
19,34,1.8957955471809735,2.771611934806407,-5.341464531881036,8.029420322319067,-11.369424849552962,-11.250227235413204,-9.361792633776842,0.1039874346697307,633.483252453325,-1.6916023152803018E11
19,35,-1.3286098804768416,1.474391703931117,-3.4017603569152475,-5.819769363236106,-10.650038468281036,-13.991947374220626,3.423376576192695,-2.398850858051523,671.9735014891044,3.428189404338063E11
19,36,2.7099853063474435,1.951593047395499,-3.34773875395406,8.023341260862058,-8.42255994218607,-11.215678387826108,-9.406707846908265,1.0561689834200025,700.9628479909201,-6.947544646774731E11
19,37,0.3862457592822433,-0.790295165609094,0.3566949830484982,-7.500315134870292,-9.516632012975911,-14.977481021065278,6.8212893650271615,-3.309763590342854,741.9635789766243,1.4079845331457708E12
19,38,1.8908569519980007,-0.7562252754266707,0.6360048860067343,8.357792445740033,-10.270381500033851,-17.680163544196734,-6.7938393138885536,-0.38540709689551433,779.7729545525959,-2.853411596734679E12
19,39,1.591028374763601,-0.38341832539971754,0.7074017829487504,-6.8842591989546165,-9.793224999313974,-16.4280405149925,7.744754625631649,-4.788721079132216,824.255307765659,5.782703962250801E12
19,40,1.0827531704677,1.4428160547651698,-3.6190388191859344,10.94331761977445,-8.481439660285158,-8.705965399916918,-10.260922054575527,0.35352943790814073,859.5590209107055,-1.1719187360504605E13
19,41,0.3276010634641817,-0.9776254210306805,2.3481266759772645,-11.5822690797807,-8.878613911280453,-14.846726153158976,10.17401620432675,-5.3970089688302485,906.5882494956671,2.3750023047885438E13
19,42,3.1853308174446138,-1.2760996850347854,2.269802719093356,12.390495115479881,-8.927255832019934,-15.719495426537827,-10.864595221643533,0.2401161966149921,944.1526315636949,-4.813163041431467E13
19,43,1.0373777447015913,-3.4573047074566983,7.029737362446416,-15.226444419735294,-10.469436696820734,-25.378083940315616,14.867973247834556,-7.408348698121562,998.5128652802728,9.754322518479125E13
19,44,0.6254409257977441,-2.5136907595026208,4.673276424362974,16.129397925627504,-11.707862278336634,-22.96813901931544,-15.196911202931128,0.6250595405489744,1043.4958522204772,-1.9768041717317916E14
19,45,0.42876925168499447,-0.7119648998449849,1.9811590756865742,-16.473618727026448,-11.91306771894224,-20.751936483231663,15.488936136250691,-5.579745814621294,1099.7935510115437,4.0061774930617925E14
19,46,0.9835492817490386,-0.707873580270987,1.9290999909083504,18.19764940816929,-12.897248255392824,-22.35683095152561,-17.217545213761667,3.4643016659244346,1146.5207391401616,-8.118891256633198E14
19,47,1.490089149824165,-0.49876188763299667,1.8487834126951674,-18.939654421891046,-14.334557477193531,-23.251506889131313,18.22939714718063,-6.53192609568317,1212.5989880642674,1.6453688173107512E15
19,48,-0.5848932678987528,-0.8657200378837708,2.406290359776496,20.028814346225687,-15.526552343043672,-26.179636819210906,-17.065748293403605,0.7940484062036216,1270.3761026671928,-3.3344929244720485E15
19,49,1.3880038056732662,-1.5081961162052462,2.587278481275114,-21.281611195698357,-15.733129605597268,-27.690837627326356,21.088977691184624,-8.873986750104715,1345.6473909920205,6.757660012983459E15
10,1,1.3093897574167181,1.3765641020751533,-2.2120232176321677,4.753787146212489,-2.7297106523444157,-2.978783148649169,-8.593994763211674,0.5738259080727193,-2.5159508252768124,-6.326259494088753
10,2,1.9176093766616176,1.2407229047078587,-1.9847617455301492,-2.232947206301847,-2.5596991877910082,1.71160490168618,-1.0176107364049491,-0.06259318851699613,-2.024845449165179,19.717095425389363
10,3,0.07683898281712187,0.804720453783563,-2.644302282922165,4.635613604357726,-2.814618611059297,0.31725008421579215,-5.551926511987977,-0.709011552556122,3.0358536602504733,-45.48867454903964
10,4,3.105968112218234,-1.2878646802162614,1.8684921873246327,-3.9661851963155645,-3.3218189658813877,-7.099412487628934,2.876601130774401,-1.0626391002973319,7.087373700998579,97.17009638105972
10,5,-1.1162754364263057,-1.521505641552758,1.9611172071393561,4.749134415651292,-4.252732673641921,-10.783068528130013,-3.6033353772742753,-0.09150665245011647,14.223892300872508,-205.90895260958536
10,6,2.0270248492585528,-1.1177504734663999,0.8964257996705332,-4.866489557867861,-4.838052351081454,-7.161298877328015,6.773913445006187,-3.6410313323594723,23.850904116194606,415.03756873946645
10,7,-0.5326279962691466,-0.2879267625776598,1.429180793316089,7.9988612028029165,-5.716603219861441,-9.30988730070155,-7.487006834977669,-1.500723989068547,33.89201829712073,-863.3845645010226
10,8,2.3986803554393226,0.1647141568484851,-0.4927578522091948,-7.354410350538616,-5.889532756107333,-9.002529626129308,7.293956650143022,-3.814519200072449,47.00567466347653,1738.8893581951402
10,9,0.14681959292647254,-0.014715810442384514,-0.22445204838341323,8.538180670413269,-5.025374169519814,-6.743059582784057,-7.362466634637925,-0.350390901358123,55.080771654956635,-3559.5742347557457
10,10,0.20347241260958837,-1.608764475055241,2.5959154378468448,-8.483007962443576,-6.471704735519955,-15.074750059430436,8.77939628067443,-5.5123351399580125,74.5864478333542,7189.5569927089155
10,11,1.292189209124504,-1.2881928700760965,2.957456280289263,10.081760631417083,-7.3158685261065575,-12.954246533457626,-9.538899546010533,-0.7878556760703813,87.64386852079716,-14624.073230596061
10,12,0.2964273464525774,0.053728605949862396,-0.5270636446240149,-9.975017120777988,-7.480698927602432,-12.152637252322691,9.40382760638312,-5.882345929164737,107.64009703987007,29597.78558344297
10,13,2.1047362825220963,0.7121313965617729,-2.362529091717611,14.322336870527318,-6.214597198581986,-7.198522564335378,-15.250152980150919,0.2811917459832539,117.30808093594969,-60057.45511461698
10,14,0.7088555389115367,1.4283928127623509,-2.4187876590232413,-11.65531784328582,-4.567971742308587,-5.6863622211156155,10.516439912099806,-4.824598578151,133.04552619580213,121658.68372946151
10,15,0.2606383850846322,3.0892634012329605,-6.483305516193887,15.027778479356693,-3.1062509269612946,4.895123717660443,-15.3059155284477,1.7004487848529242,138.7445996518362,-246641.1782645786
10,16,1.4168269651341472,3.333092753977449,-7.683365732927547,-11.890874275689727,-1.73388915824385,4.982627812262752,8.937638847641042,-4.120523010287505,150.6627801403717,499778.9327485425
10,17,1.1819614473779037,0.922642743247295,-1.6153306674338719,15.540424899559733,-1.937470989508451,-4.2508695061819255,-16.469146872225444,1.6360388165863813,154.43824947831848,-1012946.2169626766
10,18,0.4144417555312955,0.7580650399385238,-1.5027776268730355,-14.166388994458485,-0.9728393145799028,1.731976458897531,12.268257414625305,-5.660651796387505,167.95945690002597,2052760.800687884
10,19,1.0289581311585028,1.2559099791238042,-3.1645858458740017,17.670391324432757,-0.3750110678588,2.6325445780250005,-18.108149229627216,2.0625554255557685,170.24527790104295,-4160221.3360792403
10,20,1.5035104685939462,-0.314583776883234,0.8201217236716033,-17.648885556119897,-0.346141467652629,-0.6333256362964945,15.2837570186867,-6.632852103349607,185.35868164277397,8431002.538069084
10,21,1.4846994524280122,-0.866940240080827,0.5350627183879809,18.83101746277605,-0.2168232426341854,-0.04701304096808512,-17.624720376986616,1.889629890510979,188.40732937049245,-1.7086330560097612E7
10,22,0.05959309072481722,-0.5421042720060865,1.0265108008275898,-18.279436785742156,-1.9484075196060262,-3.7971962497426777,17.016502689490608,-6.359021256546584,206.37516946358522,3.462695540069973E7
10,23,0.9687327057612987,-3.227983803597376,6.38680272795477,18.87673002076212,-3.51953961653836,-11.217782543708719,-18.980602170991393,3.7489007688740017,211.4242200040626,-7.017487853032342E7
10,24,1.12484895458569,-2.9674963551848315,5.0914927503098575,-20.653850054427117,-5.821807863993917,-15.82332299657676,19.83587190224483,-5.7365303483304135,233.10795709837203,1.4221582411437398E8
10,25,1.5063110250636411,-0.8847222616166381,1.4258208648228767,23.87118254145434,-6.311279814309143,-9.568832659748969,-22.826270479709518,4.546014248519919,240.34476445558565,-2.882137451052511E8
10,26,0.41440011351460393,-0.29780626878533806,0.4447816666993559,-23.418130633542603,-7.678030894360305,-12.514224232473993,21.954197040382056,-8.183400707667479,270.38469787588986,5.84091849167448E8
10,27,0.9199991132853134,0.16982982756584744,-0.9854869230609417,24.977696883476266,-7.431635155324083,-10.918593242267256,-22.37842141171175,2.583718033187189,283.79509621586243,-1.1837166275046775E9
10,28,2.4311617030355874,-1.434202309375682,3.4366991133035776,-26.24839446343759,-7.656210795916339,-16.903856920890664,25.552905572113573,-9.867862356243252,315.9609760367652,2.3989117003662515E9
10,29,0.006638368582310858,0.4992752075130439,-1.1823095775063877,30.25973229573724,-7.468042816256959,-10.294341625635242,-28.732136527124553,3.561273774909666,330.39506869413617,-4.861617861482911E9
10,30,2.6597388562916224,1.7239172177266537,-3.7539532714290944,-29.489048015638115,-7.738333110664449,-7.137019054360367,27.883945462095607,-10.701377902132522,366.787468067972,9.852520563406242E9
10,31,-0.6435588793541658,0.2259207626056141,-1.2742291541922883,31.977253801288857,-7.485019771180155,-9.99023133870228,-31.316198023487175,5.421347261463003,380.1378404131421,-1.9967049422260437E10
10,32,2.094783554564359,1.40773494113067,-2.4121200596544665,-33.15461743234517,-7.191798774393016,-6.956202940737056,31.591077770598282,-12.144655252573733,418.32872012147396,4.0465082377140274E10
10,33,-0.18114811181960483,1.6899275674606482,-4.026428131796245,38.4936840546984,-5.906464930227116,-4.081611231770856,-38.014961900003705,6.945067469503956,429.941396829052,-8.200625288275195E10
10,34,0.3273704322022142,2.5454494662837552,-5.144339815556756,-39.16228810802844,-2.9036275572108807,1.067197562018991,36.27819064083094,-12.359438230144242,466.04897553842534,1.661932977007858E11
10,35,0.6750690600980486,2.841810234567208,-6.0119567732963874,45.29010023815827,-2.362651978365909,5.10187571146467,-45.34989766887858,11.54710697861902,466.316622356248,-3.368061737533492E11
10,36,-0.12474899851763777,2.307980427104294,-5.162357937592656,-45.719709173636794,-0.6788638562715432,4.67480391944126,43.04539388523274,-12.574156868820554,500.06474490212065,6.825690332442238E11
10,37,1.4579337606500253,1.0412274906511907,-2.1957904432989257,48.990744105706824,-0.7562418600335163,0.3219743402199128,-47.054965277939,9.020816764520376,503.6315663874001,-1.3832896238240598E12
10,38,-0.6046230081008235,1.103744729201382,-2.882600536886177,-50.63701191780447,-0.6920731625628912,2.5860070336631606,49.41574587733979,-15.23871288107967,543.113990314299,2.8033650657786494E12
10,39,1.334542680162809,1.7840449487768872,-2.606256540905179,56.417421348504085,0.1278781916810279,3.138519920523819,-53.38985010390209,10.542548012317111,544.0780955119604,-5.681280013807887E12
10,40,0.19122116269025202,0.31978171508864905,-1.5206825292550687,-57.78916798706042,0.46910624624045216,3.1302946284754194,55.228690369598276,-16.35137668295817,585.9290531668436,1.1513642296051537E13
10,41,1.1374408689997444,0.49362459985252394,-2.0208097116655392,62.57005671228528,0.8610872589841594,4.62025340236327,-59.144075401866786,13.269225919691781,582.5603737197835,-2.3333466860311133E13
10,42,0.0963643204588811,0.07778649731377271,-0.8038853659553622,-64.80897928549146,-0.5568771942655153,-1.781352715461066,61.968579983349976,-15.89117691672925,625.6230327772747,4.7287440560503766E13
10,43,0.30582869426825954,-9.97258320517412E-4,-0.1723961821987237,69.60603033052968,-2.138708254242871,-2.3479540404978474,-66.31123077297646,15.94393456385626,624.3081062807512,-9.58323959388966E13
10,44,1.7425209309747292,1.2193671405166755,-3.4032446769828266,-72.4312501292372,-1.2504578459325348,2.489149929730365,68.06755518489204,-18.759586848427155,673.299976494553,1.942132626016608E14
10,45,0.5967276980313299,0.6537507902519962,-2.0541671210952273,77.85854081780558,-1.121269576305261,1.925075530017398,-75.18575310770224,16.303071954353744,671.2104369969521,-3.9359123812917375E14
10,46,0.27018862949908784,-0.04213986259431651,1.5298272836355722,-80.33292556182413,-0.7771259498074711,-0.7853925745104653,75.27304366407307,-20.224608084837147,724.0931389912046,7.976492473099546E14
10,47,2.6419388612135783,0.3991128628333633,-0.4678167017278888,86.43330301824862,-1.9973386579252632,-3.136513652325747,-82.69135349945218,20.89071404152916,716.6506291812183,-1.6165103795469648E15
10,48,-0.7523240034550235,-0.0957024390533435,-1.0390594170818606,-89.64782078633677,-1.5695721938704228,-0.303727537433947,85.28387385613513,-23.138025683132682,776.4709067872346,3.276008616562567E15
10,49,1.1204166814310916,0.2924582947779142,-2.0471889735371955,95.86929151304021,-2.0147123818009396,-0.8296691093830915,-91.19014641100293,21.406829789388713,770.7925044911375,-6.639136124075962E15
11,0,-0.6215180667192107,0.7754390337376521,-1.4601827337092543,-3.0353997516423132,-3.5256339524255593,2.0348505096723573,-9.08295610669554,1.6710016441442308,-5.246853277335885,3.2725417186292667
11,1,1.4493142518336615,0.9018213357452127,-2.5824665714287955,4.162947145000919,-3.4383616720775096,-3.320043733072903,-9.445198099524772,2.4271633010075253,-5.038817288079411,-4.55580866709704
11,2,0.039693824143153145,2.714931855559178,-5.430702803380618,-1.1071583266630611,-1.780602674567604,4.697190459167437,-1.9657917249653076,0.7257323386330098,-3.684534489138066,14.873774612227244
11,3,1.451483232713361,2.081758387771361,-4.86757687453578,3.8279937021789547,-1.4551814497199331,3.7971791861027224,-5.7290576986165656,0.9796331128445149,-3.0673547399527648,-31.447258147371233
11,4,0.41453797085351146,2.153293327963475,-5.393481410158508,-1.7137369778776093,-1.1250481129811245,4.926940658225127,0.33571247835477974,-0.6441421600133151,-0.4830677628203288,69.50048556757623
11,5,1.873627012145052,1.9084910825132297,-5.0357837663541964,4.3144524896582785,-4.401713912107752E-4,5.992495826232933,-5.795721125819743,0.41246037272506864,-3.713990418529962,-143.24780944004166
11,6,0.4388021195423379,1.0985452317121518,-2.653887621252296,-2.240741100013277,0.1255307329973552,2.8001170066837635,1.299228411628503,-1.3580807267110084,-3.716859822875867,296.13052117247577
11,7,1.0358547670732847,1.1514009241679997,-2.0639815575760383,4.033196982170526,0.10185371136027388,2.8355726866896793,-4.5240270856787195,1.7947442562658018,-7.713731656782964,-598.4739534915471
11,8,1.5549174739634966,1.6756081421978974,-4.245839266062638,-0.9600102103056527,1.1888577087786916,6.833295166753263,-0.8110539169032225,-0.6758817821051709,-9.875239806631866,1221.04437787604
11,9,0.5526070657525005,1.0421159286484372,-2.4728234759274614,3.1782712781329536,1.3555781426708966,5.86921639301438,-3.5999047249210303,0.2941593217148179,-12.81457397641449,-2469.8507016522144
11,10,0.6352349739381924,0.8561708974087113,-1.5951315176686442,-1.5408070895879913,2.091846537037596,5.949127618658858,1.294284650404443,-1.5936518299201965,-16.23345685819704,5015.605632441106
11,11,1.1550598096816087,0.4183844439469468,-2.159862751870239,4.335028207749934,1.8225462608625986,4.495212559042342,-4.633748238028082,-1.1768795733579869,-18.002126064977382,-10161.140631644648
11,12,1.2991866835990011,-0.4398571287245564,1.4027996749549096,-3.303612677166186,1.6253985800688646,-0.842949550388139,2.9502096288032824,-4.4646192350924006,-14.093918841092423,20606.253274752187
11,13,1.206524468827908,-1.0475397606108185,1.5553181967316128,4.209016771300725,-0.2758114110720239,-2.010252904777571,-4.033860672153513,-0.704530771462853,-14.035624344357569,-41756.10471716582
11,14,-0.10709180584657874,-0.04786284432745769,-0.056527451128066786,-3.8728618724000556,0.1955342638572719,1.2479762710782034,3.2317640524353934,-2.093956395321252,-12.924381573960165,84635.36732664754
11,15,2.226695058363195,1.8049026117905045,-3.9533864727867662,7.629185133282976,2.1340480564432545,6.617561958547087,-9.458708176516293,0.8453174326083369,-19.808595386184727,-171519.51525813094
11,16,0.12090242216584807,0.500009314769544,-1.253739564177444,-6.3815353019417085,1.0722537440380056,4.659250846420842,4.445131098758688,-2.603323656999049,-18.36585326930818,347620.551346511
11,17,0.6710862411266078,-0.3470428311194069,1.1225985112425203,8.45921209172059,0.647530071156362,-0.2480604413337183,-9.12757734687511,1.2253304439468244,-22.40124525672756,-704482.180414617
11,18,0.1617948068087517,0.15769417637920624,-0.6988388901475304,-7.539523978278028,0.6481100610232378,2.9238344028737027,6.70200254633835,-3.877300157115638,-18.143342990904383,1427717.3998216207
11,19,1.3610846538702521,2.3779451752235516,-3.9971048096730106,11.278555876671215,0.663968774457343,5.314832450893902,-11.955155242745818,0.7224566607374514,-21.26451469398332,-2893401.8111618534
11,20,1.3536565002620922,1.4274993057510736,-2.7965483745956585,-10.57055132978725,1.3334593726688084,4.637983103328176,8.892214484832035,-3.632744038853943,-19.47410011866033,5863773.205649007
11,21,2.0222754874512363,1.4178187817406818,-3.2386437968151514,13.636259127477746,1.7616439652732065,4.883484888476215,-13.789521083260318,2.0152080449083964,-26.565208369832554,-1.188348339551951E7
11,22,-0.3742319716174405,2.1661785850256328,-5.773833644914591,-10.765307774155579,3.7416729672792677,13.01936793169967,8.658078496734307,-3.5425011412234286,-28.042052883398146,2.4083011999753363E7
11,23,1.51611985469827,1.9787989738562715,-4.861898391255903,14.645431792619704,3.5565801198378137,9.836867886351188,-14.188961908389608,2.847868462289021,-39.501087218440006,-4.880646180782533E7
11,24,-0.16347228899779565,1.4949453342243202,-2.197802009907143,-11.376497782243836,3.4956902337265734,7.9881852169268655,11.386079078876437,-3.8919359333172263,-39.30305326191892,9.891086826571558E7
11,25,2.0477291904786856,2.9140060672079002,-4.659415934013799,15.580705107295632,4.413664828879351,10.596566832183871,-15.003295348043125,1.86832907521715,-50.49737519345115,-2.0045206570668066E8
11,26,-0.17001307464918602,0.13125809145152445,-0.8339233437742871,-14.610552089884992,2.730080822474015,3.8592913968287283,13.708712755075826,-5.470712920610275,-49.08824154301894,4.0623479766252756E8
11,27,1.8607060472698622,-1.0059617829283096,2.0983718360906014,17.041785849439755,2.4706489285326456,1.258847935899714,-16.269250890450817,2.2464326442178892,-59.07445513803025,-8.232725844730765E8
11,28,0.6987190158168735,-0.6949506585562957,1.246840280355847,-15.6096419327473,2.0037522399895806,3.6856371192453747,13.330830748836403,-5.851464901777518,-55.97116724691858,1.668438504751286E9
11,29,1.1189759476103065,0.12327051988494664,-0.33369911322075246,17.776947956532634,1.0427001592714165,2.3763991139638643,-17.570831270384243,1.770610454519782,-62.50079057901211,-3.3812457780521855E9
11,30,0.17655260310875365,0.08051170679439325,-1.0251932732585607,-18.036424101525007,0.19606980862156692,2.0063959111099345,17.31501774289124,-6.122744713639598,-56.14138676778985,6.852409071330508E9
11,31,0.47919247588840996,0.5894608604171879,-1.9332761458297179,21.53632937956233,-0.33416662693150445,2.273228177954315,-20.79027073460542,1.9928230590215137,-61.4643049196082,-1.388704423632011E10
11,32,0.6072951620146793,0.07662450276843463,-0.5286004953779198,-21.449242883039886,-1.346600768447022,-1.714145602474686,18.264106874328668,-7.409083495043934,-49.7679518131933,2.814338666783693E10
11,33,1.2719969017328228,-0.36113696247790483,-1.4654800540793387,24.623268046539046,-3.153978003342109,-3.2596687461781526,-24.699028281758917,3.8909099698792113,-54.15192117111499,-5.703519036217288E10
11,34,0.7207007968526626,0.6073150352425462,-1.7294546940385933,-24.0920643006357,-2.8526414678506846,-3.2042740282935767,22.909733288447896,-8.822010574345862,-39.5143974241015,1.155871174863492E11
11,35,0.6528026950107637,0.4248882510763769,-1.0752427803431834,26.551527952328758,-2.9954652262448414,-4.748569051835471,-25.76688312142418,3.774160306197549,-43.75272349078143,-2.3424804297627744E11
11,36,0.211306469377871,0.7155113560107478,-1.3702068937937915,-26.024828126689073,-2.928904194117669,-5.071739607940834,24.625559400794074,-9.511114122278903,-26.931229698348325,4.747254437668146E11
11,37,1.1915368273313636,0.3641175130363643,-0.34896897485017386,29.02082207111673,-2.4067822138766184,-1.6799560905712834,-27.08464123422348,3.708308398508154,-29.203970708900723,-9.620752603795002E11
11,38,1.033901758749261,1.0566957504701424,-1.4114042206426853,-29.55249410326611,-1.9422770565746643,-0.46812613921092716,29.45333294870241,-11.020609334364618,-12.996474867940535,1.94973498638599E12
11,39,0.2584996741709119,0.6187682867750295,-1.1612865034356343,33.72984789776775,-1.918962140928898,-0.8728982898932186,-31.224799709276702,5.5006989867357845,-19.488535820881214,-3.9513192716117124E12
11,40,3.7992654873966716,0.6774493933430643,-1.250822388213288,-35.65395716406803,-2.6644447181808397,-4.055732539863051,33.7861577348912,-11.925360726559978,0.08206850466035931,8.007715969195238E12
11,41,-0.4030074310229865,-0.5054699864041479,0.8085872053913034,38.6321926095471,-2.1822335682933343,-3.169838149655959,-36.19701944278586,5.724583549330314,-6.231808867909759,-1.622838111406961E13
11,42,1.1597726086230549,-1.084466001204663,2.562158437465446,-41.15638512619518,-3.278555674965754,-7.438597031263748,39.454651266889854,-15.181523709819865,19.209059686708496,3.2888323536486133E13
11,43,0.17459005544285766,-1.562439321656235,1.7168798988295684,44.56473320060119,-5.474072515620028,-10.47175692652237,-42.507708622687,8.311237837498803,15.03004917381759,-6.665124619869514E13
11,44,1.9693722517847458,-0.47549372762120456,0.30291737314476963,-46.24795023288973,-6.251481850682706,-11.04949053627772,44.21988278465339,-13.611072026851222,44.1949780750756,1.3507494886165334E14
11,45,-0.28445177609734107,-0.26402158125498665,0.2468006913076738,50.57697223666089,-6.7956036256857155,-11.537204788050719,-46.71695324172633,10.159031324952855,38.12901773293485,-2.7374194558324162E14
11,46,1.502586467827339,1.1181731742783123,-2.2647132456257837,-51.62745459812325,-5.2921833390356365,-5.450496853111277,48.45349091087543,-13.452398332295322,66.07258205739663,5.547635102081809E14
11,47,0.7752626294340502,1.2382108767433524,-2.0057354853505047,56.167153807892376,-3.152193247253873,-2.3316291337904724,-53.99338600597136,12.735283873185777,52.25096910838093,-1.1242798453952088E15
11,48,0.31377388033608866,1.9002244603695433,-4.117171815838624,-58.65230573153974,-3.00802798246723,0.5740758249122859,55.60290314496688,-16.807230517142884,81.42811342691951,2.278457662594745E15
11,49,2.269852264564042,0.7251453463379793,-2.384135849474567,63.782189249567196,-3.588862196428117,-1.315691883705366,-59.480219733775634,12.03179832478169,68.53052615669854,-4.617506345505891E15
12,0,-0.2525761523607616,-1.3025671697405656,1.4671343169352222,0.3102689428713832,0.26494275642671145,-1.0303214190888383,0.49212069461624786,1.6632057891888414,-1.6560060023338825,-1.4774167011876191
12,1,1.0134234410847764,-2.175792415915914,4.336918725092144,0.3443511771678811,-1.8128304398279815,-7.885191023527718,-0.5073897001566503,0.054566491654164245,0.08024886994619379,3.5100181066469665
12,2,-1.1258310895019672,-1.1693322336585972,3.1983108454780327,1.317728424053536,-1.9860813945527735,-6.375284791611362,-0.5240163268406948,0.07661063113092159,2.4692936709534195,-7.7849743531724815
12,3,1.224195065229077,-1.2795578163767498,3.194086670288673,-1.480277714579203,-2.831330817263609,-9.548711044330132,1.8317035008576337,-0.880255781114438,6.538316836287463,17.15615065226612
12,4,-0.07537536608293893,-1.5713912012415943,3.5152773494257854,1.4331836339092372,-3.339591508502688,-7.443847738117587,-1.6331232226673158,0.3390670063344834,9.637660923011968,-38.57880024817363
12,5,1.3499233410114477,-1.467084314520044,1.674272306894032,-1.6706944479678583,-3.821630808441173,-8.050179363975854,1.583610915264956,-0.345274154866539,14.646486790930194,76.05238130595335
12,6,1.3183777473325256,-1.2576544358395785,4.111680303970318,2.3574112970147283,-4.316891858473159,-11.928881637097083,-2.0427975639066296,-1.1547786921581653,22.208759372781245,-164.25362934192054
12,7,0.9055586991457352,-0.7292102004557653,1.1850545899074947,-0.45545585630722885,-3.6841005517540157,-7.400258790440327,-3.243634790799019E-4,-0.6789183156586136,28.10459187722357,321.12946267037717
12,8,1.1927357741238356,-0.10900352563216473,0.34937643151687614,3.4185431299592715,-5.085922440602161,-9.421583083639582,-4.917432294914,0.36757177435866223,34.90934047141456,-668.2624392525846
12,9,1.6695408701952688,-0.7514805649564633,0.5247864569513534,-2.612390411448021,-5.78689354398342,-9.76131041099986,1.5222323920740921,-1.6646985909485652,46.21967180148346,1339.0547164182726
12,10,0.9036990095172908,-0.12320382429824311,0.2070310806336258,2.9766965094510165,-5.618509444053467,-10.37226218936743,-3.256742240879834,-1.7777404755306834,56.9691449526997,-2744.847997326927
12,11,0.47789013236100286,0.5079389278287199,-1.0950080607593025,-3.0055302688950403,-6.9643055727078025,-8.79478303969114,2.471188660594162,-3.7367842866742293,71.70662394771324,5533.488732295596
12,12,1.549919850092796,-0.9820469277954832,1.446749410670553,4.2391693192341755,-7.282042699637907,-11.432342678756493,-4.246078680292456,-2.0049075816415485,85.87922678140086,-11260.040620105698
12,13,1.7405481444673105,0.9216371578613405,-2.955993871960855,-2.173376828720239,-7.056282134476943,-8.406893032433008,0.8572119000996522,-3.915173163722132,101.46875765110637,22773.069712405304
12,14,1.3856580367708704,0.21437004016112848,-0.9346189417532613,3.845818477938991,-7.000661870937468,-8.998593338373283,-3.5404211389763622,-1.1072705066185806,115.72523412535135,-46212.3805519289
12,15,0.05668334059592406,-1.3740331035969195,1.5444306501381915,-3.1923055412894197,-6.924474940229942,-12.446490535280317,2.643375197565722,-2.575457176796849,132.8679129244513,93592.41471669938
12,16,2.18252927458824,-1.170490837227467,2.5640541498703904,3.7232040003283955,-8.077083513326903,-17.029665258272274,-3.431170714875285,-0.6376873518740499,147.1996181567757,-189749.984571854
12,17,1.5022906256499178,-0.9335375113858846,1.6117208483566092,-3.9820578243666134,-8.53399754231103,-13.759988052032103,5.165589427612064,-2.00782197300295,164.86616273954652,384468.7533225388
12,18,1.6685445617088783,0.10142547625802151,0.24932969776721967,6.231745967373957,-9.156072596552757,-15.150106080059965,-5.413199391776866,-1.9688834976791147,184.9556454085416,-779262.3404581334
12,19,1.8800618773240103,-0.9754728838816509,1.1758515981192228,-6.240339383890558,-9.051110919860264,-15.54021802575186,6.1287313392228295,-5.603268907400162,210.69222638199668,1579148.171800069
12,20,0.9578939460411462,0.27875437678749626,-0.4838457658066263,7.508376536921139,-9.466163294737195,-14.763856476288534,-8.103885336607307,-2.263741392736724,232.67180348519847,-3200419.008248664
12,21,1.7015486542056695,0.3949924940657152,-1.3197796893970268,-6.047002679131625,-9.369654811473318,-14.566815118919527,5.684853897501591,-5.2696358485526895,259.488311391307,6485822.429443278
12,22,-0.28084042754992744,1.8767992263285616,-4.387247911206072,8.889396345503622,-7.1116308592699555,-6.665712170275418,-9.666749942652311,-0.8172625752843999,280.0170437196067,-1.3144276461703623E7
12,23,1.4703986331609626,0.43901543626785644,-2.0406011456135698,-7.5260791921045485,-7.83743324608912,-9.946516956095074,5.25887141633612,-3.597569730990557,304.57007035321357,2.6637952556743454E7
12,24,-0.03461646976051136,0.02858446736651285,0.4744560598419043,9.41412447779076,-7.917873507125454,-13.045094201950919,-9.812567603099927,-0.4634756782532745,327.1776900691757,-5.3984467246476434E7
12,25,2.229459091368921,0.05034305657263466,-0.7988301312319853,-7.9412567124698645,-7.191081073936963,-9.573371689096893,6.971760601427434,-5.34019258871721,353.95760588650114,1.0940437149244155E8
12,26,0.08161245663601369,-0.3760792705660652,0.019570621542032485,10.138204250869908,-7.019095764273056,-12.270900075728601,-12.177643884347457,-1.0959764204105427,374.4931722883667,-2.2171833725447816E8
12,27,1.281619600859132,1.354082147679676,-1.564682541672836,-8.407646556320824,-4.912078729966668,-5.451917125063059,6.109163145387048,-2.8100430542884443,397.25452997126814,4.493326341396395E8
12,28,1.5671597676369369,-0.26120078669240376,-0.5022314472818257,9.943843646991924,-4.608907694534775,-4.481645988915741,-11.957526841094662,2.1057715121563847,411.2796595106554,-9.106145945374558E8
12,29,-0.055396477077530704,0.10492838598418014,0.0789451045501956,-10.056765652874178,-4.148747896890458,-6.094044863337925,9.016039521528503,-4.687743297627608,436.1487908130545,1.8454449451643486E9
12,30,1.6581027265875536,0.615876748390358,-0.8481065378460999,13.00661838058152,-4.161818057256292,-6.158230823878707,-12.256738040867376,-0.2963665480536827,456.17337546469207,-3.739966057067433E9
12,31,1.8424816875638301,0.4774284679818731,-1.3562004818591853,-12.692528362566291,-4.3761362933838,-5.7379169147871885,10.867784908555771,-5.00810846514006,482.16127134412,7.579388789101876E9
12,32,-1.0354232411868254,-0.8587793166016028,-0.6102621347598942,14.497448985171657,-5.072278127919192,-6.035978995358394,-15.32858782491252,2.970905730258741,500.22432875361017,-1.5360336527592386E10
12,33,0.6624212909464922,0.5099715179754443,-1.496317557369332,-14.269767617514782,-4.962682207769991,-7.2230262767202875,11.990282534418169,-4.131788740608208,527.3120722655406,3.1129150198567303E10
12,34,0.4978155038650155,-0.2215723412192856,-0.3379176866014873,16.990849294666532,-4.388976258737645,-6.085950772940995,-16.927051819716247,2.4244979064799628,544.4767963763585,-6.308611813474176E10
12,35,1.6828341814599994,-0.03612568565219179,-0.17749669417871033,-18.076071694246842,-4.577439989466101,-7.011928288007414,16.281729127224537,-5.211811592169342,574.5697786640795,1.2784988501442918E11
12,36,1.0209415557656591,1.0943529455299326,-2.442104555688492,19.689453253041066,-3.9343671885351577,-2.7687675039778648,-18.153863175355998,2.6157911793380197,595.503708734157,-2.5909968211351013E11
12,37,0.801558218432649,0.6215630877376935,-1.15430952150155,-19.27731978554673,-3.1164031219908273,-3.351050608027723,18.62096781504457,-7.647236445839996,628.5742769750569,5.250896012802037E11
12,38,1.3635066454272375,1.8817474729887285,-5.20684795136728,23.418333442391873,-2.5610694343311877,3.014387488179932,-22.737360785051234,2.713693281285599,647.6356183983831,-1.0641429097033995E12
12,39,0.059741564933673996,0.8087509894259068,-1.3960443109017608,-23.279913567681657,-2.9414529380707637,-6.148184292063693,20.517115277595746,-7.1908182258988935,682.7655061794256,2.15658456946566E12
12,40,1.5336069124546223,0.9092766371841743,-2.143469237470753,26.384575678517006,-2.351824752213548,-1.3662750223631548,-26.870362950922136,4.4508726062373185,700.8534977578732,-4.370519188713269E12
12,41,0.3747038936583073,0.11200679573375899,-0.4559230068133748,-26.523048596915352,-0.6617200833978032,0.4335190230122461,25.28198485244659,-8.014043951489835,736.2358655104699,8.857263585601117E12
12,42,2.0084571585295787,0.5365162780249525,-2.4838751616007313,29.939384844490537,-0.3971248678492256,1.7824982581370334,-30.29459161692001,5.500143039455723,752.0455979327462,-1.7950068365429965E13
12,43,0.8861197655212496,-0.8602358584225105,2.4237453677280816,-31.576479696299064,-2.148542708787322,-6.505976574489151,31.474489835763876,-9.252320481432697,792.9513228745338,3.637748286460706E13
12,44,1.090270313606173,-0.6936868703861547,0.2983662556722473,33.30885336208121,-3.061858162041497,-5.477586541190828,-30.397984435516936,5.848201563523279,812.9998352026553,-7.372235206276473E13
12,45,1.3531946352184878,0.028429052987210324,1.2364249255540787,-35.53034479843475,-3.9469727450481096,-7.46464661030587,35.326250002080634,-11.24978511997101,861.3135124070661,1.4940520249423178E14
12,46,0.5312463084206347,-1.0871690359573278,2.214036191135231,38.34160229916357,-5.413368998757928,-10.252901195079495,-36.300230738655195,5.697342888846129,886.91928643486,-3.027835372566058E14
12,47,1.3195380360320788,-0.3941382507895805,0.4306587107759747,-40.13689667441233,-5.15162533419848,-8.47725169123105,39.42407978418755,-12.496179573671766,940.2219809311935,6.136189965469326E14
12,48,1.405975853559851,0.16872250443759473,-0.12069918125825552,44.39703367416407,-5.134170500902745,-7.891691449526709,-40.68363783974341,7.8782692368795635,964.7870662962167,-1.243555961910179E15
12,49,1.2913734416314735,0.3017988742517747,-0.9784895722325733,-44.917716831826105,-5.134333114278881,-7.553181344463475,43.07766625245168,-13.058468873745582,1021.3941299009939,2.520181805165288E15
13,0,5.318204918212927,3.7641920001062705,-4.756262991215406,-8.261108271674868,-9.228533092104808,6.815033813807667,-15.071620489065307,3.5068263556366928,-11.049525314654087,7.838547286722657
13,1,-2.020584947446241,2.1194221624000256,-4.856178087968368,12.123974346399455,-6.935659292691126,-6.02886823061612,-24.103590929634336,7.626292983679522,-12.511961336330355,-19.84438152687934
13,2,4.360023722137402,0.8219880536010482,-2.8158391356593486,-11.11197881750292,-6.224806096375822,-7.13724586692049,6.358361938708205,-2.142002514188394,-3.6672725381912623,60.64485470949179
13,3,0.6025296101018491,1.7173351719315484,-2.6518870093505686,14.084973123058983,-4.908935916904668,-5.1386753150597775,-16.35408482929134,2.721153471767532,-3.2288878844257902,-134.26152623150932
13,4,1.6295104795257649,0.8163752605256398,-1.548641711236201,-12.460654144991443,-4.322690242888611,-4.999162565506074,9.78479084693026,-5.608564923314893,9.833055833409166,285.63535509408206
13,5,-0.012526906299098362,0.9043772985938174,-2.0266755256810867,14.445222074725052,-3.8309191264895888,-3.854584307940592,-14.455599319198141,-0.09106343733935796,14.50062950795088,-599.8646263841862
13,6,1.491781413144425,0.36771139987648943,-1.141316515643095,-14.582095235287895,-3.60454299801783,-4.763691005958727,13.92256179128038,-6.677542875139565,28.703945444247726,1221.8476627022878
13,7,2.2923212799201025,0.1941574064527416,-0.5629319608120812,15.124987278452133,-4.251236637078187,-6.775553053933093,-13.84067368776457,1.9114535726377657,32.223566099930856,-2508.45294826199
13,8,0.48215434293923454,-0.5954186250438833,-0.27873746862950344,-15.965224144894504,-4.093636612536671,-6.550264454425261,15.557896044122472,-5.3132173537411385,45.01059470027691,5081.525241666173
13,9,0.6697626350704822,0.8032048535443842,-1.860817443963009,18.72025099703249,-4.11024844601663,-4.93084849911392,-19.428293517642757,4.292251259531017,44.930813639943075,-10342.735198707069
13,10,-0.5122969563279702,-0.8522788627678627,0.8447101656263686,-17.430958858813728,-4.700560073739814,-9.635841279256505,14.554070428319065,-4.05906000980627,59.03027447572744,20955.576360490235
13,11,1.8954709159159238,-0.7709092338576026,0.6011849799766548,19.304332663089927,-5.804596589888751,-10.435926880781487,-18.71780558150471,2.8945800904720076,62.130023394087914,-42520.90912654127
13,12,0.2928829891268906,-0.21946527593891874,1.3664603592477076,-19.390168247524013,-4.959868359105489,-8.622969682929241,18.48264849253478,-6.9177755282191065,80.53859002713052,86158.45544771923
13,13,1.8095944364742147,0.05920129549436594,-0.5258432267082599,21.159053913079077,-5.220115680203,-8.019509476133162,-20.53130783275813,1.8340803499199012,85.63295080130153,-174676.0750723645
13,14,0.06410304546058593,1.449868458880955,-2.0583402332815623,-21.17034869827659,-4.219233937688666,-3.0499512705991756,20.221284828172422,-8.864449866153313,106.79668914525118,353971.1596378404
13,15,2.2224052525905886,1.7305141499035759,-3.5782588110172053,25.553004798879357,-4.620457163008114,-1.8254815548459582,-24.97624107498483,4.729496609340028,107.48944372194481,-717440.1571572352
13,16,0.2606038217807271,2.0550246112920876,-5.141099713240796,-24.6988339405353,-1.8483470837561817,2.0868220746294144,22.137396945422548,-7.771567515877266,125.44893985585293,1453924.690527886
13,17,2.4193587884895353,-0.3338286604917515,-0.41060123603322085,26.853357725351046,-2.7587704100375157,-4.689594531916233,-25.50453480770683,5.061269750933427,124.3374386165943,-2946608.3757627592
13,18,-0.28843798933824605,0.6437503615633775,-0.8123282695284618,-26.407751540989782,-3.147557265541205,-2.2158797335200733,25.076170514929505,-8.534861686902513,145.42663612395802,5971534.862331427
13,19,1.1057792491191338,2.550600313493785,-4.587013628480036,30.74683585746586,-2.571505723392369,0.22782283053695185,-29.311643588275448,4.006350620710077,147.03637510182563,-1.2101983141832056E7
13,20,0.7844207202947497,2.9965366393944035,-6.780697414311461,-28.923389200550552,-0.24648550379392886,8.43312232061651,25.6020258722941,-8.381596036977957,163.93379969955546,2.4525746928611856E7
13,21,2.399328829860905,1.8682173555979438,-3.8529567555545707,32.47291914895805,1.6393525572754832,5.299689773500168,-33.41356256346572,5.337516037951652,157.30542328913424,-4.9703828217730686E7
13,22,-0.8324906889453698,0.5215683045698675,-2.510760158016742,-33.24555618109581,0.9205107761797812,3.102409946244821,29.523640703142053,-9.02514804045273,175.3612159378521,1.0072938166292828E8
13,23,0.3219351078748518,-0.45670392465605336,-0.406587279204237,37.29961414010374,-0.1692958900208119,-0.496663732471027,-36.9953613909327,8.090617662487208,169.0150714749903,-2.0413759387076506E8
13,24,1.504226725022834,-0.28295650496712577,-0.45438665490083346,-38.08117103916396,-0.88257157637693,-1.384434376000987,35.1740840684333,-8.787505498421668,187.24870769464394,4.1370376823101085E8
13,25,1.5677138765064615,-1.239391393154837,1.8739879645023834,40.435197668398736,-1.3407774378043196,-5.010960937276044,-38.601393973216716,9.932102429806031,180.3153689700485,-8.38409302368194E8
13,26,-0.14481930011260857,-2.061289312896831,3.722774825834792,-42.46463834203809,-3.335408370194462,-9.05965826523456,39.174899585325704,-8.875044584972104,204.68119329153504,1.6991143677095344E9
13,27,1.3871305680689847,-1.6566064615171037,3.152463095839569,45.20566257849656,-4.111032670413561,-10.557304856901563,-42.91194570556776,11.495378716678593,199.9482493439639,-3.4434134398895917E9
13,28,2.0161126276560375,-1.8689617211584213,4.037719814808683,-46.39865339092638,-5.510032139333814,-12.258082406068564,43.87899087648979,-12.348068038452922,230.41573151908432,6.978397506430462E9
13,29,-0.09270443149988261,-2.014990510356226,3.206816814750912,48.05183989838434,-6.676198812919525,-14.113139696019221,-44.497430186648714,10.821813353103316,231.20305981674943,-1.4142371702175154E10
13,30,0.7064654197706346,-1.8131108910925882,3.944531247767511,-50.48650307434248,-8.693000606542581,-18.857026195189338,48.6623763148701,-13.993411535989859,269.13356505619777,2.8660831395626976E10
13,31,1.5492949204391142,-2.421083408349812,4.234806374981505,53.72881758374582,-9.056887767137088,-19.557153472717964,-50.48817479686548,10.623316556957672,272.28392868143663,-5.808384043222202E10
13,32,1.1527075376327405,-1.0990226888770498,1.3116902419418173,-56.6457014234233,-9.919337478873217,-18.132799650983717,55.106229566588205,-17.01585655312236,318.98144509130555,1.1771230422914026E11
13,33,1.6802242035294748,1.0893537427891125,-2.911227528966835,61.91084980144936,-9.58399223438715,-11.739899462864173,-58.963920240571866,11.685934827534693,323.48169846944904,-2.3855493178339566E11
13,34,0.19673908914625815,1.416743291942499,-3.002881810021621,-64.40737389627401,-7.9799199308888635,-10.146672554583606,61.14146891274826,-16.91655303327361,369.34476520182665,4.834537543067718E11
13,35,1.2005590691489934,2.078471976032789,-3.910926152171985,70.0918481786452,-7.303355709136922,-5.8080324573691335,-66.67587657085298,15.083218419439712,367.9508799566115,-9.797639936642471E11
13,36,0.34161226817568474,2.421980930091915,-4.132068670200662,-71.15064269577393,-5.538324008086521,-4.577110674905987,68.11264126933013,-19.87576138118927,416.8438483718756,1.985582849233982E12
13,37,3.427517432651137,1.2656474211856708,-2.0055268046028227,77.62465741175721,-4.769046869564458,-5.692518703948327,-73.49840855928402,15.205294390911043,412.51915309105897,-4.023968299736064E12
13,38,1.0974083410531137,-0.8415482976776123,0.8273147453475423,-81.25854682342063,-4.080175291023641,-7.865360947163378,77.32109704091599,-22.35387645326746,464.4497117687382,8.154945980722059E12
13,39,1.5275962272085126,-0.7793438381228243,1.8582104625538016,86.3484316526174,-4.1829467304185615,-9.21596570293571,-81.06178072558643,16.977223466877028,458.9463862519419,-1.6526756424846098E13
13,40,1.1267800760968232,-0.49629108602913996,1.7091654085737737,-90.59273022952883,-4.945140409000476,-10.35050103970363,86.76274345400157,-25.58844776805591,517.7052569954038,3.349300885191365E13
13,41,-0.21691205872196473,-0.9424435842791263,0.08364805683413201,96.49262121193892,-4.847244611829502,-9.791330323393549,-91.41497647708255,20.93531144428886,509.3946693787187,-6.787669722532435E13
13,42,0.7297784300283133,-1.727035013650831,3.084985234129109,-101.79631232576003,-6.250899621740389,-14.432656599577093,95.74063249527106,-25.518905403599724,570.388204214446,1.3755843933154033E14
13,43,0.9343239887776199,-0.8155182981633096,1.058221693778321,109.28755276113993,-6.743333243022962,-11.48689820641691,-105.16476548519316,25.489325978844604,558.8973093233549,-2.787749699807372E14
13,44,2.3413132826857552,0.41557517858374887,-1.3770329334947438,-114.7409001294697,-5.843064165788486,-7.466858533572932,109.57516708598104,-30.72677288264416,629.8439428744097,5.649634022112491E14
13,45,1.036850537217647,0.7910163068673906,-2.882580534721306,123.999963828259,-5.6052473119195145,-5.3866274097513855,-119.94134163184043,27.939962928805738,614.719428601417,-1.1449508751104902E15
13,46,0.21582054110069582,-0.056546773560281205,0.6387147423549752,-130.50056687457914,-4.464398868777449,-8.670099667300015,124.04332445642065,-32.517141480883346,688.9574365229095,2.3203494266792385E15
13,47,2.363286034042302,-0.7105522745888398,2.5451452688270475,138.60724044432487,-4.809629112630198,-12.32689211926162,-131.4745149336435,31.966943045616567,669.1508853244392,-4.702403901278432E15
13,48,-0.46224643110558683,1.0845309624034005,-0.3103392217394856,-143.66759194762224,-5.747264658889834,-7.42085851764135,136.9906604934141,-37.14500996746182,753.2454792713012,9.529858820618264E15
13,49,1.3664027551680868,0.809733124014221,-2.806960949862169,154.8781780749403,-6.052619381043755,-4.037790432878344,-147.53135326011292,35.80163684117728,732.7287678055171,-1.9313145158847356E16
14,0,-0.27404713837710604,-1.0076163974773935,-0.8683251338749812,-0.8703661182964129,-1.1957914026916008,-1.6237636903702115,-1.458378180164111,2.433740966750271,-4.181677004025096,-0.9720344324202899
14,1,2.2021330483608557,-1.4313252739450308,3.1342229271231674,2.264005211872878,-2.650084694631323,-7.2636297800331855,-4.845728671966154,0.24029192541712674,-2.534932808087688,3.3813643978651973
14,2,0.5359526600488767,-0.891660960208812,0.5407712073973918,-1.9126502248292323,-4.063856562230467,-6.448302460264807,0.9149089496005373,0.8949369190619247,0.8672690385124645,-1.183722175493585
14,3,1.2640556178045415,0.2111524609729764,-0.8615227363251404,3.321849876706799,-4.39177789382399,-5.334425883472353,-3.6902904483490997,0.11929110696772197,6.687144569268565,-0.37975294456881037
14,4,0.01706042401694463,1.2268820441144601,-1.8187778963656047,-1.7611053911223102,-3.7482942362140785,-1.5014724039236258,1.5771551630624379,-2.045471271922928,15.340987069644147,-1.9212445029304015
14,5,2.432996077965951,-0.012921181257306902,0.08934898070130998,2.7854175203559297,-2.8846043473736125,-6.392603973225881,-2.734068694493745,-2.2663435016291036,22.062599634186135,-9.438383590463262
14,6,0.25343331612580733,0.04753467681668784,-0.3255014802949167,-2.8759513526763563,-2.9928422413707993,-2.778710019580051,2.9613402916607865,-3.0373487599585665,30.609442988769388,11.107402023176716
14,7,1.6852455347166704,1.3149221350698883,-1.9715721060962648,4.621682701524361,-2.775351424810445,-2.713412878022143,-3.9190708183746734,-1.9524530909230828,37.66282655143624,-45.89342269414834
14,8,0.2628177190171642,0.4938928613763646,-0.9712586269367082,-3.046457979945519,-2.1505893393119573,-1.1042239204999422,3.1288372522820675,-2.9117792698554523,44.78651713235682,75.97182872116419
14,9,0.5478586620516813,2.325671158239953,-7.045924342223465,7.5175534561637045,-1.6626671528357448,5.485359023598074,-7.957610817718689,1.7220362491352774,43.2626415521866,-183.91968603513715
14,10,1.9728055033756562,2.4465959251623772,-5.869443921912044,-5.821202468802152,0.3481118740012922,6.992987424057258,4.310869419130128,-2.190635014246121,46.68974695016812,357.92972774491847
14,11,1.183346833674634,3.5032270679480106,-7.952175622084989,10.454352124186704,1.2672454650889744,10.112717579318547,-12.926739188381417,0.08553131932567126,45.745003125721226,-761.4034088732838
14,12,2.076515231673786,2.5786328277166546,-6.267493217833372,-9.674515175104913,1.786588946796419,11.328360845750844,8.215526051548308,-4.1097867120917515,50.93174377396561,1528.7446945716952
14,13,0.615811624336144,2.4681546764632416,-5.570633271822188,12.330554995029955,2.309257301456466,10.990868136870295,-12.88912996172737,1.100785922335884,47.56063862773565,-3138.5686976419015
14,14,1.3867389671243644,0.7061282471235877,-1.7737374897833014,-9.706691476767244,1.9051817038910708,3.282155543656768,6.529059734900905,-2.3400980751731812,48.313629314388244,6347.257355080705
14,15,1.3062272523321306,-1.1456301757342788,1.8955910549147679,10.073054341600294,0.8631998721240501,-0.8618010028256883,-10.167025026034961,1.9770642765990214,45.493993483248026,-12898.197154593168
14,16,1.5878594673337962,-1.2699045342436346,2.002457202492694,-11.728710740328806,-1.1723088970664237,-5.049902903332864,12.467329918631693,-4.069163614042665,53.35639871940271,26128.211604301618
14,17,0.7754125734058095,0.46253013489815054,-1.5296875718022385,14.598108184600642,0.1865857485441269,4.148516503935973,-13.098039103639064,1.9786716817384253,50.667902211064664,-52994.298549788014
14,18,0.4442569689282939,0.7981047829209725,-1.5222039529441773,-14.45735359076688,0.9035667344985128,3.1861546617135432,13.149012774014436,-7.244267184258408,62.04952350959278,107386.00835183423
14,19,2.1687942126218345,1.9079258208606036,-4.192540045542104,17.448375229966373,0.5801865736774392,5.1096198346016815,-18.086616309320604,1.2331792830232073,59.41819995829353,-217678.035367008
14,20,0.9794048467311683,0.6877698592943923,-1.5778020354115545,-16.94596863766879,0.9016554453447052,2.3131367864955275,16.791841637090116,-7.6688883329821,70.95930225943687,441129.5929806851
14,21,-0.9253970799905575,-0.20260883516053976,0.7001659608712993,19.219425388853544,0.07860784874569648,-1.424232261977413,-19.336799193327057,1.2975867659072728,70.2390561497265,-894048.2582157013
14,22,-0.04957470443952117,-1.614716772173799,2.347952378440743,-20.558429323564,-0.7816807294648752,-3.6311155795348626,18.21155459704471,-8.626702489954294,86.77024434214317,1811853.7135750614
14,23,2.468366420262959,-2.6420008332061924,4.707592279721932,22.12567837265142,-2.5106120107278116,-9.967433389842373,-21.032339239960063,3.533643766307488,86.65564193385364,-3671958.4875503494
14,24,-0.06939668557906745,-0.5482318259026189,0.3633873433368596,-22.991839582103637,-3.012171373343311,-3.7654554778348777,24.083573991016834,-6.695225833799444,104.13267459901736,7441541.43538594
14,25,1.393079163880862,0.027384330906936066,-1.0349197396228342,25.24502307604309,-3.2865402656475804,-2.4736486336951886,-24.129331199016228,4.755519685907586,104.0151467982551,-1.5081058137139346E7
14,26,0.09639914540307615,0.2564264794843024,-1.3933524222944453,-26.820588588699433,-3.3739575873429737,-5.448646554123472,27.492396368615196,-8.263975310475091,123.94655029913307,3.05631381987883E7
14,27,2.076775350827061,-0.7794861794787159,1.1896955082301959,28.66409330314538,-3.7886038292013096,-8.427675913615184,-25.108713384317632,2.677159466113607,127.71934528146392,-6.193914200033953E7
14,28,0.4620851204468024,-0.6975597881144804,1.4749518275596363,-30.45678362096417,-3.8639040525238766,-6.8878199334961145,29.946041986168726,-11.531060891983135,153.48233738352957,1.255253921369411E8
14,29,0.763195196002549,-1.2604497183692722,1.6972320169797033,32.31641659171648,-4.370624887189889,-9.520312172867673,-31.27058616203918,4.218479952268854,158.52094024633914,-2.543890007235309E8
14,30,1.3612834905870708,-1.3403696196915762,2.1543799909994297,-34.27829976178378,-5.491717833997952,-12.228909910489937,32.44943660006592,-11.195890258161235,187.29683305422068,5.1554291643136674E8
14,31,-0.036880284892437776,0.07319221857487146,-1.541357742691979,38.98066536070393,-5.13707061784469,-6.48222357099413,-38.0589793455869,6.616284242260076,188.80149195224539,-1.0447958065495856E9
14,32,0.8340308078676646,-0.710947753925832,2.3915038335907486,-41.47525079800253,-6.184905407379695,-14.360799754511124,39.179803489517774,-12.939756545817037,222.73982062347633,2.11737580585598E9
14,33,-0.278963604707438,-0.3763537023444173,1.4104908708888941,44.54077419099346,-7.511092760886144,-13.369461941658978,-42.03696778982514,9.228320093359043,225.80235581448474,-4.291059152465503E9
14,34,1.61454458506942,-1.2232069383983255,2.840245005901179,-47.425903759122804,-8.903565325422155,-17.33036731094907,44.858606514859055,-13.047451941250717,261.9089403013458,8.69623035881485E9
14,35,0.27783073723998125,-2.8728141776600276,5.3889599130565236,49.552677048828116,-10.389189733518439,-19.13303227656767,-47.730256024890274,9.568606608483659,269.431165966521,-1.7623719751654854E10
14,36,0.17171538889048632,-1.2793076541009836,2.817871638522461,-53.49623123183729,-10.412276322726466,-18.366390075740206,51.14458950270792,-13.71053083051184,311.32203813673596,3.571610695700753E10
14,37,2.5947050202502115,0.6903277644404567,-1.6884284512311605,58.18946352360558,-9.28406541112011,-11.76626237710651,-54.898619790975204,12.061420584325779,313.1642591029461,-7.238201251047636E10
14,38,1.1842038653924793,2.900072150879769,-6.91248381190588,-58.59897932114236,-7.578329930543301,-3.8796012517591203,55.15191470904269,-17.38760729285569,359.130763140232,1.466888796308294E11
14,39,1.0280529292915368,1.965517568547304,-4.304930588371992,65.03198393232344,-5.9060397569748195,-5.758047334045308,-62.467748592052295,13.0678002274524,358.11448813159376,-2.9727865662545917E11
14,40,0.5679372920507677,2.8250320132386433,-5.945526556290069,-66.32603080300125,-4.254991950110246,-0.055494609178923016,63.627916847984295,-18.108254330085202,402.0764218806106,6.024628438774695E11
14,41,2.7603929886866174,0.6493412062798543,-2.0194627997330463,72.71805905861115,-3.381765296017189,-3.638781632073891,-69.76307349794448,14.680105449507797,395.409019220707,-1.2209469813168538E12
14,42,0.11744753943557154,-0.4933881150616758,-0.6721678048610537,-76.85122015972318,-3.728138005508446,-3.2891303220282935,74.35289246399762,-21.43515093296789,445.0638553073963,2.4743626032643237E12
14,43,0.9436377438034198,0.10207683590790828,0.6922453143053353,82.23401265639494,-5.323376976757117,-8.39299553104264,-78.20343594245324,16.604040876484643,441.9799491805046,-5.014525926891712E12
14,44,0.2678457167684126,0.7766789097422475,-1.9322930188596574,-85.50173341326153,-4.776672965667308,-6.089734450247098,82.35822737938022,-23.835286942449223,497.45431693900264,1.016240313212983E13
14,45,1.5164103701110159,0.41767315419374995,-1.8755497731945434,91.90948192843543,-3.1425437692022973,-1.8690202003675869,-86.43551268441495,20.17703582487716,486.23421019981134,-2.0595055031918176E13
14,46,0.1779573284236044,0.8546045822310036,-1.2071847875118924,-95.8548412642438,-2.1092945778862577,-0.655279676978372,90.12618353232257,-24.6221008816736,540.7683178026956,4.173779432322237E13
14,47,2.4737497316209582,0.303142484502849,0.03365408589888952,103.39558594427605,-2.0092646054224184,-2.6778892555232447,-99.79381160721881,22.15938525737359,525.7900795989798,-8.45855217324212E13
14,48,-0.1804154480697355,-1.1912714247693585,1.8724150998153284,-111.12766095173733,-2.4508830040844662,-6.048642939289198,105.31895906032851,-28.454961476595777,587.9183161286471,1.7142042608427916E14
14,49,1.3568344543381756,0.12561772859331266,-0.06432108914162302,117.7020669522995,-2.2452801228614927,-2.5358634641544837,-111.70599260559557,26.70468856261808,568.5660396646344,-3.47399435235965E14
15,0,-0.716878013031173,-2.0230333998365113,1.2122861893978132,1.2828840294974468,0.42007784515591806,-1.999115348904033,2.2583729668723067,1.8600847938950633,-1.9800127400873464,-4.179673439316535
