5,0,0.5567439401800234,1.1284679440917444,1.1828268281254377,-3.75055607736511,-4.198122594564014,2.134804672307353,-7.63061844243406,2.244505405287454,-7.266446215865493,2.150785466061669
5,1,0.1275379890990569,-0.4447134495024414,1.837362255400406,5.314171518813198,-4.840120354631467,-11.239398105107774,-10.500354355240718,4.524000671015198,-7.832622588405816,-3.3878235740667977
5,2,3.024110536994413,0.9641758383179291,-1.8906893948105863,-3.9708805876857527,-4.409411108294952,-4.97046374890082,1.0382997721735683,1.3061659542037602,-6.059806294031013,18.92811968007274
5,3,0.10268188174913517,1.2209345887233352,-2.5230702374615426,5.631939092049152,-2.948779821983822,-0.32250029042789086,-6.5298591970865365,0.7614090489444231,-4.04804727882559,-39.00407397332895
5,4,0.15607467970751165,-0.26280415649992706,0.2189876369317325,-4.690132928677691,-3.698114073169635,-5.209573532951918,3.945430496383303,-1.334385574946897,2.9329468094858573,86.49790932695318
5,5,0.9509225439508208,0.638847212553089,-2.0857317234185895,6.148578114318214,-4.350737055024412,-5.546359788726384,-6.482676305653212,2.0175538093734353,6.748593344800854,-183.1128132519788
5,6,1.5170160788350118,-0.744589453358097,0.8655670490251983,-7.0127011093352705,-4.754227982837972,-9.022810664968341,6.728956139776049,-2.585340239779737,16.642765825804965,375.57361899347836
5,7,1.3340422273438681,-0.47865765558475737,0.8312455188097985,9.500361491895989,-4.242361638469318,-7.356417520896835,-10.79719391732971,0.6768795688134911,20.554276908084784,-780.9953162427254
5,8,0.004950892157370768,-0.01099096372709385,-1.482221308665349,-9.174268274279331,-4.774154457854208,-4.800469460156241,7.084039679946334,-3.8143274563176695,32.86621532018667,1581.0367125369205
5,9,2.826109716922242,0.5121198351278647,0.40365362580064224,11.94183553862134,-5.75703323695204,-10.481230597214232,-12.243707582146708,0.5873349564859236,39.56741386367938,-3235.617987760679
5,10,-0.583650827226155,-0.6240582496094709,2.1235026564049817,-11.046836998765851,-7.25384423545351,-14.303115568880525,9.01055126280267,-4.260253124633032,57.68104049189336,6546.959746324263
5,11,2.1278044852698215,1.124172149924012,-2.3382154171518588,12.97558828876097,-6.796519351788859,-7.590191950413415,-14.80504201650434,1.5220051107911903,64.3553136703931,-13312.213516333712
5,12,0.03114631743690785,1.7003991772107392,-2.3102366228653786,-10.071418635478496,-4.941930400540531,-4.540048361297219,7.693120950647312,-2.4456935010393934,75.9959911627156,26954.037183859033
5,13,1.0152444323637781,0.8491358204766584,-2.916317444611538,11.056988677237054,-4.529811515521118,-3.8102121739441563,-10.499305334857187,0.9243871632542414,82.6610437542417,-54677.69353165376
5,14,1.8267523934740209,1.4252694135905188,-2.835575464678833,-9.352013635651023,-3.078480358444392,-1.2229458291945303,9.539772867838709,-6.168760288536648,97.3024912374413,110772.55687556109
5,15,-0.34260893490948263,1.844559104206092,-2.6054561961735994,11.807466830681669,-2.5457229158913037,-0.4041209554830961,-11.967241214877841,-0.5632874736542901,104.14536474725446,-224557.17723639612
5,16,1.4232310775971193,0.8337097362937153,-1.6593386717141847,-11.203702369561647,-1.4960940892004149,-0.7876152295692358,9.756776882326072,-5.664671776003632,117.26707843156116,455039.46340537065
5,17,0.7997941297426827,1.3753556118102122,-2.101983423420873,13.577862224191772,-0.6758988468627485,1.180655719688795,-13.394499660233226,1.5391387764201359,118.29880766349237,-922258.238082583
5,18,1.1596759701801853,1.2827746267808884,-2.057413380189295,-12.047023740883851,0.7778740839649789,5.466326157961269,11.691494805552175,-4.8531589754535025,127.68257701414227,1868991.2344143235
5,19,-0.36455704100912356,2.2202208661457283,-4.9371008076282505,16.4092075114868,2.370564350794009,9.136899181511607,-18.029804441519843,3.802251074051324,121.82746045702466,-3787767.047526136
5,20,0.7632264278395675,-0.1935495796367681,-1.2545040837037378,-15.428497241016577,-0.3059413635139676,0.07621629209676745,13.632311616300932,-3.742568948124897,131.23497498177997,7676214.178836666
5,21,2.040507882787189,1.723492743948563,-3.828417382039326,20.27478726037822,0.30270554745275724,5.190535595098808,-22.523140108463284,4.776410976150463,126.70908688414094,-1.5556650373011852E7
5,22,2.160511857542554,1.1509968508689612,-2.3770174707341063,-18.463113968412724,1.2878970343848932,5.1337182637456005,15.813106021461513,-6.0656386222367695,137.53830397649912,3.1526951405968726E7
5,23,-0.05445678986106217,1.8345067821549828,-3.9033256027946304,21.247951070290917,2.1223300539122527,6.782959434679081,-20.955718432102106,2.56357696266663,134.34253254197682,-6.38923947213971E7
5,24,1.3204970396179032,0.43364069883892653,-2.4416771293369726,-21.3252193670412,3.3186622661469114,7.999811317251352,20.494194893516173,-8.15888767745881,144.45174921274864,1.2948382826286726E8
5,25,0.24806243001989348,-0.7053368888784309,1.1092513608502836,22.429263655521,3.126322442764193,5.562184587310399,-20.937597327061855,3.5882668821916863,139.39287750023007,-2.6241112003479803E8
5,26,0.8529800549355134,0.1867407371196796,-1.2054317613330745,-22.45847190600382,2.068772057176791,3.341422180223522,22.01994917757159,-6.85005764934161,150.04880335028759,5.318004865133993E8
5,27,1.2306771857835355,0.7035925173709682,-1.6876855789194753,25.792429735554613,0.3364070206466101,3.142657668386417,-23.02244650276516,4.28266433738421,146.53104235332512,-1.0777432503243132E9
5,28,1.3040814433343006,0.8909843358656719,-2.2121487101158945,-26.04439660645232,-0.1804343093455542,2.57746771346691,24.34415695122431,-8.92857523079117,163.28144216449397,2.1841468723220806E9
5,29,1.0074853432635884,-0.08363518726054509,0.05644010821923698,28.43304350877955,-0.27641783608848675,0.035694153126482275,-26.754127867898596,6.458735093310242,158.25232603364333,-4.42637687483694E9
5,30,1.263161712997325,-0.18700795567786088,0.5124222326186212,-30.26970595337326,-0.22141182500926992,-2.3468037052685005,28.500341167322432,-8.063412379817722,175.5554552889182,8.970464328383549E9
5,31,-0.625968820611435,-0.5641792310562156,0.4237644451477538,32.57654596974485,-1.556631343567981,-3.241994980848441,-31.322045928108206,7.217445552454592,172.30815954560367,-1.8179480325118107E10
5,32,3.621914802409412,0.42195548822623374,-2.0867154917636404,-31.973335410739168,-1.8145866301169182,-0.7791133761872855,29.94852764104817,-8.770222378079835,190.21913284426861,3.6842407477217606E10
5,33,-0.021083119066184763,0.4878175484509192,-2.6876848309806056,36.55104761433729,-2.6930739465038767,-3.1532638297144886,-34.94816612264847,6.751025314166833,188.78887024052975,-7.4664565167173E10
5,34,2.086033384430873,-0.4330604033678789,0.5342002448096155,-38.78521621108091,-3.122507529322412,-6.875977914590111,37.89520502473494,-11.79459000195548,214.94199937723027,1.513146849125127E11
5,35,-0.16447439939166292,-0.6221494669688901,-0.6868761416573099,41.42602772206425,-5.855178285776136,-7.648873527718295,-38.658012501051594,6.600550549318278,218.78192116134144,-3.0665328111797845E11
5,36,1.1789672923852867,-0.07656465198020102,-0.7298639944574583,-43.316353001877594,-4.911475062603736,-4.581556362271679,42.81382615096631,-14.70233437863505,253.3687639358448,6.214613922856113E11
5,37,-0.8213456257313628,0.17924969751948883,-1.6968151402523646,46.06503574967153,-4.38697638669268,-4.461189750764531,-42.2953165545612,7.366259360034692,255.72871975990202,-1.259449306390863E12
5,38,1.540942202682796,0.35363432251699833,-0.593460184217578,-46.84814629637499,-4.560714606643867,-7.218674305927562,45.313545128611345,-14.227790476392748,289.1372636196029,2.5523911457162373E12
5,39,0.5915990790989367,-0.3273059172172897,0.4477197638036098,51.01108726003276,-5.099261890146593,-8.937972419779221,-48.1242955980666,9.133710026923369,292.1095282512561,-5.172658024562393E12
5,40,1.2139340716649107,-0.6541108732368368,0.296193099428653,-54.466293131724136,-5.1502848748436465,-8.542748386303868,53.139881739447816,-16.373116038286312,331.879550818531,1.0482872534094518E13
5,41,2.564190397122386,-0.7667337179412173,1.6396483323377236,58.124577124744164,-6.891444470479511,-13.878828541844886,-54.948210580362414,10.491033250868599,333.3432706754169,-2.124451607792459E13
5,42,-1.695306682468421,-0.15602978095433706,0.5922491850160233,-60.18029980152071,-6.384073513255845,-10.686569883473302,57.70910430922488,-18.29087100372578,379.4345655817375,4.305398753164694E13
5,43,2.813236600478895,1.4231182107425462,-2.94021864257558,66.93069885826728,-5.853527122062943,-5.99388936866504,-63.8571376435814,12.315906750156556,380.21555052765524,-8.725290967265286E13
5,44,-1.4987224092822375,0.23338557693814999,-1.345922216985131,-70.87647559682486,-6.587771209365102,-9.059326154772087,67.1776937139493,-19.717741690008385,430.80329593028245,1.76826135807234E14
5,45,1.8687577548124996,2.6367988568981695,-4.047561143678976,78.09835763696815,-4.537136564772123,-2.4262804492986976,-76.12254506842639,15.384837708390481,426.00880076444133,-3.583546087101971E14
5,46,-1.3502699031773262,0.9475483260215105,-2.0796281223106856,-82.35318768389544,-3.390179961479696,-3.83562028861637,77.77408937365107,-21.58118484004816,473.52143146803644,7.262389408525772E14
5,47,1.9314064977982253,-0.953756011008301,1.7772610878705888,86.89275163740736,-3.8304723630334374,-8.56428242634503,-82.46842426850678,18.997298840551434,463.8066501371037,-1.4717907524873842E15
5,48,0.4261574919951624,0.07675559454880698,-0.9709581737625887,-90.99342883519837,-4.828444636060961,-6.665592425404544,86.47303706107549,-23.084818043377688,519.4188585608598,2.982720833674595E15
5,49,0.3509911302771517,1.9129941178896779,-4.524378026327259,98.5597749104394,-3.120202701610713,-0.9741235048651302,-93.21297732125328,22.80535304609265,504.6863746256794,-6.044761156843703E15
6,0,0.6501408441701937,0.45167016643385793,-1.362734984083355,-1.018398026940971,-0.012881042854228753,-0.43738234876690596,-3.1603303419569677,0.7316161067033183,-2.1451555462262544,1.5663985202674906
6,1,0.4917267510184543,0.7520721770203074,-2.684344926459016,2.170465736697434,-0.026353128748096075,5.361934352015166,-3.9420396238159356,0.11453605130014549,-3.559841498335664,-1.9171865406612827
6,2,2.4423130124008505,0.8704447544505459,-3.1377443992566794,0.36879344926149316,-0.4274754248236443,2.908902700904945,-1.7564258473432628,-0.4766775632423904,-3.929654205504967,8.013609828668024
6,3,0.9205487121183207,2.0496309638273535,-3.0287636444664106,2.1588972879308166,0.2721057183060561,2.7432313631417458,-3.386189774458086,-1.1502674532689565,-4.138807836112174,-15.059695771370503
6,4,1.3731282203597825,-0.6191611784354221,0.8455656153763031,-1.8870347387958053,-1.343298269386024,-2.1019705332012473,1.2720959203206201,-0.7726897553605669,-3.4621676084741315,38.76770634075567
6,5,1.45854598539497,-0.6067897657484455,-0.637602376236069,2.154615347646347,-1.543317085684236,-0.9048360149708187,-3.1394327747580295,-1.2274860796329143,0.15867635907329625,-78.59052665445822
6,6,0.5944070467325818,-1.2058269946818239,4.529081697358729,-0.6110056379849005,-2.339205451407928,-7.838910850783333,-0.15512897440349233,-3.5908820715323784,8.40100865149462,158.32217578670327
6,7,1.2321725609074081,-1.8954476327869771,3.9783878441386427,1.5448478147663094,-3.7827081442684274,-9.717120968459888,-2.999771401144427,-0.8233362885058351,15.726475893368155,-329.4964738580071
6,8,0.6754871216700942,-0.20206468324499283,0.4036411410269522,-0.5879679695379552,-5.323666970196499,-7.775782293315578,-1.5813542167810428,-2.3830665993810936,25.45395698271563,660.0911310476337
6,9,2.7265000400819335,-1.4729654240294763,2.2530756870844963,1.6450697782705364,-6.054507167856817,-13.83814301678721,-3.1592015557511184,-0.7769270929774409,35.077741205561395,-1352.1477352267514
6,10,0.440786207068516,-0.07945265035636928,-0.20763735697448849,0.6169986383810424,-6.692772754167213,-10.258005858438386,-2.2253096733385065,-1.7667957090174942,47.335964949263676,2719.111800382638
6,11,0.8507079041390007,0.5919284520134612,-1.132963598980599,-0.07224547507515444,-5.452005293047274,-8.001542248200105,-0.5886422241902196,-2.336520969943225,58.756455379932426,-5539.055696831489
6,12,-1.1929537919340878,-0.5789420386701877,1.2811292857040517,0.7327159659584729,-6.020994370009683,-10.478138916685316,1.0377438483621937E-4,-1.6838750444618236,69.91874286702055,11189.768034410195
6,13,4.0849896420708856,0.7512542973352081,-2.1653149044078726,-0.0025847714888003193,-4.609964402488115,-4.622138982792842,-0.373870752556491,-0.8624506641055092,77.5096117232236,-22713.653774898357
6,14,-0.48631608973996326,0.2287477516625239,-1.3568960100692635,2.223672693008332,-4.621737911820265,-5.883920110328107,-1.3591331558481912,-1.426311595896509,87.66487258374163,45987.71774000108
6,15,2.2669047765731394,1.202409315962278,-3.0892744858117744,0.2116626063177287,-2.6353124290243244,-1.4431376952752974,-1.1904238837518117,-1.750780969289216,95.630225719835,-93247.0780578716
6,16,1.0463842030052137,1.762660313606828,-4.133408776547153,1.6879764423143384,-1.293481718199823,3.5311800310373407,-1.086892978519468,-1.9776366146907616,104.54796395685881,188918.42446868232
6,17,0.3722063757528419,0.7857321132926316,-3.353293115795028,0.8397024605560771,-2.228209842504261,0.49111691938309526,-2.843766323842779,-0.4868655088376703,111.28299008756585,-382917.9051780632
6,18,2.126768199317103,1.7945453385205785,-4.421010814086921,1.2548546082026468,-0.779216692124191,3.160536543469208,-1.1676823853825975,-2.188887721310705,119.24887350958896,775957.2033143184
6,19,0.33633196575323376,0.07790898363972398,-1.1213160774090818,-0.10149620431407229,-0.42416838384371247,-0.43664514656835085,1.0547434533583175,-2.4481667903858955,127.03910313169354,-1572615.8301062558
6,20,1.757848641461765,0.6225221750972596,-1.6756150524274198,1.78485635971707,-0.45389047957544376,1.3206389042273172,-1.5057434382498485,-3.1019921517904785,134.64873671847099,3186981.219800813
6,21,0.579022368110151,-0.16062692614146823,0.7835876338798204,-2.0678040368779538,-1.1113434994971292,-3.6604827712441015,2.2780662848912554,-3.1276487744605808,144.82166657858113,-6458786.15285147
6,22,-0.4281396676327611,-0.36980519051241684,0.3979878068248185,3.739353894092141,-1.5552463722243173,-1.3783589369057552,-4.348212527602372,-1.6129113283131917,152.90909970822136,1.3089247497369684E7
6,23,1.9844848324278108,-0.03983144089811183,-1.0072467294790055,-2.4613880750497668,-1.993319461906455,-0.6819419858862419,1.819604611425233,-2.6276937742324367,165.13259653635063,-2.6526658873795476E7
6,24,1.0496671851396011,-1.5617348665317012,3.1673832215612623,3.2253142979700766,-2.8985433670079264,-9.473762500929995,-2.7418699047699153,-2.6217576693353157,176.9799103879769,5.375864585032014E7
6,25,1.285668457519453,0.20479258023936064,-0.9088560530315829,-2.7657965517197383,-2.690501222196884,-3.2783058386655393,3.3856482184837784,-3.01714984150365,191.02102407529426,-1.0894698940322824E8
6,26,2.338111346544503,2.630502730535376,-4.635551430631487,7.085839761972223,-1.2057164240823441,2.8723655906792693,-7.179777875283657,-1.1220341005185692,199.37541285255554,2.207910921861809E8
6,27,1.3475703192790487,1.4541477538505254,-2.911542618307627,-5.542749360654001,0.6445933494110958,4.280191186159459,4.86579595278669,-4.185147918922367,210.01024707290193,-4.4745378330745757E8
6,28,1.1768987954832162,1.862290541167267,-3.609085538355419,7.165290221027933,0.9931513704155536,4.159162042900977,-6.83130094018523,-2.470255269212857,218.094024480787,9.068065828356136E8
6,29,0.3984112613494532,2.3804753042924736,-4.990869436545648,-5.730043734828624,1.9759253785114375,9.19039692992423,5.911970228252174,-5.705859338088511,229.49759153845153,-1.8377279833375037E9
6,30,-0.17053316259763474,3.3741390231710646,-7.127206588413139,9.868337777358567,3.37635921989472,12.502573809388961,-10.58366337583502,-0.9708581120228618,232.41665096214592,3.7243265283276944E9
6,31,2.1390684412224856,2.368970057310882,-4.604686919694242,-7.236219704240475,4.176337620128788,12.603692539176171,6.146914966146105,-5.0662522603335765,239.87748766314218,-7.547694182918804E9
6,32,-0.08741283527458676,0.4544517747722734,-1.1072459718519283,8.65640352234276,3.6643504120200467,7.6959134343199,-8.027477486412003,0.41640232051854353,241.81703942824032,1.5296104044620874E10
6,33,1.3143598168238713,1.2443588138709372,-1.6543310405976128,-6.353113829067971,4.170938049985028,6.516140504976341,6.977942975716612,-4.8891287232810345,251.9927091072431,-3.0998977480373066E10
6,34,1.1278555725367376,1.2439575628367092,-2.8730191439254407,7.489214165028278,3.9677772149776525,8.327427201190385,-7.827546752142637,-0.02862903701095909,255.27430411027885,6.282231056749711E10
6,35,0.9659648306824812,1.657058650289875,-3.7384864153265474,-3.3621053489911312,4.108552398034735,12.24778819732785,1.12649969407384,-1.5259062388148859,258.3004461456625,-1.2731525485392847E11
6,36,0.442848732702277,1.1524641732471765,-2.6765757360296325,3.1611351865796036,3.4060856033640445,9.053731618837684,-3.5305879397443305,-0.34885554504111227,262.8733376398753,2.5801620389914957E11
6,37,1.8066018823889447,0.5377696428458855,-0.8239674079479404,-2.839876032260549,3.4740253253207536,7.957161418376323,3.0723259845415325,-2.2646929094291206,270.8804712824277,-5.2289383236055817E11
6,38,0.6938182883678761,-0.47395239561829505,0.22878535608987555,3.644328649863979,3.6912133632792488,6.248636884086931,-1.363456817818939,-2.090863563849496,277.07605443081866,1.0596929792666813E12
6,39,2.067491012081022,-0.4457465559284551,0.6211866769099748,-4.279727965957621,1.8438404153863586,1.232483091115321,4.852111174461289,-3.9399000568260982,287.29921291440564,-2.1475663720737349E12
6,40,0.2305225722757966,-0.8357024445577015,0.9455350052157763,5.320694676087263,1.5742325556462744,2.3173396453509794,-4.61485500884218,-0.9960788210851025,294.660495307776,4.3522429724620093E12
6,41,1.1533071451802064,-0.24252367331546817,-0.23334291492690284,-5.365885974705429,1.4367282730187738,2.807030575517792,5.759055915200938,-3.6514799167250738,306.4484748700067,-8.820225134220955E12
6,42,1.0962084073678546,2.406867492581323,-4.941226612473727,8.962954015594962,1.9388851551148845,8.960082076713551,-8.44441016152127,-0.8788678364505236,314.9205498196118,1.7875006498592832E13
6,43,1.2495835706747243,1.3407839786034963,-3.942505134345242,-5.350301523353597,1.7933210811338511,8.22447380499525,3.769849200073017,-4.334430916775416,328.3692775525949,-3.622536301139292E13
6,44,1.4516344807575323,0.7027450298492488,-1.2790815460025777,6.894089668861922,1.5219726895048762,3.520704878334187,-7.266863083567984,-0.24548151570096283,336.0103926746953,7.341406703271594E13
6,45,0.10458574164787482,-1.3803951805459511,3.720472191576067,-7.451135481518543,0.4691835556467572,-4.369640280097878,7.053889317701614,-2.979198558991716,349.77908826959657,-1.4878043421149422E14
6,46,0.4746012665344608,-0.03457231032906127,1.322128897207047,8.842791465783755,0.49313820319133767,-0.04267092138613615,-10.105676987310328,0.4957571047328796,359.7716376474962,3.0151738622865806E14
6,47,-0.12940600568340432,0.1868708535160661,-0.4555539841833983,-8.445318550499408,0.2047013901387113,3.093974628778078,7.376260166503044,-3.444916880899945,376.7644437432488,-6.110530237397694E14
6,48,1.6239962382496693,-0.9926663079749493,2.8228169798584553,9.149840954793982,-0.11780866323751837,-2.4634737241427587,-8.058954161203356,0.41772540100791805,387.80052164442577,1.2383557793850665E15
6,49,-0.183723963159649,-0.7121570624206347,0.880289404959961,-8.853930113248184,-0.9055377537979497,-2.854833525640254,8.248548120254297,-4.238697351099411,407.89638823836805,-2.5096431516716765E15
7,0,3.574373188916185,4.272512202479269,-1.6794705025468832,-6.524377246620781,-5.768760507513758,6.166835807830805,-11.01481059855703,2.628259645097806,-8.91364674957502,8.642805043301085
7,1,-0.8131554407381592,4.557751774695824,-8.089911159248196,11.034729749797522,-2.906039683496151,4.236381196610351,-19.940918788745005,5.1062773278604885,-13.678419462887303,-20.42330301911888
7,2,1.849950868609095,2.3691039261191085,-5.836000654895464,-7.524114228900293,-0.9851518083015315,5.790337319057638,2.317838645801174,-1.870106998344894,-11.260173507719351,57.79107391479019
7,3,0.21791592520248063,1.150798269103696,-3.3394489888928964,9.612723258965742,-0.5100938341495633,3.321354032326335,-11.235535708886424,0.8386875308592207,-13.021535863085578,-120.42570179485605
7,4,0.9752578425371857,-0.0314041620933756,-0.10110188269745063,-8.366117365592727,0.2479132035351489,0.9542644507483109,4.277854681154695,-2.095156419724607,-11.561266887522338,262.16475311476086
7,5,2.3997300172122404,1.5205161261869615,-4.2165891381662295,9.981028348564225,1.0655184760316536,6.800848042241068,-10.847433699744885,1.8688145204578932,-17.408691460171497,-532.5573125785126
7,6,0.17069913996073666,1.0510925732619236,-3.2667610192903958,-8.998734658713369,1.1231095730960716,6.094002759196543,8.00945413257889,-3.3471682537793233,-15.110909865753769,1099.6095034733803
7,7,1.5026578431765523,0.4850733148751474,-1.1643841217469617,11.247700855433711,1.0318257230571994,2.740579615225324,-11.050552987283183,0.4058764559759912,-19.476621772650923,-2231.573698822205
7,8,0.6457012116659617,1.7500822487095404,-4.918060725773438,-9.135451826368117,1.6336525913966,10.235889296211303,7.902111170765338,-4.722919166443485,-16.540913430079428,4544.493595629028
7,9,0.07293401628842844,0.31127604391105335,-0.6161616046017178,10.796024907970093,0.5274974629595766,1.3904711712231952,-9.677743885261524,-1.290027681484251,-16.356576660372255,-9214.181512800706
7,10,1.843189949650881,2.1839637603095476,-4.138201432997124,-8.586136366104565,0.743513216139419,6.192599914361481,7.7197826361647826,-5.484599101545631,-9.158114951820863,18692.562269494578
7,11,-0.1452265312440123,0.06620613047764268,-0.8328636505240852,9.792966032142756,1.3177518519677873,3.455163686351967,-7.8316997101677295,0.5997754271907689,-12.008766066055589,-37884.978501467675
7,12,2.3873155932119614,0.020840371280205383,0.18953479898692088,-8.481021444024776,0.4410911828457268,0.9080442771079225,9.101602126431647,-4.0788134187517455,-8.381415197793684,76793.27715346424
7,13,1.0255802257779711,1.701064061518217,-2.787207754492578,11.479592794442015,1.1968316826962906,5.475122341146491,-11.597647677566519,-0.501903189318337,-9.891197924315355,-155635.43826004645
7,14,0.3556658655864927,1.320933434612871,-2.1952384311185655,-9.219668736587833,2.5123312331450416,7.389820055655446,9.68323349735214,-5.569769383715555,-6.205329363747311,315423.279149001
7,15,1.0818978280416187,0.08654097483741685,-0.8733181618698331,11.065305104559082,2.9064390787577707,6.265719003221109,-9.584421022143067,-0.2519009341404685,-10.557455396061895,-639241.9639612692
7,16,0.09923847160029375,0.9295460876945741,0.1474014742614207,-10.879723307781894,1.753286724456646,2.573796586387481,10.32935884871491,-6.010032362462233,-3.47677741370981,1295500.3898652657
7,17,2.887738269980355,1.034354418692793,-1.3291733510894934,12.930906604687157,1.1936755544036624,4.904070823682712,-12.55944440160408,0.06863209380724938,-7.0087523899095565,-2625462.3641740256
7,18,-0.9323767411841717,-0.3998274400304266,0.7627719159113224,-13.267145481729845,0.08863296965117329,-0.47239473363118406,12.779492539062735,-4.55745617087687,0.012914488694704462,5320760.678637991
7,19,1.9594216943925127,1.3931614384121902,-2.232692404231676,17.711247361100448,0.6968217090972502,3.4135650682053624,-18.489658776954172,3.1021691030349534,-7.713612662990152,-1.0783032098643282E7
7,20,1.4353735641187138,0.2098771533370012,-0.9058421820314426,-16.911774173937093,0.3747496078004823,2.117790081951735,13.681121133537044,-4.594852530617065,-2.834373416960927,2.1852841780954327E7
7,21,-1.3816433359345277,-0.11615102566645275,1.7933572462967131,19.047856315419914,-0.25192309469892427,-2.4017903938575467,-19.87986445869131,4.199257192817824,-9.67275277853063,-4.428683152824796E7
7,22,2.114892572166367,-0.6750927389750646,2.3980731371565076,-19.949086069816882,-1.7506320808828666,-5.18976399532873,20.287194807116546,-6.276748419147026,-0.3426753834774168,8.975141114293003E7
7,23,0.2626346977359533,-0.5936726369409678,0.5120755031671573,23.344956386054765,-2.2378028526452023,-2.741195568534525,-22.83620956202659,4.148944392724184,-3.0451890878627967,-1.8188960548466727E8
7,24,1.430257717046816,-1.0651514677899596,1.566244097213294,-24.086827615856794,-4.286784619829214,-9.207951946030557,22.94462879449199,-6.035134541479522,10.377646870454186,3.686162303964507E8
7,25,-0.5172748977178239,0.34577699411072116,0.3674122678193128,26.616505138128456,-4.503442212605709,-6.178447528222343,-25.00154659362072,4.860103836593345,9.404171358548139,-7.470351064593052E8
7,26,0.6561005153004178,0.9288448398457122,-3.9210331558402896,-25.759201845603304,-3.997794385046145,-2.147378270286231,22.56666238972118,-7.306002647049988,25.868021052703977,1.5139361378701305E9
7,27,-0.15735614863109992,1.0446754114228871,-3.1762111362362853,29.5058102967828,-4.644588114349973,-2.624452841182303,-29.915495057646176,3.984711922760797,26.158819548719865,-3.0681324231047306E9
7,28,0.11293129681777225,0.30462069609929865,-0.23757481761147925,-29.336466547012904,-4.505035102557383,-9.279527437560803,26.288621490916647,-7.961673302800944,43.97450558756291,6.217855703380934E9
7,29,2.6419731598932135,1.207268744495848,-3.6208524880944832,34.03761742237742,-3.893040247164919,0.5867460294793476,-34.03067455021974,8.12442995117851,36.28434389785009,-1.260106288989053E10
7,30,1.0891241391008475,2.2986893328260734,-3.7587240405524125,-34.3964336689188,-2.4438452118464875,0.15852501663899865,31.0825280299428,-10.02464489224622,54.39684360852493,2.5537225837821644E10
7,31,0.23511093401229244,2.006239875351886,-4.523742536910373,39.138348430943886,-1.3761409669124332,3.72294412708638,-38.89408374741312,7.716731454679745,45.73231272360337,-5.175356314487107E10
7,32,0.758980944229737,2.4466504334180215,-5.298056651724973,-38.19738334327097,0.12675779075947763,5.663058660682005,35.44963197212247,-11.51769969248662,63.53660870777651,1.0488340870991638E11
7,33,1.455167567785589,2.7890506532339687,-5.807369205622393,42.39058673787182,2.023931273513001,9.805998660665024,-41.05904236296934,7.753615414490127,50.93872308985809,-2.1255598178607086E11
7,34,0.42416085788988633,0.47732881417539375,-2.9551280548607894,-42.219495692025674,1.2508121705142154,5.720193040112464,39.14578319020577,-11.4019867128493,66.93527832273237,4.30764464412847E11
7,35,0.9724972411731143,0.548437585060241,1.2968896450740108,46.164466170454155,0.6102818663683276,0.4577950790458155,-43.41826552197713,10.19627104267221,51.53997259767044,-8.729842474968014E11
7,36,0.02429065244483397,0.04828943701400684,1.028949986541748,-47.42523263061723,1.2378706340740853,0.20972059738112248,44.263196837794474,-11.938864054045528,68.84372657765812,1.769183763461465E12
7,37,1.3568820302615587,-0.48513668079066785,0.4495042329040175,51.87797303917809,0.5936482538141683,0.3337629859984377,-49.21920362023314,11.036113603451792,51.90533119563408,-3.585415427493815E12
7,38,0.7970315173140352,-1.1374983163771617,2.905398920308267,-53.931735401907765,-0.5831077358977584,-4.628201864676751,52.22105990690816,-14.391425838865333,75.07057508824467,7.266177800706348E12
7,39,1.3218733100314968,-0.5000554848391885,1.2081296893765745,58.46414821301447,-2.2647451297476806,-4.658367335863863,-56.48480831213827,13.56540680996532,58.34149857123471,-1.472558505403991E13
7,40,1.1162241628835876,-1.1716228217769422,1.1761679730095769,-61.59177592527873,-4.47660644875864,-9.425564199327972,57.78443576991722,-16.385803669099722,89.42950543752453,2.9842767563629605E13
7,41,1.5784570227923092,-1.9847492589099751,3.3009534190443928,64.34810739022463,-5.461484649392259,-11.782680012225704,-61.725432464465236,12.847880661299264,78.99694180248213,-6.047914378880927E13
7,42,-0.42004734807329225,-1.5945109345146897,2.063360401168172,-66.39902132865346,-6.95649001012803,-14.2662172280999,63.64442719587024,-17.759543504766658,115.23415190360639,1.2256660933414753E14
7,43,3.0570190760195457,-0.07042769660862802,0.8959434463895644,73.59805887869199,-6.578765904061156,-11.701597856871496,-71.24199441714654,15.945682853554535,101.19553059144266,-2.483926322788709E14
7,44,-0.6372303794523753,-0.6990486784442382,1.8532410244524447,-77.72157593460729,-8.036740043662533,-14.195665171540465,72.96156976303472,-21.715720310872108,147.97657594488345,5.033907693586249E14
7,45,2.040502101882453,1.4140848981610328,-2.659963525343515,84.26951572462114,-6.62923241205619,-5.701303504533631,-80.44899675216486,16.627742945475834,135.8251856119914,-1.0201682084958295E15
7,46,1.7606291565918468,2.4514926280706426,-4.942658554290038,-85.62750966306785,-4.631010912887519,-1.4874612460754,79.4586929142548,-21.44631571823173,177.51980192051232,2.0674657482326188E15
7,47,2.7533285967773615,0.5824925686736249,-0.42348742983536836,93.43855172639995,-3.763747452101461,-6.258161572827161,-91.98800169010143,21.932956734959692,154.27795320695193,-4.189911609201753E15
7,48,-0.5662562230969308,-0.19350429810540834,0.1497811389332107,-96.45762914144174,-4.438634698524602,-6.807474429492414,90.03816005811453,-24.54442304254788,201.62803841470713,8.491245529910285E15
7,49,2.315457994450388,0.256906915963748,-0.7752427454557965,105.54347376137667,-4.178089228044278,-5.182329765554046,-101.92796146547903,24.376448530750427,176.02812213056617,-1.7208298736153686E16
8,0,-0.5157675155277316,-1.2335741675920584,-0.6952229492517034,-0.5754110146144623,-0.5589454014135945,-2.2714494319764693,-1.3456099822381378,1.5215190237019107,-3.1463680395851226,-0.6073940554122461
8,1,2.3615759479190714,-0.7384810397447494,0.8366224493481678,0.3067157837348612,-3.0555468090545306,-5.166317571429483,0.13258550955176995,-0.18646809633230627,0.6516836495105829,3.1244117975269434
8,2,0.18047428967260778,-0.9568590053439466,1.808253974233986,0.2054504802346221,-3.5795211438068595,-8.8790120193997,-0.8677832879250195,-2.438055614943085,8.38144428609842,-8.027659278541504
8,3,0.9062032604892233,-0.48785865196881245,0.8493716827633522,0.1959854692256185,-1.841294822876792,-3.6316937313568305,1.0827082614765406,-2.4262098262821237,13.749468986239835,12.690648989976609
8,4,0.2827059638715659,0.31240929188286637,-1.8951381937253298,0.7029002825551642,-2.4552459958700408,-1.7857537174581746,-0.5429487621739378,-2.1677499822828907,18.926797770161734,-33.70588229584559
8,5,1.0574083572513036,-0.9382294840485385,2.486088573785598,0.5537896385760324,-2.695750245876515,-6.39457016740756,1.234302352447201,-1.765413474028375,24.15597314613774,58.78333776950006
8,6,1.1981421640928602,-0.7812036405254996,2.3181926950799383,-0.755594004799781,-2.682232270999111,-6.371904343303643,2.101710015228009,-2.3443705732540248,31.543376522404575,-132.21471297763117
8,7,1.4443276347033531,-0.4742575437129518,1.7191912056788592,2.585654541048478,-3.5283117010433593,-7.947505040175111,-2.362000081072071,-1.2914454486236457,37.95049230717582,248.3230943536285
8,8,1.049493744773065,0.6977521401104946,-0.34369423624200635,-2.196141158022974,-3.2826524029129818,-4.363021384799067,1.9962989556746344,-3.38917532854592,47.165696506369706,-522.1880566417708
8,9,0.3024169567948658,-0.48298418302116597,0.43707374719720854,3.991798195601111,-4.202608954814241,-6.8330227249753825,-4.304566578608881,-2.238387310456768,57.06533332314291,1026.633117791427
8,10,3.2830582570166156,0.08327049810217606,-0.09104613940575912,-4.495498127559367,-4.685266023157111,-7.733553772623108,4.548870041141099,-4.618151702449617,70.51896467090407,-2110.441011359384
8,11,-0.9467528581064545,-0.23597718201868317,-0.09390389632174567,5.169895662917776,-4.054217866595205,-6.195027011421332,-6.079125254642877,-2.7449445429316937,82.96451686488422,4230.560910485204
8,12,2.7429504242995004,1.016158171968567,-1.2393568302543132,-3.0938557540304705,-3.7470129864696746,-5.4317784402721205,1.6475114818682108,-4.077264289837608,94.57356444576526,-8618.02058848284
8,13,0.6089489323764874,-0.3841722454000194,0.576622675601796,4.053463876143112,-4.227364661320553,-6.669100090206682,-4.532672151439464,-2.9475669020808635,105.65812422110697,17408.194101075274
8,14,0.7858257332892025,-1.3502798703608725,2.0750010364519538,-3.7340094642728707,-6.291001450426456,-13.11413209361923,2.680380901543394,-4.654826454749831,122.36450656141197,-35336.087648121815
8,15,1.5449375067433786,-0.6705457539142281,1.0743082069730017,5.9719611513916,-7.081154967386173,-13.258911650984565,-6.964204193544226,-0.7842747632196705,135.76320789496108,71537.3600196675
8,16,-0.3465089372629423,-0.7991129132214047,1.2373590276233288,-5.205156322229507,-7.510211220177206,-13.823177154096168,4.353216961389797,-2.2872298481816244,152.49074121356648,-145046.9131938387
8,17,2.212041642936984,0.12297812079059633,0.3351450990691142,5.882651665761676,-7.521244695716024,-13.501098558400544,-6.777788125387554,-0.048139706166902996,166.30569677712026,293860.2696389135
8,18,0.25728261837968297,0.08366135558068868,-1.2743472095501243,-5.130058027750613,-7.985517662927334,-11.11745007449986,4.3790305486171786,-4.18643607740578,189.01487616746397,-595623.9400383984
8,19,1.1497746988401083,-0.7217492028513165,-1.3016296420003173,5.69989017278614,-7.236737464773938,-11.676151100552932,-5.041137772315871,-1.5093285466933437,205.4287973459777,1206976.469407435
8,20,1.2381077695634195,-1.5157760065439088,3.3200442061750883,-7.235599456999699,-7.641397407053722,-16.04309773515367,8.1140199446476,-5.515798383844381,229.6407371873681,-2446156.620143259
8,21,-0.045139011733080436,-1.2422361642652058,1.6322395322595267,7.739689593953091,-7.171057258565386,-14.261235142412735,-5.921983662922746,-0.3522136471739148,245.8781198342713,4957230.082848846
8,22,1.7005976499961408,-0.5884418635210699,1.2265796131716615,-5.850496766899717,-9.060949087984653,-16.986617792173693,5.438465004031904,-4.518227041983627,271.5894042721078,-1.0046417455619536E7
8,23,0.8691252223627428,-0.5831812438883867,0.027385854679922605,7.539171388484431,-8.774784571576458,-12.085369598265949,-7.320292090285202,-1.1162334367723283,293.8105330141586,2.035983999321082E7
8,24,0.969663825456615,0.18278499558871414,-0.45798962158008294,-7.280012390745165,-8.66356508995329,-13.196465275212155,7.082919088169257,-3.809834590628398,319.4322538230634,-4.12612636246724E7
8,25,0.9046271200053816,-0.3148519357701145,-0.7213958795574882,8.55122134983515,-9.678920261705791,-12.590971449463881,-7.059988075094186,0.446235493971331,341.2674321357865,8.361960182646605E7
8,26,2.377396598623517,-0.1558803335534265,0.1585446003971425,-7.755573685357443,-10.539126645983133,-18.29692107824763,7.566643175565802,-4.7857039455507815,372.43014410089023,-1.6946308117304647E8
8,27,-0.1184398375692772,-0.06928147239233753,-0.19036505593871367,8.849350542426675,-10.37446446352185,-17.285726556546418,-8.870706717743396,-0.8927383146339338,398.76790421879633,3.4343247872641486E8
8,28,1.1847516906033122,1.62342471241523,-2.637746368348869,-6.423744982520528,-9.149819957678433,-9.790906893638592,4.493131094198149,-2.4858213387845747,426.3209122066838,-6.959980673215026E8
8,29,0.850919378081402,1.746585671195785,-3.7292390122270964,8.985527849168829,-7.604865795077349,-7.435705259730781,-9.55206467302253,0.876535911696963,447.47055585758613,1.4105045679678507E9
8,30,1.6008067005430557,1.9275034518681096,-5.274247369164437,-6.671666978911104,-5.911769928689979,-4.13045779372259,4.345301605706641,-2.937375229922162,473.2762160483016,-2.858518919641673E9
8,31,0.056204288343144726,1.4930370961253332,-3.8224252680715325,8.758578054947016,-5.739560679265884,-3.636529939329484,-9.343565209913725,0.09899168448716393,496.0047865594606,5.793054159938205E9
8,32,2.201752329569409,0.5294567442102428,-0.9254933467034807,-5.012216639985255,-5.10639562317524,-5.64397592567441,3.418843415650968,-3.6043794421125948,521.7793556289429,-1.1740163262586775E10
8,33,1.5775489648168892,1.8898264842032377,-3.117916964767029,8.922474772717145,-3.0845277237501962,0.37942382263673324,-10.819002112341218,0.3468345484358154,541.6346482165236,2.3792532371731064E10
8,34,0.29421504461893944,0.2809223041275287,0.06741036930136568,-8.213028481958302,-4.304778188993178,-6.645826634649183,5.8913677075001365,-2.6995660495361142,567.9363572086983,-4.8217779797209755E10
8,35,2.5512193052770273,1.547754696522665,-2.783233193021982,9.963570205831836,-2.1974544931727156,-0.434607144677232,-9.965050608172302,-0.13703380073534677,587.4822785711169,9.771781460201282E10
8,36,0.08759778541990305,0.7861026129113337,-1.12243563942568,-9.021138938810049,-2.1012117723985284,-3.3887528699363143,8.608502681364266,-4.4987507066909735,615.1643031569437,-1.9803423917506268E11
8,37,0.4463210519720351,0.6639062047945665,-1.9721776019558162,11.195174206540344,-1.6537703266342954,-0.14345410525697436,-10.215288131437854,1.1865924132903907,634.1011336331678,4.01334802152375E11
8,38,2.476789193026752,-0.2814953269675913,0.12868558010744394,-10.92574339503978,-1.3571231022663168,-1.1914731875050641,10.210054319150608,-2.9138636427526596,659.0736224091738,-8.133423002725292E11
8,39,-0.1248660476632695,0.8346790626967684,-2.3286246783715985,13.191566349679526,-1.3316680435349644,-1.3724229709692204,-14.008325840648892,2.573016823474549,677.9822912064571,1.6483138104278613E12
8,40,2.9171221008263717,1.5021839949786862,-3.4468724628757132,-10.602465705081329,1.3405788655785342,5.6013669357034015,8.180648799939501,-2.3695947976287535,699.5781336439625,-3.3404612272560283E12
8,41,-1.880208352471802,0.018814708129719082,0.2506252830344337,11.916334240857225,0.6181456157349619,1.8257464718365337,-10.606039678962563,0.8015373900493387,721.7253813252909,6.769755333222635E12
8,42,1.7507236384003306,0.24989273565134965,-0.34386861889389664,-11.917041580614145,-0.45073647862532906,-0.08723784464296402,12.161538651058848,-6.024565995341983,752.4802724994711,-1.3719538757610807E13
8,43,1.1273409717404768,-1.2183974417608034,3.595781372893109,12.653933159677845,-2.5732023556787347,-9.46608333755575,-11.75534107867074,-0.6177591244502258,779.3902376915462,2.780392118305681E13
8,44,-0.08556492042005648,-1.797908802210351,3.5449301604767887,-13.251493881681068,-4.437578029564226,-10.715038945915461,14.853631642698616,-6.583184572439883,820.538774557367,-5.6347231990011945E13
8,45,2.820222910855221,-0.34998132923486974,1.4776272618814454,15.369533091165035,-4.857518483709102,-7.837983184229877,-14.10452163455897,0.3558768555488805,850.7391117312304,1.1419290581340478E14
8,46,0.1900155833633484,-0.7068616749212124,0.8336443558945519,-15.290036234971373,-5.836346699160641,-10.202403644931351,15.02910337708805,-6.185309707514364,894.866683715287,-2.3142254335578828E14
8,47,2.5461362931802896,-1.2315679664934005,1.313853353276232,16.90481457215487,-7.453161844480334,-13.91575028937652,-16.216740616830226,1.3762850386684304,930.7293679438859,4.6899930596926244E14
8,48,-2.196239991055659,-1.1220887595842066,2.300429331861047,-16.95584915926666,-7.372935289422194,-13.80526935032546,15.80127188464863,-6.727753819903234,980.5993126017892,-9.504707095964925E14
8,49,3.0651994508077904,-1.726042567372391,4.1013966361359735,17.989911028006667,-8.109299939687501,-17.32104262867607,-16.83078356420565,2.120135229433216,1018.3326589017273,1.9262172849768395E15
9,0,-3.1520446863262634,-4.270310889572076,4.087593189260961,4.393489068250108,3.668777648345892,-7.678342675943977,4.994596610877119,3.2310680834076795,-0.19328600809392804,-7.603893966018584
9,1,4.207145008950654,-1.2832339897079241,2.204074791059888,-5.4312723217888355,2.8900798800639462,3.4629095780800085,10.178251786734535,-2.1667144934874765,-3.2962671593418795,23.628008948158687
9,2,-0.98277472968076,-3.306355083210343,6.409403076304655,3.9645223075368174,-0.4750213797128843,-7.944099351454718,0.05530063652509082,0.3168059705863333,-1.935808881666817,-50.82001163781498
9,3,1.3388804836361292,-0.9945572542146897,2.795232242105831,-3.6772453677672243,-0.6726338489805661,-2.832202127369631,6.748960895398936,-2.432138289882983,2.4705511238465085,109.4298880529395
9,4,1.698841332943466,0.49469361504537435,-1.570650483881098,3.276390970066793,-0.16609136913402867,1.8149189442655476,-0.5033380840508666,-0.7032649582814483,2.9028826842404793,-225.84809971764216
9,5,0.33322336128308894,1.3284311599234262,-2.0519077207705205,-1.8554578876033523,0.9144461528216344,2.0120327527493878,3.233757651664632,-3.6606528485937178,6.907405309728258,456.47203863044086
9,6,0.5878814490925582,0.9705803042088925,-2.7441512080849852,2.3722849591979474,1.881787435408877,8.344438147002176,-1.1522930025401317,-2.023647183830894,5.980800560854631,-929.5632538220688
9,7,0.88461447972764,0.4135709988797168,-2.204357552215503,-0.9116881634073848,1.851092258627617,7.927927565111885,1.5744537005248465,-0.7363022958530934,3.7165832700797092,1882.1626916271437
9,8,2.3098857191523026,1.005904107484639,-2.033376435899108,3.148663347588119,1.7485642236391628,2.705103277839177,-2.2041550637669793,-1.4617466331799611,3.5558938827652122,-3820.710460337661
9,9,0.33596056787369255,0.9585637826513396,-1.3879166746463332,-0.20312477691728015,0.5337981589537713,3.890052750664073,-0.9191217417513701,-2.1289379048782173,4.819638319197526,7741.335466905876
9,10,0.05911679994778596,-0.07722334858193503,-0.06972332826179639,-0.7555836380456038,-1.186583434184243,-2.64345366163921,0.5586767891540894,-2.6322658053363868,10.146112361525617,-15690.344249980499
9,11,1.44340665744319,-1.6933424867251112,3.40579631218725,1.275114246897257,-2.0726021456114854,-9.048205045676074,-0.2679150619953258,-3.3702931190899017,16.71310823437615,31790.129129203062
9,12,1.244469167460955,-2.262119119195078,3.8453228359839726,-1.492807921601516,-3.924084744154652,-9.360244901266375,3.45993832214263,-3.6763206522384753,26.224868370758944,-64434.76062999367
9,13,1.4217065456569915,-1.9931153943795095,2.400929361595252,1.7900210256061282,-5.58526109996497,-11.796796918570607,0.6025650260096442,-1.7832057969796193,36.743697694378724,130566.68866960639
9,14,0.4179227501908188,-0.007233094562355991,-0.660565889758721,-1.2550653879676843,-7.106188698915048,-10.922810688340789,3.0960444391203636,-3.3662507647683797,51.87907472035675,-264627.4086273721
9,15,-0.14049909365947189,-0.21085419106792744,-0.562157854477097,2.4416287091759883,-6.5884018039941,-8.723339063340877,-1.7491045870714443,-1.3896403844495757,63.336710503628105,536260.1689896533
9,16,1.6451927212243893,0.29824027198354663,-1.467192495691438,-1.5726473858766266,-7.212705081152982,-9.524017741392182,1.477942687345836,-1.4982375539177935,74.80636320483687,-1086813.5975346104
9,17,1.912674203647733,0.297785760119368,-0.5160366704266972,4.077645547883947,-6.9010761294951335,-10.285192027321314,-5.247285401885962,0.10808390083474773,85.28885774568624,2202483.8449085504
9,18,1.8778102580202234,0.9477663983320299,-2.1668571274872095,-3.8842886002529635,-5.296042518353697,-6.957282017851806,2.903329906344697,-2.1400726945204593,95.95837526144436,-4463579.460973954
9,19,0.8102603584892187,-0.4456935851817241,1.0987661099890165,3.6981075866067044,-6.274729198534139,-11.999249574206775,-3.2588804672228617,-2.0414198265392787,110.30019648529509,9045800.000834515
9,20,0.24805549446052932,-0.4724721481766281,1.5059430480873042,-2.737637185184814,-6.126801527074254,-11.591065763317419,1.9484339684455096,-2.581263899306805,124.46441009075167,-1.8332213763351377E7
9,21,1.2940312094126476,0.20363678186629217,-0.24968126415805553,4.159471419027575,-4.843174640826551,-7.261841667863389,-3.3609084150397788,-1.3760880311284984,136.51678258095578,3.715186362207915E7
9,22,-0.0029947619280525917,-0.19488873653523853,-0.0244826001449307,-2.3104179910837654,-4.241041736460242,-6.150119072121896,1.0880045548866972,-3.31304392194303,151.60468230573304,-7.529178010077156E7
9,23,1.6400357444433797,-1.5980153056263193,2.624173414514457,2.241651593757754,-4.450452146083672,-10.032776592255297,-1.9403000494482747,-1.364136128911809,164.46850418505758,1.5258570811831567E8
9,24,1.4704974903027965,-0.934520297669383,2.5563739290808023,-2.3464354893999886,-5.650208993127583,-12.484025954827025,1.922487510353204,-2.8668948312448856,182.22723031442845,-3.0922921584569806E8
9,25,0.6854444042764065,0.3031523823724479,-0.011981467815359137,3.922660298350914,-6.7986572878898945,-8.924467755609285,-5.340096825166739,-0.6241130937568207,197.07811720189034,6.26681660046864E8
9,26,0.3015548876399907,1.3687027068540232,-1.4602645905539293,-2.8110368736260423,-6.076661678354558,-6.921841130826733,2.1114997613704793,-2.396718568539807,212.82620827702678,-1.2700287688672898E9
9,27,-0.25914076881991965,1.3418884414308643,-3.9480041370174543,4.651818125946017,-5.325855719496996,-3.7380380242236444,-4.782100008884777,-1.4685801327210255,229.30836355380748,2.5738312882776475E9
9,28,1.5039085212487031,-0.44084938421965214,-0.4884674274588494,-4.548615678505216,-6.114772369185949,-9.189723816714249,4.930739030229365,-4.359494044372309,250.03639647158593,-5.2161085876559925E9
9,29,0.2473043894428386,0.6224608126558813,-1.2314969080974991,5.424207784750709,-6.238788470402521,-8.034285454996889,-4.666822523471742,-1.231106504582757,268.0602636243783,1.0570928998281845E10
9,30,2.3746238338968935,0.6217982126017628,-1.038894065997931,-4.821144798431408,-6.304646328580462,-8.577032046605618,3.824156259049373,-4.034628571751637,290.80316547648374,-2.1422970833034718E10
9,31,-0.1330742808507575,1.7168109100738005,-3.08968455778639,7.731806111826166,-5.112925787842391,-4.522509605408907,-8.988866749544048,0.7184499974312515,305.7425913530249,4.341564252130524E10
9,32,2.076703536061026,2.5670833868127225,-4.251917914459137,-5.315229469916112,-3.337148943166581,-0.029482908854159384,2.359444121663942,-3.0899806757374493,323.7035456331707,-8.798583730507193E10
9,33,1.3688036144951947,0.05462904814909031,-0.34258204497935796,8.433308651891807,-3.573806390383338,-5.850342423329668,-9.275395981620985,-0.5782376826075379,338.04491218517484,1.7831148162994257E11
9,34,0.08228921736597183,-0.7812745445282783,0.8041272901013955,-7.842699645988911,-4.8764860751462615,-8.266113987175757,7.34732747465862,-4.277080140695041,362.7747304753482,-3.613648003315566E11
9,35,1.99584838699858,-0.9238876972707663,2.303370409283778,8.506117999785612,-5.63686997510575,-10.899988045388104,-7.730144089121204,-0.2606936823310219,380.88392888757517,7.323393739103312E11
9,36,0.7068485365075878,-1.7054638317258766,3.4870020261166834,-8.159368316868704,-7.210304826067802,-15.472667617758868,8.005295059288729,-2.6548042359619224,406.3942181554087,-1.4841538476085564E12
9,37,1.0450464116508564,1.016325712234254,-0.04169871367969913,11.773668472281495,-6.662360699126922,-9.098687984490587,-11.443380063946616,0.3980256927728232,427.4672724803283,3.007775795449149E12
9,38,2.140368292033953,0.43888694425988617,-0.29950983609351767,-9.901669034818683,-6.584372091691197,-11.3162496109551,9.30844795938293,-4.020728315291948,455.6620045960633,-6.095537367166343E12
9,39,1.5661890282275404,0.26695887634562515,0.241621537422696,12.550352900799188,-4.269052301559498,-5.873058769904786,-13.385097785966805,1.7301184747205869,472.2949939576882,1.2353173347760436E13
9,40,0.5582528770789955,-0.5853802820228131,2.1168450613554874,-12.456465531303252,-4.789465455107355,-8.557214930372576,11.104416324885493,-3.13796240938301,498.7277951758732,-2.503485461126179E13
9,41,1.3731191930272573,-0.9753414416548274,2.651891393017584,14.944476538766525,-6.001464724412389,-11.502618107514278,-14.653439411943472,3.4808138586632014,515.1030804039503,5.073546106361325E13
9,42,0.26608029761582186,-0.6509267543562076,1.1630275252470517,-15.232733196598453,-6.473464831726863,-10.689517593920591,14.172478914139361,-4.505971217530834,545.5088590055227,-1.0282013014769253E14
9,43,0.9447758974769949,-0.44713371761026954,0.5626744049954215,18.41106798272266,-7.267377599947741,-12.233067666071923,-17.58541569742856,2.717080873845894,569.7737293785935,2.0837455582180844E14
9,44,0.4376431024346952,-0.3221357788095246,0.6863883674462965,-19.010775389833118,-8.011798666984573,-12.973056070663388,16.360232065168905,-6.247757405591445,607.4098844404924,-4.222904158131581E14
9,45,1.8841025748091953,-0.2502767166664054,0.2750954368611997,22.031209656802414,-7.686811636556987,-11.309117622644612,-21.327706002552013,2.521338676067593,632.9720448584634,8.558107998557734E14
9,46,-0.9644737524813469,0.17990470384575885,-0.6431297629103274,-22.666324099417107,-7.3978148454557315,-10.59474780607473,20.95250569060425,-7.123559539922189,672.8842488040394,-1.7343801746953978E15
9,47,2.0286245306528374,-0.14386133410197322,0.3326287102788642,24.16928624886039,-8.118470808550484,-11.889050309932374,-23.84575561535616,4.752298568655886,697.8792854712221,3.514882718099005E15
9,48,-0.7510529397821801,-0.989350028649537,1.7165319793078262,-24.77763680774201,-8.12623504558407,-15.91064273871945,23.325282077866806,-6.518033678490519,740.9707238266591,-7.123236705679484E15
9,49,1.8142447686223855,0.7649020511746406,-1.2163731679565806,27.22911200162394,-7.775620332357981,-11.911016286619349,-26.511596629894314,4.191143323323304,767.4040616147739,1.4435901631613482E16
10,0,1.8554466867030526,1.5159375924906522,-0.6964576147575416,-2.2209960930813732,-2.621143322692767,3.1115230145977844,-4.48751567366301,0.9638040774074138,-3.7986428154210046,2.640481583275232
0,0,-1.2960042241242007,0.8531292336943976,0.987270840530002,-0.7306374369341775,-1.474898071669144,1.4779500593438009,-2.3405504543622944,0.7707632202957665,-2.5755931597792188,1.7458661216256055
0,1,2.427921724382136,0.21849592696516795,0.8377943663883918,1.9550289757968429,-0.6358839062277026,-1.2510437772469527,-3.312196164116819,-0.703263158638401,-1.9155484221655266,-2.510436618203932
0,2,-1.9527932793894105,-1.0059953190148818,1.5354653283196174,-1.7729719871503384,-0.8873632156434582,-1.641661178087242,1.1539023909860886,-1.907615399073848,1.7502739449533389,8.189492953856636
0,3,2.629388505448171,-2.0315235074871367,2.3783059878991386,1.322114053837708,-2.4781517727499747,-5.970646036851413,-0.04072984861775897,-0.7368174776429842,3.9377263299082967,-17.66985240041242
0,4,1.2283289015602346,-1.327312652882612,2.3809030189628806,-1.3895189111308202,-2.4377791848972654,-3.6428422366963966,2.690105309574414,-2.4380622960446314,11.010954855236436,32.57262754566182
0,5,-1.1949671984139933,-0.5486034051058434,1.0812989225327132,3.671784391138597,-3.416013010862727,-5.047165942233695,-3.7977396494332245,-1.647757255006493,18.596927916119963,-79.63400782562827
0,6,2.191396930123852,3.187379373517702,-5.015081472062051,0.019609160752198984,-2.915667383019514,2.120368366012113,-1.2485878386798723,-2.9303609293638053,25.48386870206437,153.5381328245745
0,7,0.23044329868737304,0.2916516238237492,-1.0488287911740695,1.9297223141186859,-3.7536839671893265,-7.438760778656857,-1.8987304239989586,-1.9279022100106726,34.692602777847156,-328.37654367762167
0,8,0.34601509945771736,-0.16281715860312654,-0.636688094563409,-0.23416456155594223,-5.208222836025691,-4.940598755522748,-1.536056272068779,-1.722970043536328,44.303032260670875,646.8953788725636
0,9,0.2441486332146905,-0.4312977992757719,-0.22359492785023172,1.4958688166432803,-4.749393687779356,-7.585599285689652,-2.1521057084758475,-0.637520018040851,53.29034093619954,-1337.0421720074821
0,10,2.6752779929719193,1.0375693997148552,-2.24237925885994,0.2097711629155954,-4.067711996851776,-5.156846757548397,-1.6469419379136438,-2.4025389389049434,63.164682246392395,2678.7468429578557
0,11,0.6158923779019387,1.7178100725891974,-3.753337740643638,3.2209755953636217,-3.6415006177977745,-1.677944321577241,-4.126418103923123,-2.7757551185088927,72.53476890527614,-5468.510611803239
0,12,0.14202420876062982,0.45049680129578495,-0.6491377434928512,-1.584569609103101,-3.3921532903521108,-5.311481096993681,-0.7536390627875018,-2.4948568121522587,82.42575948280452,11045.120593210488
0,13,1.8738057894402833,2.0917608218560892,-4.055318915568487,4.550787380254148,-2.9438075508660875,-1.080753838388182,-6.640728426683612,-0.6999512978179944,89.13236525507996,-22433.939882004743
0,14,1.7192566353490464,-0.3269048932471732,0.6378228593190787,-4.177435674555711,-4.336104671730249,-7.391275293851625,3.1058201360065536,-2.335105674359892,101.97795830018497,45420.24377887172
0,15,-0.3890677948118785,-0.7831227507832377,1.7003631596269586,5.856046106364339,-3.4939847526316226,-7.18657261413493,-7.270314421313625,0.9841494900253352,107.47304763693721,-92108.3649475972
0,16,0.5141437748735389,-1.5850407217362168,1.8812314600808047,-6.577141712698112,-4.95878913455223,-10.415641881316917,7.156112625612524,-3.217891161465163,121.85435003930621,186613.60814181028
0,17,-0.026561138532206208,-1.582091067924454,3.1773220286053947,5.942304526720745,-6.356969399784924,-13.713605873553993,-2.9927621063528163,-1.6745733963587277,134.7247308058856,-378263.255168705
0,18,1.9974486557895859,-1.0550379938479557,2.4218338031054825,-5.450051344412639,-7.127910052159317,-14.712217288372399,7.107770364262434,-4.205305940149138,153.39478490223388,766516.8811014683
0,19,0.7427038122120078,-0.22445752648449246,0.8107182360637271,7.506751583456897,-6.002343322438028,-10.507299422236443,-6.602639319269776,-2.878057867937521,171.67234948619398,-1553513.1350933656
0,20,1.769444221120286,-1.3447602027424943,2.11616640060925,-7.772290042660067,-7.518858623813017,-13.824307142199485,8.872989591463266,-5.672423200654669,195.52373586330526,3148250.2628405467
0,21,0.39448557811701435,-0.5795075368399147,1.6477158096826958,9.597749207311857,-8.284852154126778,-14.204906849793376,-8.627599090576894,-0.3530051012547101,212.0175022167985,-6380339.431641965
0,22,1.713630181426924,-1.3566914363120472,3.336548403348398,-9.79035511903187,-10.516349274398406,-21.770780596482467,10.3904405604573,-4.033996335580774,238.71119506783256,1.2930243868799856E7
0,23,0.682691058228425,-1.1018839680322423,2.9267750913404456,10.16337272883821,-11.198965318398512,-22.06603069372437,-8.775482247308052,-1.7476177527615577,261.52967883792235,-2.620448506226809E7
0,24,-0.09156215165487991,0.39437381212324807,-0.5430262557088619,-8.839976824992934,-9.921068104744503,-14.83087983517646,8.219586818003043,-5.728628352759383,291.5435536566017,5.310568960486102E7
0,25,0.21664277406595644,0.4347978303405262,0.41612475630245105,9.785214281141313,-9.745299898335938,-17.31424439588532,-9.431789004900635,-2.6940044607405595,317.9232985713958,-1.0762379184179966E8
0,26,2.3959721285067475,1.6576729973141082,-2.8047531466849707,-7.200785937295973,-9.431222375648963,-10.85911144715214,6.441433331146289,-5.5833383013128115,347.08058366245956,2.1810945454961908E8
0,27,0.4115374506358457,2.1784040974704224,-3.295093437889851,10.242713091818615,-7.534662797995011,-7.161567382188345,-10.004712127633958,-2.042080475443548,369.9319677444957,-4.420192958081027E8
0,28,0.6664797344128176,0.23643464252933954,-0.6082907143022727,-8.572139908903296,-6.978397827772211,-10.396545151213962,6.808976120483862,-5.255789862613095,398.5559824758303,8.957930155333979E8
0,29,1.9257584552106803,-0.004013249014172937,-0.9275069063267987,10.115824549138862,-6.739586706448416,-10.967700012977799,-9.858341529381658,1.1242013061905343,417.9142178457894,-1.8154080808408766E9
0,30,0.6170539373977102,0.4420541796904388,-1.2758767617409745,-9.353357132174056,-6.677625681677204,-8.13441741075102,9.193487731707647,-3.9348210950179965,446.91766594320507,3.6790930853579154E9
0,31,1.9539852915700298,0.03852813582704129,0.35750151159109445,9.550786622451819,-6.62391252105422,-10.967780334685008,-8.929950036686,0.6926770405036226,467.09693224456765,-7.456024540684634E9
0,32,-0.9260793695076037,-0.9936079369738867,2.29694064234169,-10.10882630383073,-7.972133166447031,-13.773965072905204,9.744816733994755,-3.180604594072484,497.57524534753986,1.511032688263163E10
0,33,3.2777212181441806,0.14841694037724557,-1.235673057582055,12.325737570517946,-8.959794061425857,-12.40703209904568,-11.2184561885208,-0.5151122330898741,524.7090068765896,-3.0622482945092083E10
0,34,-1.5127866575920799,-1.3672630000050234,2.2731035547085345,-12.855353290711685,-9.059696066954546,-16.86244627716362,12.771627196666783,-5.587421977344747,562.7267906074774,6.2059309246566284E10
0,35,3.387464681824639,-1.2942198490484422,2.775322969418159,13.262338518832525,-9.365791801239347,-17.548330278651893,-11.087800919787417,0.6590461311777723,590.0299001779308,-1.2576896190724132E11
0,36,-1.024495872684637,-0.45987987574668165,1.7306949564162861,-14.573554657417091,-9.447870963702131,-15.843247636614754,15.10929858850975,-7.798569243777923,632.2336068298321,2.5488249727048767E11
0,37,1.1174080519758476,1.1936981913932398,-0.5141472322767078,18.510757541894492,-8.193571182891958,-12.78629729599673,-17.06334620639957,-0.8056387505469218,664.249032332959,-5.16543084676844E11
0,38,2.4845425345319403,0.9597028537388351,-2.5528611526590996,-17.229509461417205,-7.897108757039264,-8.107977422379282,15.81733103270911,-7.378464373765913,706.575017626031,1.0468225982824463E12
0,39,-0.12360637977430977,-0.5505960225877103,1.3704444688707857,17.650683683227786,-8.783520709109146,-15.776034911756168,-16.08680970848972,1.0984059683560112,739.8775566705963,-2.1214833483489543E12
0,40,1.197666880635826,-1.5000023764993933,2.8290142132204883,-18.48475818349148,-11.341693989025398,-23.845795641934572,18.185450083949778,-7.589285499467225,789.7559674035863,4.2993832989841055E12
0,41,1.8771834534709737,-1.6508361656129575,3.9937116828383936,21.640728094881517,-13.47476720126463,-26.21731050491678,-19.827733853550544,2.43070281486571,828.0767065056386,-8.713100090370053E12
0,42,-0.5608697031495998,-0.7881508012189504,2.635248598499028,-22.21527025842473,-14.71615729448892,-27.558151192824283,21.313417869416387,-7.139166904620231,885.2523866613949,1.7657907634550234E13
0,43,1.8895951236382902,1.215828619236639,-3.0810230670414986,24.631729531486428,-13.448032408926897,-16.532849516857596,-23.551712833281208,3.834627720085197,924.4223554322265,-3.5785391973969516E13
0,44,0.9167291041232889,1.0289937554448056,-2.6055964148545607,-25.136909314813437,-13.15300865711545,-17.4387519468754,23.748434380925865,-10.136171194177905,987.2320413208159,7.252242480860522E13
0,45,0.6770434507663273,0.8074163847774254,-1.8025605433890481,29.092100924324626,-13.166062257647068,-19.01378980244047,-28.359068476222458,5.482452739618593,1026.6545363770963,-1.4697343832368722E14
0,46,0.9005739348000726,1.296940270142748,-3.200409382065687,-28.47996212415152,-12.244313840430488,-15.016770974558483,26.863846306815006,-8.669405784097595,1088.3817799260821,2.9785534101448106E14
0,47,-0.4326663128186532,0.9391317976504243,-3.4531522969022554,31.25999837187777,-10.216113795588894,-13.27143488002608,-30.221184678292346,4.026277974856125,1131.503352518698,-6.036315485503976E14
0,48,3.493767513778189,-1.2891974060198501,1.784158955768751,-33.11982944719384,-12.41060361574473,-22.177701950863156,31.06051539468815,-12.08738895649518,1201.5403515042033,1.223315469730263E15
0,49,1.0733891192239484,-1.1324839162239788,0.5877276204563411,36.07833475410423,-12.501258652123676,-18.8792185657573,-35.89269329847072,6.035659038183362,1247.2382420033064,-2.479162565436331E15
1,0,3.929276463486299,2.1045306411468596,1.3226809950957523,-1.614682764709034,-0.6687823796743271,-0.6525512688773186,-3.6189459415623,3.5580369544364348,-3.5699075389823456,2.040847749306168
1,1,-1.0752317220688974,1.7994760755853214,-3.066977941535593,2.496209849259717,0.39596862228273816,4.281894494133702,-4.4553399168047845,1.2595559455594565,-7.296457059972694,-2.9629363803556243
1,2,2.143319269230621,0.558893763119011,-0.8200613066528449,-1.4674011502030553,0.17193351471860496,1.333085560830208,0.5642342498234683,-1.3781158890955663,-7.470770263363373,13.203621516144095
1,3,1.2186853852673676,1.207600894850955,-2.6428043239661183,2.6147434700412058,0.04130320139693833,2.6045733027906492,-1.7596468410603123,-1.3071550746584195,-6.716645932319735,-24.914610031866165
1,4,-0.43998212188260477,1.1482137066072124,-0.7772528228806654,-1.4092203630332585,0.41851792053867654,2.499188381184628,0.47516856252610573,-2.713726568359303,-2.5156296147547708,55.80839539294307
1,5,2.1535782206164833,1.7173152277409605,-2.7865422658249637,2.8479072103086533,1.5764235987090336,7.6118709585549205,-3.974767157135539,-0.4107937890574672,-5.707874556636383,-111.93045416412367
1,6,0.5586028489732744,0.8333464166243967,-1.3022292748693742,-1.6023594810320354,1.7940536213209946,3.794028179411423,1.343863395562861,-1.0388236160534507,-7.988999694662541,233.1979678001551
1,7,2.4572443156887314,0.16835963124691322,-0.2371259990267402,1.6043743800046513,0.9101632079375523,0.4510033705067018,0.49052326699456605,-1.7991556957141992,-7.595401395640437,-468.53847008695107
1,8,-0.512492666398522,0.017929081278386466,-1.1448645968064706,-0.18160653543413008,1.0432805848399234,4.2420357776418145,-0.9769352893999881,-0.8404900908092848,-7.485319841560387,953.4453856220761
1,9,2.2591168655070724,0.9670324957981373,-2.7200918148055933,3.192679850953044,2.0142425292035084,6.788936801632459,-4.309804886941987,1.8849990534909815,-14.422093022693666,-1926.8961650063125
1,10,0.013730147540144705,1.1290629274973263,0.11955986953392017,-1.447334108334886,3.614742387644789,6.854258050991724,1.1764497306834394,0.26239915992636575,-19.815005413033298,3917.547572543745
1,11,1.2664132710462206,0.9686178697384469,-1.982384705084797,2.1327659193597617,4.673945966730486,10.330410895451944,-1.4061317496450139,-0.7803498062334899,-27.000040953434183,-7928.605017194425
1,12,2.40976447428027,1.3196980330767463,-1.719558242775887,0.26461607718210617,4.408171244313518,9.073214441493354,-0.34340740790421864,-1.0254861588952067,-33.879997117251875,16085.487702429786
1,13,-0.09794619576734895,-0.6830028069077523,1.1635179683144485,1.3337574805703385,4.0976647399613295,5.791998059895026,-2.0243810805261755,-0.9434995090645214,-40.644734936391295,-32576.87034085472
1,14,0.9271262427576348,-0.11290672357227324,-0.9648857886379901,-1.1870808626717988,3.4430509195942625,8.52690784107544,2.7428608656580913,-3.1388631262245945,-43.96099808769058,66043.88494714974
1,15,0.39857383027582927,0.8277018428236591,0.16089299863888984,2.51937341339286,4.577446817552532,7.953202622217637,-1.6847156241866814,-1.8120725838004392,-49.54234899377466,-133819.7182284008
1,16,1.7821916429631361,1.8649626516025575,-4.445951925167962,-1.2101044511637722,5.581927263228141,14.695362892157716,1.149877458332102,-3.5347810723977213,-53.04836488715299,271227.70345836045
1,17,0.7779984320403908,1.0605124862200823,-2.8199679781817863,4.038441115309203,4.586572388260524,10.103821884826017,-5.101010727185247,0.3116958925105511,-61.15800898422566,-549642.0662654082
1,18,0.3052490073031192,-0.8885345854469707,0.8406287405541184,-3.576348368019746,3.4695231239058124,6.107182977541381,3.34681959077196,-2.3308538659810223,-64.83888537318968,1113938.517459913
1,19,2.6615970279577303,-0.17990783564108018,0.24444400690458343,4.780299837146865,2.8333048118755184,3.138147942955689,-4.047717326306015,-1.7286745032185449,-69.97833729793366,-2257468.3819070715
1,20,-0.7427387119948861,-0.4072802653568751,0.43113990334197905,-3.485087057311432,2.0095442762855766,3.0455520230682382,2.501451555537718,-2.4643883485247913,-71.64806876721153,4575011.842671719
1,21,2.12206765349814,-1.3223938399852746,2.7596886160874714,3.8982206133905444,-0.03950790897717715,-3.0908420407674533,-4.4712946768536925,0.6235656470555296,-76.48744174674582,-9271650.695901595
1,22,2.504575027961252,-1.5758877545094745,4.373648893166805,-3.2176367215269552,-1.8210493974071125,-9.030033896607492,3.126491942920019,-0.051084590712047184,-75.70259032012227,1.8789908485306453E7
1,23,-0.8155187104392111,-2.105286593927632,4.140627509413261,3.2675462379220175,-3.1521993689140597,-11.016374543230416,-2.916546798195461,0.4826464967453965,-74.65119990486238,-3.8079458456096485E7
1,24,2.0125741381857476,-0.07456030756673271,0.10097989127740939,-3.1979700961759714,-3.3355151866391743,-3.9450042008285098,3.29110940753296,-0.9769192417484187,-72.37678580746751,7.717160914943355E7
1,25,-0.162257189726896,-1.1840043542589533,0.5941783677163761,2.9937707631143478,-4.596217364249248,-8.64206088830882,-2.7251437755697756,-0.6161254488766358,-67.97698918715237,-1.5639540679774967E8
1,26,0.7972799317662728,-1.6783892203246484,3.088531429312424,-2.3318397190478377,-6.255477821848637,-12.508818574822422,2.473062518391906,-2.328086112703045,-60.56646265323238,3.169498762323513E8
1,27,1.049183540724679,-2.141299597426677,4.840928472188765,2.410804714786645,-7.393495654537787,-17.990057085617345,-1.459352648629226,-0.39763543659886147,-52.55557322031866,-6.423283713616538E8
1,28,1.213020746453161,-0.8087293596856597,1.7247911512250587,-1.2627344164223318,-9.300851226165861,-15.696684596774238,2.6802775164027577,-2.037231888164189,-41.15824398091074,1.3017382094730003E9
1,29,0.052951833056765873,0.5034232664704908,-0.6561495630506073,2.3318412651462403,-9.04683256035902,-13.757777176147506,-1.7097239708902099,-2.3758022483049133,-26.74255730192846,-2.6380935238878856E9
1,30,0.018089824370079333,-0.35173945420171165,-0.3485663933324714,-2.2179794779967357,-8.407611813880525,-13.200367192102352,2.271892872414781,-3.204956996524612,-11.198359632396846,5.346341879518467E9
1,31,1.923444075108488,0.9029605799678126,-1.468130705918577,4.471211642785861,-7.786684053626344,-11.181223564290198,-5.128636660088962,-1.3119652994269986,-0.8656393909065647,-1.0834859018646772E10
1,32,-0.12608622680464499,-2.1833129170424255,3.621973868273928,-5.095574475428658,-9.850847485720557,-20.060757364423257,5.299879490631819,-2.4655467455095597,14.716350146528256,2.195784942824639E10
1,33,1.3287885416863647,-1.0342287753464576,1.7453242631368828,5.851900403539483,-11.117161671838344,-20.779406314479964,-3.9422105001074437,-0.9502882491021601,31.89003793472539,-4.4499623922173515E10
1,34,-0.2702913464654293,-0.8895247027350004,1.1216481940407461,-6.359652719406732,-11.808326069813136,-19.757914776044437,7.168954232864645,-2.4988734847733105,52.90986666528153,9.018262624519727E10
1,35,-0.6241290149574659,0.3395618948149335,-1.6567843023193403,8.28184594743617,-10.115257321237173,-12.533464957577296,-8.01720271695881,0.5849390104831192,65.80771749490859,-1.8276347893923447E11
1,36,2.443719717769864,-0.27083802021341263,0.5872828729131983,-7.769759062639216,-9.790151125459433,-15.574190072372136,8.075540698064149,-3.304104640526943,85.69810193607461,3.703871866983467E11
1,37,-0.8671944281905528,-0.6208721431951051,0.6647890290084039,9.381124584258737,-9.156448723300015,-16.448288035507215,-8.46192662936597,-0.032223330180751575,101.38706310877507,-7.506240792111492E11
1,38,2.5511839577171878,0.84699683356309,-0.9556057226271932,-6.985046679501634,-7.746244772766766,-10.441930658671215,4.656878377778538,-6.034030105192529,122.07612002654614,1.5212095030923965E12
1,39,-2.078841312180533,-0.1297211478918187,0.24950393790526532,9.051099301993231,-6.548027577685542,-9.930786714704851,-11.30049593493113,-0.19894114587886846,136.41636653331332,-3.082872527703795E12
1,40,3.502655924376297,0.7638787123759024,-2.2561003272964224,-7.3278380503656395,-6.3889720612564975,-7.8317094801011375,4.745452272634989,-5.125726578373258,154.64382530577788,6.247727878643353E12
1,41,-0.9705697445481143,0.992454709932352,-1.4298226677533388,9.932975748991236,-4.693140490666259,-5.515235455613818,-11.895486917738179,0.6606004580216027,164.48410768884654,-1.2661601573053406E13
1,42,1.6667709292369537,1.4941116429382282,-3.278289291701039,-8.495155356264641,-3.249157464945613,-0.3048395469009555,5.796015940369967,-4.19075075041837,179.34600671764136,2.565991309273654E13
1,43,1.3174672130946399,1.6938102064209923,-3.6667040680240155,10.122917088501257,-1.9003071764355774,0.3891308886342518,-11.263668637956988,-0.483245986190477,187.73287366672264,-5.200220020597194E13
1,44,0.16931493741471992,0.8694436767017499,-0.8782780716603031,-8.133525117309151,-2.68532744104,-4.191465229360789,6.356809796076384,-3.349568468471694,200.9624879167764,1.0538729482367102E14
1,45,0.5245642243952232,-1.443433054024048,1.2794965556715678,8.461827778450424,-2.5190588562353353,-7.497065555105955,-7.572883494502334,0.3152924526157013,210.0268663383858,-2.1357715377957875E14
1,46,1.076498401168712,-1.7223371147868507,3.6846963737559033,-8.698827245503454,-2.878178874036159,-8.716467070169756,8.31513959991979,-4.248708895164801,225.92205962778505,4.328339644059643E14
1,47,1.5492096237500195,0.4269892988859727,-2.0270723943209927,12.23007571133554,-3.440094263599123,-3.825490596739,-13.434228034677716,0.9575150885740928,236.33134511187228,-8.771782816096844E14
1,48,0.1794547559311035,0.5965776531085756,-2.4335169577299918,-9.949450351400397,-3.3319411822567604,-2.6497075653506683,8.101228397063593,-4.831777985734434,255.09942708765712,1.7776833636046902E15
1,49,1.7404323339681795,1.0473812823641562,-1.160345522610223,12.537276013360263,-2.131784696629563,-0.43146246225802143,-13.294594834008604,-0.5815175677142723,265.88487138401587,-3.6026406575389825E15
2,0,-3.932462903450306,-2.741384813778992,0.6912567900329798,1.4075931162293027,0.8484088398923744,-4.2837159111956655,3.1134343687519013,-0.536340843534874,-0.5334069691968049,-2.595056956318385
2,1,4.232371012249299,-1.724545205764579,3.2216588255532708,-1.5532657028842713,-0.19574192630046527,-3.073681629433235,3.860840335800443,-0.5291841183055372,-0.8070189621147891,9.70847729220395
2,2,-0.509909464041591,-2.6621263208981087,5.592800557501066,1.4309541259766458,-2.246342563964693,-11.365187013072678,-0.6279359522048733,0.8909562749935238,0.45053868527753665,-19.160221302368136
2,3,1.3831671042394031,-0.7568954554898613,1.9548138254455953,-1.500416699127621,-2.3991624081248646,-3.9897654109743037,1.909136998714486,-0.7195365383899075,4.688894261757611,43.61237115143901
2,4,0.9398163099500464,1.0684937072038823,-1.6280739494663128,4.332052213688138,-2.4877101979853107,-1.3804722251342925,-5.154162495253168,-0.9432593387335563,8.409703442635044,-95.21482343913445
2,5,1.3148269981810152,-1.1260855423356424,2.1006405628346334,-4.023509085766568,-3.1321683836139242,-6.22903500358975,3.729895210427971,-2.1965550157909686,15.029202020017259,193.82725430347824
2,6,0.8797152253181791,0.8635299131399001,-2.097282673746014,6.2366233388590695,-1.8779849073017192,0.5333117728579267,-6.304219530988482,-0.5405214231145419,16.645775145846745,-407.3527875204842
2,7,1.2286843832570489,1.4815787783812477,-2.8549511702608745,-4.927349075982311,-0.8412858269800059,3.6759331164719953,4.509669026084034,-3.0592406760724504,21.42314866382466,821.4091492868106
2,8,1.0034931455426424,1.6025232966136964,-3.5410544320596262,7.426367610141904,-0.025686580326721414,2.734091202157531,-7.179441395391631,-0.3294858319150127,23.103597702793213,-1684.6346111941148
2,9,1.5846031746360048,1.6801890466083467,-4.062342206292565,-6.028213919114254,0.6255945464754769,6.50767200714991,5.298801788991886,-3.6925198080369435,27.847304316457294,3409.5723855695423
2,10,1.1849814820020192,1.2524454952820374,-3.9024686716282844,7.64080343130372,1.916669574903695,7.52624117408746,-7.285259150237673,-0.6736586154936421,24.706399934485795,-6931.479318718691
2,11,2.146865685886494,2.747686829017753,-5.167350353249437,-4.757914129518051,1.8392107478651412,8.964856456881353,3.2264712352566858,-2.4166101794967396,26.06888997570099,14039.923384366997
2,12,0.5504769004585732,3.0312126230771392,-6.0706051919610875,9.114764046294265,3.8222267071440785,11.860901523220587,-9.796387197426576,1.430038615093181,18.410419461459494,-28472.8888925442
2,13,0.7140020836704581,2.2677486350650264,-3.4352167564976677,-6.086343601435389,6.065816186224657,13.611593689322037,4.113343162197881,-2.4319557121924484,13.435336819002613,57702.3727213302
2,14,0.25008088884927016,0.9788061325802246,-2.6711901081531737,7.133858755966649,6.316849051936748,13.30956027964594,-6.787109288816169,0.19007753785800677,4.454395207874972,-116950.91352129716
2,15,2.4991512041155843,2.150715121135996,-3.74679166089804,-4.966847600905013,7.615971813618901,16.96516728780736,4.6373278398465905,-1.7812558567147518,-4.679926914927479,237018.19900253238
2,16,0.7114355528432821,2.3226087246016895,-7.107388907947575,8.862659844489043,8.816740072600862,22.844854860535552,-9.244882401660758,0.9490354638481823,-18.283517733905107,-480343.4594295823
2,17,-0.6000931672529468,1.6821503044933204,-3.9654576830954777,-7.3248917972601175,8.836179849064875,17.16697480621023,7.024810203445035,-3.295771977576488,-25.705506128015642,973482.5486553402
2,18,1.696027613615903,1.500501573262935,-2.427974081268595,11.584795154836748,10.046707463694712,16.97130935260468,-11.747305328657404,1.3119695721226239,-42.563300701374246,-1972846.7190615216
2,19,1.4895636764510596,0.2519732113170865,0.31482290196059315,-11.033371207351168,9.242478985980123,13.600203400276055,9.139746902490339,-4.45470424445707,-51.261351995794776,3998194.385348917
2,20,0.3309351585781371,2.1205541369031904,-3.2518515397721757,12.806406068103316,10.445072520047193,18.959241739899003,-12.675411394124833,1.222899702170286,-69.23648975271395,-8102693.085151076
2,21,2.2442394562568233,1.8053700681454903,-4.758532674291066,-10.312930515223412,11.124284649524244,22.45484495853232,9.556879499193315,-5.1874807128753435,-79.69301591368982,1.6420913474573122E7
2,22,0.4530414725583947,0.4962903559755897,-2.130384548874054,13.62980856184938,9.788872245632472,17.64008944075475,-13.971502643947254,1.8392235123324028,-98.122148350883,-3.3278474725944165E7
2,23,1.92121351041428,1.6018429818598736,-2.707994094246505,-12.180190004887564,10.890355334029945,18.572033152117328,10.445713747839577,-3.272357662805712,-113.28413223420584,6.74419948704413E7
2,24,-0.1412179471915661,0.6071471525506775,-1.4215560241634135,14.02345152686056,9.09571180262428,16.217399802840667,-13.579953330839103,2.642085948208847,-135.84832360366056,-1.3667742075098044E8
2,25,2.951558638242125,2.5150235893350126,-4.791960557601123,-10.011681476631749,11.135661849270681,23.998948759962566,6.76978929926497,-1.7298177515335151,-153.48955671278037,2.7698959181069404E8
2,26,-0.09194304268482673,1.2631015236542769,-2.3695115959857134,11.019256758921408,10.84023919717129,20.12122308079234,-11.804020430571853,2.480899961506854,-176.58554246456694,-5.613450903566756E8
2,27,2.3474183580702097,0.5426883209670431,-0.8065623698005505,-10.741543870581715,10.50997085667894,18.79132290196148,9.346269937208016,-0.8867017174175043,-195.6902219248244,1.1376181435086493E9
2,28,-0.2613306701142737,-1.1960695589636061,2.2166475401188914,11.692054266602492,8.626682078353683,10.77218915215289,-10.347397298490224,2.5286179560046893,-216.0615046504842,-2.3054888656238675E9
2,29,0.38172420619651803,-1.988487214411377,2.674056829479385,-13.112225593125956,7.580962206796189,9.224132463592007,13.307142041534988,-3.5065150129466907,-229.07117072945337,4.672287728329537E9
2,30,3.3557061606741847,0.8313059741092335,-2.4377555578935777,15.980501306302967,8.195454301465361,15.989672493812582,-14.336593369376061,1.9941678301845296,-251.35650248294291,-9.468825484455334E9
2,31,-1.3559068492047874,-1.6189359333992073,3.3869499865208557,-16.919619524785627,6.729365410837975,4.793409782237946,16.17475555017518,-4.748411647808383,-260.6486158734281,1.9189455584790276E10
2,32,2.9002089132082673,-1.2432814751534775,3.8498054587409554,18.56487779056019,6.228514265628174,5.471046047994058,-16.458413071978097,2.9263499157661133,-282.3315393377015,-3.888921620100262E10
2,33,0.2809667382287628,-0.8812947143430628,0.023360091504713187,-19.35098996247376,4.812419555261302,7.097945545198023,19.378750615744366,-6.6539952273560665,-287.62964496667473,7.881261342867546E10
2,34,1.5993294507891178,-0.23401255824875394,-0.37965442386723397,21.132636795095074,3.97724921898183,7.590516518142196,-19.270310842231652,1.278498713475307,-304.7584307573819,-1.597210904043299E11
2,35,1.8450543069432448,1.2169094849306943,-2.5730192084227324,-21.116841286219593,3.660782108538947,9.904005661745241,21.44706469146903,-8.233872036878706,-308.28763239713055,3.236896436530254E11
2,36,0.6224577539584091,0.16453280331914244,0.250300155974887,23.299175667900442,3.086136516950793,4.217016011523812,-21.729565587960895,3.053941928580775,-327.3795993328003,-6.559871652438927E11
2,37,0.487005610455732,-0.5429962269036622,0.6625874571000354,-25.627567405903157,2.8738143000519605,4.255959660518555,24.404652773714137,-7.648606184840242,-330.72233830252134,1.3294189961411553E12
2,38,0.8065101115955845,-0.4122440539870599,0.38570643147698985,27.99357962260705,2.3310702085915627,1.5001441876370551,-27.25505244710105,4.599937775219749,-352.07884170350286,-2.6941912289811104E12
2,39,1.0319539999631897,-1.1231710355594462,2.203703053992968,-29.567221451745553,1.1558398162929338,-0.05317491227911747,28.24589084659587,-9.122143289005747,-351.427304853271,5.460029080447601E12
2,40,0.8039003723441502,-1.3172375562591594,4.014014004482933,31.963826493972835,0.45336151654337686,-4.2411360969134275,-30.97975956410797,7.3473138833214735,-376.08978706230016,-1.1065256703753229E13
2,41,0.9497345582894737,-1.3092932049262371,2.3346843998846283,-31.715044351032326,-0.8205537279259003,-3.476944608820508,29.91529264051465,-8.872685044247545,-374.94873524633874,2.2424771758362273E13
2,42,0.5275187120686624,-1.597652150443082,4.624679986199571,33.72181145965411,-2.5046553869436385,-7.948184524247616,-32.32149679169675,7.495545666529788,-396.8937434770444,-4.544588542955407E13
2,43,0.18634519412054384,0.7639490517083856,-2.2073985544443993,-33.7884128606663,-0.743611542767179,0.5910739179000781,30.715524516399917,-7.413939044721085,-399.0492518524325,9.210031320472142E13
2,44,2.401871998206523,0.3362858330313722,-1.1017845986665518,39.55045846020853,-2.2723004215021643,-2.660365992474622,-39.61830110553551,8.754034842610178,-423.99351363244233,-1.866498498642978E14
2,45,0.3700846442049682,0.2787494221124485,-0.20939384720667964,-40.315249359975674,-2.9273708628371766,-3.613177502858031,37.858574263170134,-10.436497726828145,-419.8695154072812,3.782632788336411E14
2,46,2.590001385528918,2.1632218860224603,-4.59402037376155,44.23932037329068,-1.6574980526517893,3.194260340511194,-42.88589596627991,8.162038603075613,-444.77713161735005,-7.665857123264028E14
2,47,-0.03541126996806012,2.6694530978970095,-5.920858608306236,-42.64006699484872,-0.8623518966803113,5.801852168727304,38.51342799488695,-13.35067481279958,-438.5921264724158,1.553557237052542E15
2,48,1.090363501336013,1.2909275871646566,-4.320613503042557,45.98057729723593,-0.5004117089548251,4.623600678340689,-44.2524855631691,6.912388542783885,-463.32129282544844,-3.148428218774422E15
2,49,-0.5796021646942617,1.433356768332804,-3.0587668283042495,-44.66326377773152,0.4907330157267216,4.413435739820498,41.3021853103408,-14.036106797836453,-459.10631764504114,6.38058258322213E15
3,0,2.1449284493689182,2.4433557251991833,-1.7456797446688668,-3.795863999019129,-3.3080901035443646,-1.6660375760106336,-8.441981165642346,4.201267103978822,-8.268465689040246,4.385271138416703
3,1,-0.22641056606423432,2.3252503213046696,-4.361963011550867,6.6853439442800155,-2.7853455818433215,1.0838573275406787,-12.487105832252169,6.017504547124789,-14.192650897230836,-5.826097879789442
3,2,0.3997247808478246,1.2579021435040016,-1.934311794984414,-7.2381345250079665,-2.46906573939709,-0.6252019696650934,2.914105039316145,0.9748196347694831,-13.803567356691405,30.41895685877258
3,3,1.1365809114783878,1.340984850259673,-2.7718052494304737,10.593128755140848,-1.4360140964877688,-0.18179525483437842,-12.691055921843793,3.620241906557328,-18.09711756787026,-62.24078229076565
3,4,1.1193440574104807,0.9641695107000968,-2.45443540992731,-8.627601915269567,-2.3168758042067887,1.1022402712202501,5.447104516346442,-1.686168755822597,-14.735734696420845,146.70797628734272
3,5,-0.3933369802375941,-0.09239955616364293,-0.3417653495811398,10.14259701295209,-2.649941496535271,-3.1930555603947446,-10.76577486358819,1.6746112380223135,-14.206942023783856,-300.53518545336044
3,6,1.1155532255435145,-1.0379197151224004,1.781843232745579,-9.917615189514812,-3.4108002084089963,-7.51274908653216,8.379611061741324,-4.9633366068777365,-1.9965185119141335,625.4614541992172
3,7,0.45854376044091827,-0.7378954021729531,1.6003785271411015,11.456760554149312,-3.607380269886274,-6.7131738140108395,-11.772716593453353,2.083831549477977,0.12071194899695592,-1279.888295271318
3,8,1.081780584945637,-0.5279210808807083,-0.22298126453099798,-12.534153791209468,-4.450328149252952,-6.879818522414476,12.967904425294968,-4.908867138327529,13.494341995713217,2608.0047363945537
3,9,1.2556158599408964,-0.019978242828228965,-0.6018158419151673,13.415506255281539,-5.021655961694093,-7.781575567176502,-11.742801969761976,1.7048513610703897,16.345025017497143,-5307.0447175480285
3,10,-0.7809538199542484,-0.12608351749834212,-1.7058030024947444,-12.94449726616285,-5.199394663603487,-4.943747076445417,12.195181263832309,-2.94393854800907,29.396829439577125,10760.224385748475
3,11,1.279958749282265,-0.742765489475776,0.22533084133580028,13.663307507143449,-5.816947080685912,-8.893084845550188,-12.972372628464274,2.7408688236620673,32.39870888466272,-21837.18530291894
3,12,1.2175366665440155,-0.10323949538733188,-0.3704605820486286,-13.464819847223282,-5.922898959557781,-8.75694615249373,12.173468904751799,-4.739664219019546,47.91667951815397,44250.59741877535
3,13,-0.8501342945996891,-0.26675364685844444,0.4491401702921102,15.66380092836721,-7.405973503566878,-11.126503137810722,-15.711166267870631,3.082805880515764,53.2263926139434,-89720.04676325094
3,14,2.7970426382217695,-0.4909868404634956,1.778509318544724,-15.714471826258567,-7.255714451834607,-15.56375466228812,15.234378013790542,-6.057089819420492,71.94430929629537,181813.3587506227
3,15,-1.943139188519646,0.9513684233115522,-1.4847333221209453,17.40075084100202,-6.77463012516616,-9.779585785418917,-17.710148722979035,1.9824835538757002,81.24181332959509,-368520.85690139764
3,16,2.9663154309677475,0.6356346685896894,-2.243390037428005,-15.496484313657362,-6.607944692801412,-7.712993775510401,15.107236822034618,-9.159964811805395,105.43507510475806,746807.9228114383
3,17,0.2785241670901317,0.39775364420713516,-1.1203389880109345,17.47743311892079,-4.773622433882884,-4.832132687885743,-15.279445671763877,-0.22946215878196174,113.78576429624312,-1513552.8756988584
3,18,-0.6327619406278324,0.41693432657051,-0.16643358477665793,-18.08429271259588,-3.7799376592407636,-4.608724634393576,17.09534279811202,-8.268065825103147,133.5179709422667,3067311.595597982
3,19,1.2411018375220597,0.08969541305343331,-0.8230587464205106,19.942660227647075,-2.5600362771450835,-0.45854981832153063,-19.80696120909697,2.604303268630312,135.49800030346495,-6216286.331187616
3,20,-0.4358524728550158,-1.655215507084318,1.1537074468307396,-21.79651734281671,-2.7869960557029794,-6.093231436871284,20.86053723491921,-5.217696398105079,151.0130727643162,1.259783141696892E7
3,21,1.569369633194548,-2.3250437351121174,4.5945734108416225,23.14911192707732,-5.595008230875902,-13.594343943606868,-22.582960163322234,3.706583645750068,156.74427514792285,-2.5530785122790452E7
3,22,1.445609226333957,-0.9308974235442051,1.7108947938256813,-24.95065994975448,-7.155908697526032,-12.072423030779536,24.372922575260215,-8.709369418652402,183.6914345187323,5.174045048923401E7
3,23,-0.23998233640122268,-1.0365954258692587,1.584540229965308,28.74930463797197,-8.172402810659495,-15.888120410453372,-26.870942330110324,3.295778659186922,195.35700192301252,-1.0485696695322965E8
3,24,0.8089768044965248,-1.753395156834014,2.5558236826682292,-30.824334405940903,-9.415133199218737,-17.313017880899622,29.662954440035342,-11.129695135935963,229.72072431912213,2.125023170195024E8
3,25,1.536254638927583,-2.0596553095751196,4.21643279121606,32.18788714570906,-10.36632493792455,-21.24676641540295,-30.266161345005756,4.044374156252988,244.0562707526667,-4.306558702916328E8
3,26,1.4914703601347572,-0.06864990748941158,-1.6119273066493562,-32.918549998626155,-10.27247975315953,-12.339639185154148,30.558433925563307,-11.36643734598196,280.4803945191748,8.727640709412203E8
3,27,-0.7817796298595141,-0.06527905675650073,-0.2562331254152612,33.72574477966381,-9.983381479582494,-15.977737334069943,-32.54159261415404,4.275462175751242,296.8264472786054,-1.768737745800492E9
3,28,1.6879560403943985,0.9963066100125233,-0.7343907627237247,-32.71494609859924,-8.684103793724328,-8.907377632374303,30.738976146594567,-11.209150299888252,334.31477018630585,3.584511400896191E9
3,29,-0.6644429601460662,2.6654538277247766,-5.809358061218012,37.605906975724245,-6.120004336840881,-3.5337243630102053,-36.4918884087188,4.895081944846671,344.88331359809234,-7.264345930418769E9
3,30,0.42054054748539227,0.7523532398537083,-1.7297018236019324,-38.68286972335107,-5.130778360920663,-4.846946366913391,36.11981430785453,-11.339086230061683,378.542776030103,1.4721872449529306E10
3,31,0.3652230733609928,2.1798139614248195,-4.199732018404894,43.97459834154688,-3.7708479604205993,-3.4857112834981017,-43.706664210087666,8.423986613354426,382.88620401444246,-2.9835243877404156E10
3,32,1.3901152579394178,1.5722393588506405,-2.563476907652043,-45.461449982391294,-2.2164584791610045,0.19554219158828057,42.61912353531736,-13.601112105081297,416.3439597449037,6.0463896178189835E10
3,33,0.9183275728500432,1.2637269615795228,-3.291313342939028,51.435134168063286,-1.233010591812232,0.7642732844452611,-49.90173345293579,8.9012966076365,418.91904546049955,-1.225357089172533E11
3,34,0.602853478370825,-0.14652782225000027,-1.5646099391768145,-53.52633845813134,-0.8012064614936782,-0.20018818164169727,51.68806514249044,-14.085090525622322,454.5604596356868,2.4833000953955286E11
3,35,1.689877492198782,-0.1644899459762655,-1.0213105198787595,56.36901722126669,-0.7533984137438142,1.1313282940574279,-53.35526515244145,11.38400228634702,452.53870215980896,-5.032638588598812E11
3,36,-1.1232709684924058,0.13569630857306592,1.168567723962823,-58.529980138817265,-2.7109168701798456,-5.744529488426765,54.68147369184325,-15.537830075237054,494.55581602341636,1.0199110123806066E12
3,37,1.5564098288555566,2.4601733826304155,-3.514663691079053,65.34114278857169,-1.4529178639564087,2.6566907083131137,-63.4195881176086,13.570649073991692,491.3284871588901,-2.06694451672336E12
3,38,1.2557740531785733,1.310120236802021,-4.251020633796083,-69.00066693376635,-1.9020024739127375,1.5264095235916755,66.00524572059133,-19.97940435784119,537.5992315698066,4.188855284877913E12
3,39,0.37479680694324125,2.690719019893796,-6.321056398983303,75.97590045753549,-0.7354612106890992,8.49761213343172,-73.04452412438306,16.18942864945048,531.1729238038286,-8.489104790803236E12
3,40,2.2460960973190973,1.825142486051487,-4.197932144315951,-77.10119171233767,0.23683646367667419,4.474386669660804,71.22142669433927,-18.757369212927255,574.7888034860293,1.7203960329062582E13
3,41,1.1116950148515454,0.5470149897889276,-1.2285496949347199,82.41404031386503,1.0652704733441414,4.173891662399473,-79.6857595929739,20.44266317020378,562.3561369441327,-3.4865425543046566E13
3,42,1.1436684941693667,0.5598263289119155,-1.3441806123479083,-87.16201343494517,1.0024341986965757,2.83998537825631,83.14574028415625,-21.839777616107998,610.2858063570558,7.065802728147022E13
3,43,0.6406131506321882,0.8423395367005608,-3.228293504308966,93.35971708685766,0.19633818917886336,5.391990850827552,-88.59404170845721,20.955462418417024,598.0056967057769,-1.4319506334935756E14
3,44,0.589579635545632,-0.21526316504939702,-0.49588003578719486,-98.03637179182563,-0.8188367806241368,0.8952059640211899,93.34049121593183,-24.38463245992049,655.5876451858198,2.901981127475789E14
3,45,1.2029184726660722,-0.06195913688509796,-0.03352386902939723,105.1695669315544,-0.6557079480335065,0.0188991252339058,-99.94175249628293,24.450587849731733,640.6575068715898,-5.88113463359597E14
3,46,1.199726399136897,-0.23417854732969318,1.497316382304163,-110.05569061508614,-1.4812126464824682,-4.434815262448221,104.49904642799932,-28.9002739656526,705.089842381296,1.191866626938855E15
3,47,1.3793730079945208,-2.0041746916163024,4.1448424632567695,115.90098449295739,-2.619166197008103,-7.467946234753664,-110.15162054183784,25.462598634554357,692.3274156651855,-2.415428560836395E15
3,48,1.2209516138320204,-1.5956220150715583,4.146563772005727,-122.84824230350833,-3.7248179210146253,-10.15953315081735,118.66713503409024,-31.719746639737597,766.2885987959221,4.895090608826967E15
3,49,0.2491751410027082,-1.4711692824469536,2.3597929605241603,130.28311487965658,-5.536074910456811,-10.156188757083193,-122.3235498502043,29.46693104057649,753.3991626766285,-9.920356352965866E15
4,0,0.7480814561420928,1.91009210308725,-1.2422164277246184,-3.6840836944112,-3.583116323798548,2.2761285270314153,-5.999325375536534,1.08762195694199,-5.396809510777331,3.7792452014740268
4,1,1.5960176568536415,2.589072942337626,-5.38084919504594,7.51881148647831,-3.034129788904833,0.9377512662961269,-11.950193096290754,2.4538153447495326,-6.429693488793018,-12.118110745299987
4,2,-1.2711723348136847,1.1700625027988714,-1.9539306070125013,-5.425690562007463,-2.9187788813214532,-3.2061874136633706,1.391303555100925,0.03324433058308296,-3.797633988191389,35.051105530341616
4,3,1.4576265405987474,1.8150852684959644,-3.4910929449414367,8.414504732868732,-1.310583123002028,2.629604681276359,-10.77149245349317,0.7363579684730155,-5.496296495182922,-76.98451219100471
4,4,0.8221186780036106,1.9436740182742631,-3.7612275925309655,-6.61490125740689,0.44271393242384827,5.415482885447775,3.8455914858107336,-1.383029526209978,-5.835959424724911,167.99713027815875
4,5,1.6834951716054052,1.3316207122526609,-3.100101476705677,9.659939830962632,0.11593054871524355,2.945029104089767,-11.5512348733989,1.346008928862453,-9.024109340789048,-345.1714862873288
4,6,1.2358141940764873,1.869000900830665,-3.1180480838581293,-6.982208197430641,0.2724631964146089,4.57950185102848,4.571506612456556,-3.7445549389972674,-4.16900035923839,711.3461362345536
4,7,-0.6046873792388244,1.8443722578280843,-3.597438948550288,10.029868257645118,2.5541987278523726,7.548148954331113,-11.639070730815725,1.1137541243784193,-9.04409748265235,-1449.3776826383203
4,8,1.8590065644378495,1.3480640361008815,-3.870242047412596,-7.561221850550697,3.7215185364755428,12.367041411568177,5.059988136609897,-2.1946265474942477,-13.289164340703303,2955.3913406071724
4,9,-0.6062340090808735,0.45445814415577984,-0.7807600310450005,10.95448643235739,2.873873419314872,6.834285290147995,-11.64596466253596,2.490393862566819,-20.790753374622458,-5991.6882036603565
4,10,-0.4217468206755792,0.942189729714632,-2.570895898335491,-11.033822324771403,1.9226650647301753,6.294084464767492,10.155873625291553,-4.394322606970676,-19.372771075949824,12166.564534049594
4,11,2.9737373875474438,2.304501666806382,-4.165565652495442,14.617112056545484,2.890317230061138,9.02557662871735,-14.559231189529374,0.40683806768076014,-26.930790778587,-24659.76289939994
4,12,0.7513093255836181,2.6424941172413186,-5.034070648960637,-11.784603775628186,2.9383173865698717,10.475125766308153,10.306129603819237,-5.191888713577694,-26.15653343863462,50003.849080387394
4,13,1.8362902587339942,2.7683404221757555,-5.000177698438482,16.05367234208404,4.0399378711610625,10.713265739133734,-17.063639622607045,1.1207919254591063,-34.60833204946177,-101338.09304567584
4,14,0.7410933986674557,1.1458389697747309,-2.7115496987434926,-15.12877663595621,2.8277047914166458,6.762829311024435,12.825594218473476,-5.447684541662575,-31.272541496479324,205405.69173159095
4,15,1.823678950112264,2.3776643746172192,-4.55010521502909,18.955979186418173,3.014186112069386,10.584041257894995,-19.878813412222712,2.7878315890789973,-41.52934253602147,-416274.4387282459
4,16,1.0882449668057683,0.7529978371739783,-2.2715462710920526,-19.367578865797725,2.456216199301115,5.294406787782591,17.675033484663,-6.42782166254018,-37.29472548984688,843661.9452770806
4,17,0.5149755895506716,-0.6592859240964037,0.5446132819092928,21.12320793823384,1.5068402647852064,4.218770243710524,-19.889550974208,4.452821243831721,-48.53675744885503,-1709759.6004635508
4,18,2.156607525497981,-0.9591245613089565,2.4051186438667242,-21.3714496631301,0.4099356701181131,-2.1200119464320952,20.33571925111589,-7.19268009345329,-41.86473016884689,3465036.0460493825
4,19,1.791331501779753,-0.11701548703995585,1.6522789061055685,23.654131489981236,0.15362219612275582,-1.6978628768907444,-22.605405743576643,3.6319290285975425,-50.586849981611735,-7022220.766644062
4,20,0.5883877707770103,-0.6555351460961774,-0.09498518778434084,-24.794324553191252,-1.4762914645368577,-1.7643359254343434,23.914322368425964,-8.051194442217966,-39.35931343165478,1.4231237695292607E7
4,21,2.467490625298648,0.27297918611194666,-1.4815674639677312,28.057775995777064,-1.7738902260577896,-1.388331649102944,-26.22071931941353,4.213722670981776,-45.22394006054,-2.884093488754195E7
4,22,-0.7294672141594745,-0.6906575605864331,0.8097390843994395,-27.981284873856584,-1.9542353787279068,-2.7674554937854356,25.129041715518177,-9.278074210288233,-30.505564142309012,5.844888862992607E7
4,23,1.904035307663525,0.7803324420086879,-2.080353753120437,31.46641537574404,-2.9808698438353822,-3.8187993796232753,-31.107837620919156,5.516387520007177,-38.089339676069244,-1.1845212529841202E8
4,24,0.6285510934387754,1.341308612607897,-2.37562338084189,-31.475353277703906,-1.291965847719791,0.04467522778460198,28.85226581636943,-9.765762746431866,-24.4332468635461,2.4005430254022744E8
4,25,1.411746663715056,0.2088052191300841,-1.8857779601791975,34.41005847770758,-2.445696849848653,-2.4215753427032833,-33.163875350741364,6.2010548837131365,-32.07855687165926,-4.864923910976286E8
4,26,-0.3060915046855881,0.3322390844663728,-0.6315011868568383,-34.71131760826106,-2.0273432276502534,-2.346267683803089,31.877084702306345,-9.13281621222377,-15.721096967767439,9.859221264560674E8
4,27,2.10534822462054,0.7013704657839399,-2.3861858835681184,38.27500443918834,-1.327722135559965,0.9678604969078857,-36.629537537975196,6.952452720098984,-26.049049398309208,-1.9980629085323129E9
4,28,-0.015037207342094183,-0.816428402057106,0.2707419566557213,-39.16093074651213,-2.3487551657541346,-3.478414366491516,36.4457297841059,-10.85739607984151,-8.401496915720442,4.049260355292106E9
4,29,1.679692078798574,0.38919151674846353,-0.8154645799259048,42.94757395999524,-2.1552856905720468,-2.775300575454285,-41.60016697645398,8.985215636993557,-20.501825121898804,-8.206202722077254E9
4,30,1.5899665070715854,-0.45414448380553873,1.5601726977151755,-45.55107982625646,-2.7645160430856914,-5.047448270894458,43.58929482582806,-11.90978354760485,-1.1216672125696556,1.6630633036465616E10
4,31,0.3924700621346797,-0.7853764103284986,1.1442239961230602,48.746807732370414,-3.5302664596572595,-5.60863130894426,-45.75952837440202,10.612807349141287,-12.551435404828718,-3.370352451616856E10
4,32,1.7901771145441,-0.9715271121270758,1.7856373397998886,-50.90196801734515,-5.5965044593152715,-10.978676754627296,48.52276593138235,-14.138417530809267,14.009331951855295,6.830332685595575E10
4,33,0.4117535457586322,-1.264846580290679,2.1610948809571875,53.36847999014105,-5.951969956371992,-11.695566543760611,-49.79018337353647,10.417962910001496,6.848962601499246,-1.384230440187286E11
4,34,0.5533908788353524,0.6624591466516568,-3.508963251247121,-54.48869886298677,-5.829382218720676,-4.946416649999657,51.892672328283204,-15.558184297246033,36.9127695819558,2.805271718364889E11
4,35,1.4337107547880499,0.45180869554102354,0.6838095823505781,59.074001220409656,-5.382647380050812,-9.903471437942551,-58.103794758088185,12.80710459114515,25.123046199494233,-5.685144023069219E11
4,36,1.293943796304736,0.019369245257184142,0.3227488668328081,-62.57450050425566,-5.749999178203166,-10.673397378356636,58.786297294262496,-16.362347697652314,57.04048369534129,1.1521473070912864E12
4,37,0.8587901467252147,0.14975918830043983,0.3972335497912954,68.05793351512202,-5.376300977319937,-8.01133706999596,-65.71013249603268,13.416652021473016,45.03931070291347,-2.3349336654487046E12
4,38,2.007573046161824,1.2970455948926987,-2.2466243128812,-70.56665033567005,-4.367438953370011,-5.013142966398932,65.19733400084132,-20.0301115670024,79.40891684551111,4.731960217498802E12
4,39,0.6710624378540717,1.3374295193875168,-2.0636091216414707,75.79039066126033,-4.248782267894998,-5.545036526401946,-73.58564524191387,15.066360140442523,65.44941920843333,-9.589757444244404E12
4,40,1.2203073315110096,2.159781731077434,-4.62203710954524,-77.19518330779208,-2.9917217376139087,0.8120451160461983,71.07657650418653,-18.891842023606394,98.27354471286722,1.9434535290129695E13
4,41,1.1372214356970327,1.4261745312523253,-1.5031010994377956,82.88953793504287,-1.8534492134036662,0.24324669134491628,-80.93219323010443,20.30485146887275,72.85299078991372,-3.938589314064702E13
4,42,0.38977211072578405,-0.2757630954946261,1.0504551971738505,-88.58600942961154,-0.8391488607947688,-1.682044553760767,83.8110914730035,-22.173961273107796,108.70314150667454,7.981917526321786E13
4,43,0.9637827753238117,0.8864718060879583,-1.6330407737055939,94.76466994255863,0.6293861614793292,2.2429633002200724,-89.69583219941022,20.593616271525438,80.33882107012704,-1.617609817035518E14
4,44,2.086490985110924,0.8095404333815366,-1.2948966106663948,-99.64040819882005,-0.5191304583537002,0.031199082108529508,95.9903599118805,-27.28189844464138,122.82678970699187,3.278236728879632E14
4,45,0.6001135479908537,-0.2007334764399401,-1.1403275310721204,105.5973513860551,-1.5197517087073757,-1.3399054094529834,-99.20476569096385,22.683319995767892,92.95607988165203,-6.643651600897986E14
4,46,0.8672954912076426,-0.4461655861605265,-0.30856411970446196,-111.70703241454521,-1.6056944789367866,-1.9637507541218908,107.31126366395623,-28.362152709917726,140.99960285604712,1.346397781626627E15
4,47,0.6285421460911345,0.8927070459265353,-2.29466763380314,119.24192491695462,-0.6253201040221459,2.525454064368611,-114.83231839195048,27.126114742915927,103.83145087534096,-2.728600316916265E15
4,48,0.9103798907868027,0.6284486015784954,-1.0529880973529566,-124.05719546663856,-0.7946733557968321,-0.3268141620806866,115.37397185237252,-28.76393803298894,149.9808451790389,5.529762296904735E15
4,49,1.8033940625024278,-0.6899316809660638,1.63420334210231,131.83431688143583,-2.3807784363184226,-4.999970219298495,-126.55286006417415,32.46214794179367,107.62137689722626,-1.1206577552122918E16
