0,0,1.0,7.89477533117581,1.0534927992122323,8.002205739682081,4.438782227521086,0.4743537026415879,-4.360599142940955,-2.3040164637846487,1.479131531697834,6.418327748167779,4.021688685889985
0,1,1.0,-6.474414081999592,7.040927942549324,-19.893603802179552,3.0344777889027923,3.3646294832430335,15.65274347488313,-4.156649241840171,-19.851052439447308,-20.560256855030985,27.166372803488336
0,2,1.0,7.422514142290811,-8.751721387061405,34.256996687746515,-11.716423326311537,-5.908911023409159,-23.272279750018193,6.510091054125684,42.89787525567675,55.866229019734135,-33.885582173527276
0,3,1.0,-7.621693334781159,11.391041746436942,-50.210283231882954,13.9299991663387,11.165718538623008,33.72043332156113,-10.020342889328992,-69.58718339993207,-102.95683404776695,62.417919878437324
0,4,1.0,7.980708880650864,-9.808132995153787,67.01752233321302,-21.930524807041376,-19.86470673030758,-46.22330120935764,15.656119340632257,87.59168973400804,155.854565016668,-64.58282519830334
0,5,1.0,-8.766593651959539,13.789166924412879,-91.30524169158227,26.644802452664244,31.59312090172134,57.215566489536734,-22.378385016575113,-111.30202725393377,-207.5013357831287,93.85658412492904
0,6,0.0,13.999330183334642,-15.765032753698506,124.26358343965309,77.64741809449664,-45.91406597699726,21.029521703878796,-33.937600098368094,-30.079887442456336,-338.104258922333,30.36760763539244
0,7,0.0,-23.162406706064168,28.1930980641547,-177.23205500962584,-66.05491501682185,71.93315124216211,-80.39056861355499,47.82966713596226,-5.61753046799191,-655.6199134858488,13.110094558175039
0,8,0.0,37.24422120310752,-45.93382964294522,259.1266915108484,124.04537674167345,-114.24812804814803,138.8272981542828,-87.5152344500881,-6.447364714392414,-1133.6845958310764,4.2129634977370936
0,9,1.0,-37.00394182183469,51.24378645866421,-352.1047834859536,118.56154583297788,170.9732643708963,337.9876777140139,-24.359783584704957,-128.4450765151648,887.6528917271826,158.59520952601207
0,10,1.0,37.575045151105655,-53.900108426515686,458.790978372364,-149.66041013851208,-247.18105603595572,-266.8750773645656,90.03855844125026,245.00145639861492,-626.9349209168503,-192.51364697504707
0,11,0.0,-62.619759622341974,76.7102569940844,-623.9658564594158,-395.0105131964051,359.8441461424844,-117.70351573616206,167.49220901661238,63.20682443192431,-1372.5277659748187,-64.26001310858791
0,12,1.0,65.04487964739457,-87.77884117379539,813.4277736239359,-293.0155617542827,-510.55994995701,-713.1472736070402,79.78840189512113,156.39545787012653,897.6573332446017,-232.84332300337977
0,13,0.0,-109.55969258073833,134.6229562591423,-1100.7203941411517,-708.1302363901389,736.9113061164024,-91.80782475939611,336.9178788191689,46.808958216540525,1216.9451686780571,-89.13236967099782
0,14,0.0,181.55245205077384,-217.76841182920631,1538.448176920294,520.9463621812035,-1071.8972089514793,646.6449261458445,-427.04959233166505,-9.49430671206524,2818.0090026250477,-45.81501283626369
0,15,0.0,-303.5273341553162,364.2676859401148,-2226.890478057041,-1049.7716367268706,1578.6153760589402,-1187.0741746602116,741.4324587694687,28.36359604700468,4280.431567302746,-10.465779391136765
0,16,1.0,311.49520420373005,-417.4025625686825,3022.9670501837536,-1029.2153151231048,-2258.2614779973474,-2900.6571354142043,210.15054097932128,1057.318946579913,-3873.6344524028627,-1294.258300706958
0,17,0.0,-518.01212240611,635.3124525612498,-4252.004384931214,-2844.349862241941,3266.031093552954,-274.94638459478006,1404.704270004275,305.0536471092925,-9015.10709813788,-474.97438542562804
0,18,0.0,858.5776361148738,-1034.4218343311247,6177.884527039125,2309.2029271358156,-4780.544324107809,2558.710099956224,-1848.415505810842,-23.965431259441644,-13871.118044133143,-231.01683336945794
0,19,0.0,-1424.2176373010973,1706.731462509104,-9242.845748860762,-4556.873050844466,7079.802785241343,-4860.083672574528,3227.109518347433,147.55565005971357,-29308.722088072664,-46.3918447165315
0,20,0.0,2361.564322708642,-2827.9319474351846,14170.822250113797,6811.16766692692,-10609.064474087174,7902.941284078836,-5032.274781068501,-223.8699594238811,-47714.331823191336,-118.04721365422262
0,21,0.0,-3916.5523738524535,4693.369843078258,-22166.01705532447,-11165.38474990253,16089.276827103602,-12506.061134016427,8131.426703954216,370.8126999106503,-96247.13211852289,99.28199618048768
0,22,0.0,6492.446322243813,-7778.113897491375,35216.115222647444,18019.02118824471,-24673.81525167846,19841.462693939262,-13127.702839622232,-619.5392595304775,-162300.87329488332,-214.19090433357292
0,23,1.0,-6667.738691496283,8980.182766592723,-50360.408221738224,16414.784273362806,36201.5132244428,48343.96882886308,-2791.6440307130665,-23316.848913861897,130027.20939344473,28260.239006286145
0,24,1.0,6847.004019210177,-9552.881192727544,68020.89978898107,-21542.945891835738,-51654.49999679857,-40312.72565525462,12601.501055898112,45037.13153604131,-93616.32529513998,-36042.53778855953
0,25,1.0,-7030.67169283667,9922.210202926854,-88623.85966711062,28961.667962226034,72342.10532270205,60063.76256544465,-20890.806497392678,-64530.02446088279,59650.42883399856,54606.661831860256
0,26,1.0,7219.799602711698,-10226.390382717438,112632.30980477307,-37600.57995129263,-100006.49423389172,-73397.42859006042,29142.041834940163,81683.08289457123,-34607.27902290445,-63137.82139515248
0,27,0.0,-11973.634028893046,14872.639530910641,-147550.9172701593,-89793.44607574354,139241.54684363122,-22653.699468419236,34320.73197153221,20625.37202746987,-149301.82651774504,-20742.17669823153
0,28,1.0,12297.44056137904,-16736.961775329426,188036.4609937271,-68147.93368207279,-191694.14094706063,-163407.17755802974,20600.261812811674,19314.564538365248,7845.439578492968,-37340.65677119182
0,29,1.0,-12627.945118386311,17679.143238926947,-235094.99066425115,79496.52344654009,261763.21790704402,140553.9201219336,-51100.44416368114,-50819.762694699224,120496.89664298733,37038.31877846347
0,30,0.0,20939.69728982381,-25937.76689656432,301977.75565298996,178804.24285294767,-359282.51773408445,51008.27996210894,-71439.40622271394,-14368.33385747191,423503.560191716,11213.03052218128
0,31,0.0,-34725.778830470124,41883.87040043459,-399687.55264204665,-117697.39602155503,496112.0543140091,-181496.45160460754,93925.84706666312,429.89759463649114,503733.1665655316,5403.551053808619
0,32,0.0,57585.52461778438,-69077.76940856478,546380.2592941687,234643.98651577777,-689848.1796904817,301854.46820153674,-165608.17220606506,-6209.152242224553,1301061.567534608,-94.14703308416115
0,33,1.0,-59136.85317438719,79674.28188688988,-716340.8029356021,249842.31490139014,948820.241160161,694178.1485792348,-57766.381713781,-195206.31188685072,-581301.1653781326,237733.78342438047
0,34,0.0,98067.99371992266,-120436.18209350086,971148.0407749079,622749.8698720078,-1313337.1906553,47591.687929777654,-302468.356043665,-57069.473850702765,-318887.8388693583,86763.88941522985
0,35,1.0,-100709.42442635323,136624.9111756435,-1266633.938234324,451199.1040178097,1800457.753928466,1065808.0455478684,-102809.35368447032,-288126.145479561,1184096.7081036393,408770.6320175172
0,36,0.0,167008.7799235761,-205418.40391300104,1707634.6297814653,1091787.4778709686,-2482660.935219549,158125.43063627664,-529591.8836843286,-86772.02017935742,3563300.2134722294,153965.27373066335
0,37,1.0,-171512.28670437093,232779.12407812025,-2219028.3399723,792840.6472248611,3394095.3433871246,1892055.7232105802,-181504.04928668193,-499025.200486182,-1020777.9634835749,710437.042385938
0,38,1.0,176136.97641450056,-246368.50716301007,2813933.055352498,-940008.5086251503,-4611093.574482058,-1703556.8704490636,576500.071335413,977918.6855625376,-1342997.6735097321,-718135.4540806214
0,39,1.0,-180886.3575084971,255463.18939774664,-3506007.73569305,1191412.5636804951,6235388.031896902,2339931.134692569,-885343.452446713,-1368518.5146140014,3926445.855922062,1188830.711196893
0,40,1.0,185763.53694078437,-263172.44077581324,4310482.710956342,-1481616.1223986342,-8402558.475976672,-2795224.5208918056,1176170.6841906323,1674979.8837815784,-7132249.378711066,-1248677.8164948653
0,41,1.0,-190772.61222742783,270547.04328696587,-5244759.062297246,1819270.2680033385,1.1293306546534043E7,3418321.346777767,-1483976.042911405,-1892643.719172819,1.140556123328266E7,1473972.4509932627
0,42,1.0,195915.98020632984,-277931.8804940083,6328835.584079045,-2211451.4378823596,-1.5148455876693733E7,-4109807.541127178,1828095.742434903,2011496.5156885616,-1.7270898694923095E7,-1468716.3620562032
0,43,1.0,-201198.76237450264,285456.9489707101,-7585743.844454717,2666497.188366199,2.02889576239855E7,4921826.303066586,-2221564.4373886394,-2017779.4032427056,2.5373324079840466E7,1479870.0295752522
0,44,0.0,333650.1158958657,-414574.3123550558,9236231.50842225,5060544.044269372,-2.72057898771012E7,1260599.6941515987,-1675733.7614630407,-514427.8300043038,6.151595606828759E7,473148.77209153224
0,45,0.0,-553302.2119240927,667796.2117450775,-1.1467087961324327E7,-2682021.15757269,3.653340185904166E7,-5109625.9893353125,2161733.3725938345,-59945.75541290306,9.262198171898732E7,195247.049314942
0,46,1.0,568220.8401423951,-766922.2320418628,1.404707714442421E7,-5110424.597464949,-4.897201564108544E7,-1.3343297874011496E7,1728733.1442582472,1606488.6180797392,-1.0475757503527877E8,-1826950.0754039898
0,47,0.0,-942293.1201448954,1157688.1042915294,-1.758672711634116E7,-1.0151939215371534E7,6.573553818924915E7,-490494.9982896831,4579412.368564139,486112.9194831151,-2.277550817088079E8,-646783.6311481041
0,48,1.0,967698.0591130895,-1312932.274688521,2.168357299136813E7,-8071215.402137863,-8.808943439184865E7,-1.8137853461960286E7,2210138.981315657,2423770.999929902,1.2324793314972028E8,-3383316.7748299614
0,49,0.0,-1604754.7438178095,1973867.6453701623,-2.7370242182240076E7,-1.608731600259312E7,1.1819826459291124E8,-2027226.3222732828,7493066.789578298,754202.0819864934,1.6058115673295212E8,-1259199.5652667638
1,0,1.0,2.3750761967999083,0.1801815954281115,2.7368394251403347,2.694172924075375,2.0759792568335884,0.30920200054059266,-3.9234380620396117,3.308922307123657,2.6116957377156105,1.6712882937115068
1,1,0.0,-4.66510742913647,4.719901929982014,-10.904137835556133,-9.331055460999089,-1.359380990840708,-5.97488296078043,5.353282619081172,-1.7577795442857305,8.227168731001269,-1.0042469432141723
1,2,0.0,7.2604443923514825,-7.384716435251807,21.839981022673214,14.378277303536018,0.45319316583217906,10.463644502663081,-12.013576792831884,-2.3325252137689967,17.44263538146042,-0.48091839421503524
1,3,0.0,-14.493488228949033,17.36473309311677,-45.55597275129273,-33.87470797838069,7.129585252409465,-22.25169611258545,20.630286267731712,-1.542235974710961,31.51979700977711,-0.9381583636133842
1,4,1.0,14.562459832526304,-19.245759033566586,73.35476977480377,-23.036382302597193,-17.815818046907296,-67.45169577697429,2.713030354951975,53.29552110876831,18.44210859623393,-66.04385155065013
1,5,1.0,-14.52667806887803,20.431539214505378,-105.92977465376453,30.13905197565229,31.627760611249236,64.96299324526174,-17.492028840116916,-100.72968640721368,-90.685738002067,78.40414773753488
1,6,1.0,14.260635229993833,-21.530443818808774,141.27124079439983,-45.42018700798675,-50.071425535556266,-96.49018557172622,29.250815098209046,149.72612170290063,186.814977600983,-127.91840931637165
1,7,1.0,-15.404396122148146,22.43510911344543,-187.33940935576913,59.90545119663732,75.57634580561759,124.54621443985457,-48.31667830398983,-190.74465451694573,-280.5964586507063,145.97439200898705
1,8,1.0,16.98208010567467,-23.705188349723503,239.1413738458753,-79.70871453393907,-106.33032079768964,-156.44926890973997,63.98905181384092,233.02511715032873,381.67717007583315,-186.41449676024595
1,9,1.0,-13.751630852137938,21.511618340307546,-294.2801260486447,99.75935522317359,150.09951405290306,193.67418150535383,-81.40839732634566,-259.27227320174643,-453.2494935591382,192.3695635208946
1,10,1.0,13.356657904488372,-18.750140203121727,357.80179579629544,-124.39218418334819,-206.33612400835466,-232.49868556438398,99.65784383793128,273.7331951955195,490.1594959602733,-203.130165410853
1,11,1.0,-14.48613009170601,20.712750943834113,-433.92381850687593,150.39601436713488,282.3443883679169,282.6671772953822,-125.21757818788933,-284.41034210904684,-474.00277758757784,212.99272999727697
1,12,1.0,15.101869357298808,-21.375627355660804,520.3396521075729,-184.0981836777537,-384.6859763769608,-337.5089637418838,151.85732386855256,286.28660876842866,399.5382532080088,-208.01047785062462
1,13,0.0,-26.204272743148696,34.5888554101951,-636.720604042619,-358.00036265718114,524.632818605294,-89.14376013754011,118.989948469671,69.6767931858432,414.4450379103768,-68.76579616874542
1,14,1.0,27.247474580228744,-36.03305725321776,774.0749591992261,-293.06448908252804,-710.9958908896702,-670.3018751018718,100.27473591631004,-0.7028635599250059,-806.6327767786312,-43.46454155028721
1,15,1.0,-28.09934182343407,38.10011727001273,-932.306373999517,325.4720404545104,962.3439525497181,549.8188971065582,-218.05963737002918,-30.288037876755592,1258.1021732340214,8.332210246012577
1,16,0.0,45.80162488365967,-55.48087837616597,1140.9386350205232,629.323420641442,-1306.5499229418451,182.32967509357604,-235.8173652471186,-14.84691016790909,3025.44646224727,-3.0231696588339068
1,17,1.0,-46.31426586881758,62.44874126421052,-1383.5856078543484,519.8556335424743,1766.2546527143095,1207.7024012141662,-169.97543194567285,-101.18447596054872,-1300.7901077154884,120.55602200516186
1,18,1.0,47.85944594702599,-66.89328757309889,1661.9525516392284,-584.1571318946523,-2376.8730494476936,-976.4124810826735,383.0945576888336,154.92629795119458,-420.2058716615785,-107.82955976091817
1,19,0.0,-80.03572865603174,99.28733719133098,-2035.9808815252986,-1124.5507162261652,3207.123559939681,-329.2023143953281,420.1057784160233,42.70624044632061,-2536.093150339262,-33.87057691631026
1,20,1.0,83.10046159058926,-111.93083328681892,2468.180160144228,-933.6472168106043,-4316.595642116119,-2155.042278816706,305.18987332969925,168.26979526137376,-736.3718712366446,-229.02574439122375
1,21,0.0,-138.84704890071347,170.86193505145278,-3051.013071632435,-1743.0334815374317,5822.082772657826,-161.8892503958399,781.5546175640325,53.61445741403339,-4549.931309439008,-83.91719550596825
1,22,0.0,229.7420726105659,-276.3068441976769,3858.030409872306,954.0864128306653,-7874.309947570893,1592.0694938529214,-854.1471916144221,-15.347085520097941,-4017.2369956922053,-47.47736819913291
1,23,0.0,-382.73449666203,458.7350547561784,-5016.933834459523,-1973.3622076168162,10684.30662022655,-2737.2837751183033,1420.2694669393054,37.546713438280314,-13198.613520310828,-6.267967505316448
1,24,1.0,391.9561728165148,-528.6840733845527,6357.839139496644,-2278.557251420414,-14434.112455153429,-6180.1761502840445,565.8702716956943,1238.634749428837,1931.330238052368,-1511.203810395311
1,25,0.0,-650.6841119083736,801.0346023919126,-8293.119564196808,-5075.491694386101,19561.45763042495,-284.88630722433425,2421.550210676461,364.6070536068697,-7321.846022821983,-550.8629530946138
1,26,1.0,668.8729156588056,-909.200713177139,10535.72487802744,-3833.0199243297902,-26401.772790482853,-8827.155237208946,937.2469473918566,1848.4814406499818,-10193.449583469854,-2617.961617237865
1,27,0.0,-1111.9256307495084,1367.2142533848878,-13794.305628136659,-8508.313351444991,35741.532754840504,-1173.4785414942705,4064.696913471239,559.7967555971278,-38425.430433244626,-983.7399652634531
1,28,1.0,1141.701459745353,-1549.3369844214676,17566.21276013021,-6376.666764938978,-48201.54277854417,-14951.519183834396,1546.8745609695,3227.4277703405173,1077.525787912541,-4586.887699166952
1,29,0.0,-1894.9752222917991,2327.7500476540577,-23058.47773438355,-14265.07202373809,65182.456873423456,-1866.4862279848599,6827.87175702561,974.2859002416653,-34079.88837885279,-1727.3393261115343
1,30,1.0,1945.7600566172518,-2640.1410335379665,29422.18845129537,-10664.355849821453,-87839.03979025324,-25012.954853288156,2571.1214069479383,5501.264382134907,-26860.5550371451,-7849.3283711328195
1,31,1.0,-1999.5738946344281,2796.3367638613136,-36822.09973403148,12440.383762670277,118061.20280856635,22207.714880431533,-7706.372947619125,-10550.587167650043,90531.80910956285,7624.367283790067
1,32,1.0,2053.5782554625303,-2900.894654726283,45421.68208287392,-15570.504361324567,-158365.0520710646,-30270.80585557093,11646.888330477821,14469.429169525363,-164259.6972976222,-12546.424845656427
1,33,0.0,-3406.241804938603,4228.439476755246,-57394.388000510095,-33239.25523213612,212754.9733404082,-7983.313607673306,12321.636948036157,3798.832621764813,-418459.31977242744,-4248.907438928044
1,34,0.0,5648.516581374013,-6815.062004567094,74547.14630567805,20645.629817548448,-286357.1480996365,33114.63913193252,-16382.709374816648,272.6630043167191,-609334.2065692265,-1865.498360245679
1,35,1.0,-5799.397777964008,7828.0012045019885,-94409.13568831545,33487.78544338572,384523.4971222712,89271.92396209044,-10342.0126110384,-18491.483156828843,723451.540496142,21284.749463378383
1,36,1.0,5956.472386345043,-8318.42222636749,117478.9078741704,-39934.18573318175,-515430.5651231109,-67703.61838365595,25664.960555626065,32565.793479439566,-888249.2802648565,-25494.487650180243
1,37,1.0,-6118.027945063481,8636.80123223343,-144286.32385399946,49652.65618182227,689975.1228265301,97094.90319878786,-37630.55835654622,-43225.39609324273,1125937.814600243,35678.59172973077
1,38,1.0,6283.8521294943175,-8898.926231403715,175412.42200953525,-60898.10087367032,-922678.0621673908,-113126.75729543877,48896.43831535772,50627.32717035158,-1463720.949147081,-37910.280702455624
1,39,1.0,-6454.364074894893,9151.187863474795,-211528.60915230488,73959.87837707318,1232894.9712930168,137736.58321684535,-60812.77385272006,-54601.07772796311,1936361.406103079,41265.74373088648
1,40,0.0,10701.069167886973,-13294.320239379882,259623.26115314022,144029.54634936695,-1648441.7303336135,35727.05792339529,-48775.314886374435,-14110.20524554913,4448908.396174308,13290.436835796061
1,41,0.0,-17747.923724716005,21417.263929384204,-325602.06180794793,-79341.8631482879,2205764.7017864347,-145055.54328460057,63593.86719994533,-1365.287017782346,6935287.903068557,5618.238585019378
1,42,0.0,29431.196241204696,-35307.20092783917,419056.75566818326,160892.42452179646,-2954340.0647244593,234326.6036798986,-113194.90577348064,-3570.5931086347446,1.4301414568780258E7,1114.786079709519
1,43,0.0,-48808.226374697166,58483.89155099533,-555635.3748056452,-203867.08942110688,3961635.575166095,-330894.35304162995,157986.29944154833,4512.009647120429,2.399771765796416E7,2418.2188632842663
1,44,0.0,80937.43342779983,-96959.8943961144,760900.1669418873,309623.0968764196,-5320079.242187395,457943.0263802846,-233728.51063079078,-7796.610540498759,4.680796866722458E7,-2153.8330333294357
1,45,0.0,-134220.1718155547,160785.56519267912,-1076845.291015694,-460642.59782594704,7157042.787510613,-643118.0734007894,347138.86651828105,12818.115880043966,8.1715449011534E7,4389.017042487845
1,46,1.0,137838.1617843909,-185634.21888026255,1443042.9206815413,-493868.3163814405,-9607020.669685204,-1410046.2620713518,105358.03031100924,466138.7259375497,-7.069940832332073E7,-564912.4445463888
1,47,1.0,-141554.9161011131,197515.3131350451,-1869383.1427386324,613637.2391488897,1.2874031421321223E7,1080824.5366524837,-370482.79010604054,-879029.7588522767,6.37784414242857E7,694590.690556979
1,48,0.0,234741.94556843044,-290564.8643523031,2502510.7120171343,1564095.611929199,-1.7274461013866935E7,463076.1742569792,-659058.0520777156,-233905.27032589348,1.2621563392046703E8,225249.96423407542
1,49,0.0,-389279.3178980931,469459.16548886744,-3463391.0385574717,-1158110.3157282614,2.3215972552285224E7,-1582850.232443991,904638.775226909,-12464.153680011455,2.182266710885842E8,99709.73163896405
2,0,0.0,4.109967498315478,9.73713712801011,2.6884039632965266,-0.9149758119158682,8.554603374656335,0.5318847179680346,-10.548370966574998,6.094144653726563,-7.8251324141436704,-14.747996688049913
2,1,0.0,-7.638259886954387,3.815536256801989,-16.212244851402605,-11.462388224876676,-6.5779822708549185,-6.3063317557362675,9.4840430692517,1.7603321984104967,-9.40695586443482,-6.547557903471234
2,2,0.0,11.265821123931792,-11.022802365227829,36.795186272855325,22.698601809066886,4.47849238777879,16.982210645410238,-16.39847571319628,-3.9776925608606057,-15.672114628936821,-4.913323400616353
2,3,0.0,-19.060577432950318,23.928598632519265,-71.91199647094419,-47.35485354184413,5.160831713010019,-33.80115133813165,31.30115658352329,0.7973942339712886,-30.21168869392581,-1.7699427336531854
2,4,0.0,31.409177019427197,-38.461010568115015,130.8833425157916,77.61072743928072,-22.344742232654195,66.58677874706434,-54.89948371585999,-4.832111702417835,-38.721599320340445,-3.031062056618288
2,5,1.0,-32.4051048827224,45.08892750598519,-198.96426040476405,61.91407802596312,45.80773963068679,187.4661633394546,-8.037772980741211,-115.74538655987315,-49.60123110472323,139.0848097024687
2,6,1.0,33.85966251429056,-47.290683991256856,277.543554890634,-86.88781162763516,-78.16543399753373,-167.41440859718978,47.70729165216739,229.0829152617363,212.15063616193683,-185.7064303753905
2,7,1.0,-34.251719150320476,49.50490627600546,-371.15532267857986,116.51156611305339,121.88688813597061,252.84538315873166,-84.19705678361734,-332.285882665447,-408.9669562069841,280.3032874719635
2,8,1.0,36.124935125242985,-49.1957630742949,479.4033188647008,-158.3783117190903,-179.36821902207154,-314.26431361355884,118.30146828833804,422.31052652549033,619.4586585842051,-327.1290330651802
2,9,0.0,-60.56886944084767,76.28106843004709,-642.3864921678755,-404.2109760096674,268.22642438105623,-102.50439966604928,160.28750663898325,104.58887119091925,937.7437422831114,-109.35165455173798
2,10,0.0,99.02466808486109,-116.81262465562388,887.4423599364877,289.56529143195564,-405.38073405445806,396.68232437836417,-225.0368829227629,9.756294709030955,1933.2858412042995,-47.36909304679922
2,11,0.0,-165.02101201591532,198.80508002028245,-1269.2615777052306,-589.2452130464244,623.6500652332847,-690.7482685908261,410.8745466839029,19.389364384567877,3187.217349646334,-13.534403554624182
2,12,0.0,273.6990227924485,-326.6684365262815,1870.5647139271723,842.3529055935752,-966.9589550186407,1064.9810220743916,-628.6775656333277,-27.547411353714786,6373.311046335523,-19.401489413072927
2,13,0.0,-455.538823688813,543.7296884867546,-2835.309937982871,-1364.1875347988841,1516.8383769024394,-1626.040615358104,998.3207829562677,41.48059249577322,10813.44321901168,8.814280325905061
2,14,1.0,467.670900331508,-627.4899066932131,3952.6571659988904,-1315.6343373953712,-2253.3436656534777,-3816.7092510431835,246.98833882209985,1614.6280975271384,-8493.143676582473,-1961.5069778602958
2,15,0.0,-775.957645449126,953.4794986846983,-5711.474648119904,-3925.4332786290092,3390.466320668645,-407.3037728344959,1958.0885031589899,465.31384849615796,-17611.251169058272,-719.3409669584745
2,16,0.0,1285.782687790014,-1549.5413727953544,8494.267461718524,3341.0875676085,-5158.458128566163,3531.821936549507,-2637.272299175365,-30.284654680652984,-29385.300128034974,-349.01288531895614
2,17,1.0,-1319.3090127387302,1782.9657840150728,-11721.661500080347,3895.391516602792,7532.641995649603,10890.662358894251,-876.6597247729345,-4611.051341971368,23823.03021826973,5384.113092285872
2,18,1.0,1354.3637317161433,-1894.1433384199563,15482.085734400953,-4998.622408279243,-10713.970674029064,-9214.427080904188,3023.2897001700453,8743.856166193567,-17508.496896168213,-7064.28106036631
2,19,0.0,-2246.238529313801,2780.4148656554944,-21174.598639295953,-13584.261131892827,15397.510639785905,-3883.156286392423,5810.505880416668,2314.4262624867583,-41555.15514412476,-2317.8257806706174
2,20,0.0,3724.2890923543587,-4490.811930814823,29943.821745486493,10572.778430220826,-22372.906779220186,13627.32091436416,-8167.319539503399,136.03459350501652,-63872.62546393682,-1023.6399777385328
2,21,1.0,-3825.928869068996,5162.274493803514,-40116.1570085358,13642.495584165485,31722.7704046292,37787.14109790006,-3545.6604494230573,-13237.431770670037,58977.92451558811,15444.29396712795
2,22,1.0,3927.125504017497,-5484.837620869397,51954.44220715744,-17060.495460106653,-44232.58842063624,-30505.554156931456,10572.405639637072,24603.005699569723,-52397.51145195441,-19684.638196673022
2,23,1.0,-4032.3716794154125,5692.891446690726,-65745.28921176765,22041.321389563203,60959.31823200677,44359.92155118458,-16338.476001428096,-34366.192208316126,48907.1987589508,28755.536718742092
2,24,0.0,6687.771999090405,-8298.879863459086,85680.58874422018,51777.43548347811,-84570.49122248944,12318.15901733771,-20000.63678602965,-8868.043509422507,139926.6321728351,9666.662572180647
2,25,1.0,-6868.455028077354,9346.622067548453,-108791.35351456412,39540.93862202337,116129.96885859023,94278.38799251449,-11914.590915659803,-13238.637888098909,-45418.48452261083,22566.599010641086
2,26,1.0,7054.0673409635865,-9873.284789925243,135651.48373960034,-45982.23949997262,-158281.10847643553,-81104.21277791554,29553.96436506933,30443.256315087052,-40946.600310436246,-22054.108992922043
2,27,1.0,-7246.0280715075,10233.823490273771,-166870.28033563984,57344.5778697879,214554.6773560433,111362.88515124716,-43420.56849922027,-43645.95882091317,134314.18978003017,38482.15835380596
2,28,1.0,7441.572011725205,-10543.67391160655,203121.36543599627,-70435.68614839269,-289647.8155283752,-131350.7798891985,56507.8452109937,53061.96514805999,-249617.95413138508,-39012.6280769033
2,29,0.0,-12340.918811430873,15329.696777006951,-252370.4290301945,-142617.20115390068,392165.0603763808,-35950.764198029334,49948.79485730841,13927.611368678436,-677443.5231115886,-12320.439663226272
2,30,1.0,12672.818872963062,-17249.638570485207,309372.68021485565,-115601.73754306264,-528958.6245281189,-268408.13718886225,38635.64896554336,21288.59220716783,200397.89254741967,-34137.6253863167
2,31,0.0,-21016.21795093226,25869.0627114039,-387716.1998454022,-225617.79687940134,715420.8324369633,-23200.405240840348,101675.96142471854,7412.678990169063,-27495.64045907546,-12790.040597390345
2,32,1.0,21583.418080672272,-29299.885563553664,478396.3449910658,-178016.77151163373,-964205.6288830532,-404284.07154463243,48442.75355637746,57741.56684843431,-571801.0661246176,-78855.55912647238
2,33,1.0,-22165.467709218858,31005.243450267426,-583601.0784046914,201613.87724838092,1296061.4968740414,349363.75380623573,-127896.62154779106,-99740.3460621618,1228762.3894722867,68984.56849597328
2,34,1.0,22762.47274786463,-32148.75913239691,705651.6317104491,-246205.38176565577,-1738630.3279051776,-468800.0822902083,186864.49514921027,124364.57162073896,-2023034.2745804745,-105553.80405020583
2,35,1.0,-23377.61860265858,33120.23225565629,-847176.3815856521,297380.74999466585,2328761.855327842,546405.8771440756,-240166.36641677216,-133411.79892900132,3040757.765829168,92220.48317749816
2,36,1.0,24007.087802448732,-34046.52185079831,1011168.5880473367,-356772.7891936341,-3115558.8980411068,-656546.1908501356,295262.5884408127,126517.11064397311,-4383563.464490824,-92701.89026538504
2,37,0.0,-39812.61027053121,49464.88985003241,-1224262.6876378998,-664825.4097371477,4172018.605937278,-165092.50336655986,218626.5551543864,34439.060232597214,-1.0313016764489599E7,-28707.905509187345
2,38,1.0,40884.52693789546,-55656.33721566887,1470634.5371415028,-558436.31143117,-5580524.234953818,-1273985.765879989,196757.82449168726,54993.188214781054,4453890.664529131,-86111.03416329257
2,39,1.0,-41985.99244131463,58783.34496237646,-1755893.1816011432,618055.9251342373,7458232.137633269,1031983.1316625249,-413608.82401351817,-79016.43870451231,1426210.4461603735,38909.396677906814
2,40,0.0,69626.02112913548,-86250.58219094,2126696.022287941,1154548.6306419813,-9974467.994579252,338968.54752984224,-423932.7015853842,-26683.315488740685,8066434.81365086,6905.003994490229
2,41,0.0,-115464.58953907569,139271.5330223794,-2622607.204065864,-596377.7904328125,1.3350751334376428E7,-1192970.3854836342,503590.59266646806,6554.843188647641,7465795.434499891,5973.83259067393
2,42,0.0,191476.16233031216,-229691.25487889556,3307444.104115753,1216813.956222562,-1.788826118482171E7,1872583.1964289136,-866184.3406431627,-19674.49369630576,2.3431235673869338E7,-5493.627118508721
2,43,1.0,-196637.44533252614,264929.82198245055,-4099673.882288337,1493319.8425419445,2.3938108257963594E7,4021060.811860937,-400475.7858407075,-580828.4612065091,-2974176.5981674897,703891.4567218838
2,44,1.0,201939.61088406114,-281806.4318286787,5018812.897223757,-1729839.5982449849,-3.2003557014152322E7,-2823453.7373940917,1090571.1100887468,985170.1830594327,-1.825988617125605E7,-731330.5623614826
2,45,1.0,-207384.60896172153,292665.9354604911,-6085401.134639327,2118046.740549763,4.275533404909806E7,4105793.32054886,-1603251.7398274585,-1240087.541536281,4.20667031259354E7,1023591.0328566121
2,46,0.0,343909.5127133044,-426798.2894258779,7522623.753065757,4218481.757561493,-5.715251135416443E7,980017.2362760095,-1507889.990683811,-331920.8091784042,1.0831174714506389E8,337318.9009475959
2,47,1.0,-353181.1141465475,480614.06467516173,-9185808.6626138,3443075.523431411,7.634467656742911E7,7940490.823349549,-1141741.4814450303,-626263.5101943746,-3.4865647720256366E7,987544.0891260983
2,48,1.0,362703.4976950606,-507750.57022710517,1.1114046229247857E7,-3867049.6802012394,-1.0192739006742316E8,-6573006.381834841,2547992.583841427,1170678.3798915683,-3.998386344879637E7,-768403.369381446
2,49,1.0,-372482.97227262706,526193.7162211882,-1.3349538922568312E7,4684978.01094595,1.3602710939000058E8,8880797.572471851,-3606865.610772191,-1402045.5724883217,1.2199375404599804E8,1196194.7727590387
3,0,1.0,8.067225547714877,-0.0513075886183198,8.713996232521598,7.20537466088587,-3.9221669176184806,-3.7759534595248447,0.7609722480867596,2.4582521480152972,13.014539280843993,4.7319091089460406
3,1,1.0,-8.915194720289094,9.997471545607741,-24.078610424429097,4.457007166504637,9.209283633087578,19.376601205992852,-3.7942839669640716,-25.71288334716967,-27.1405774855607,35.985618557745646
3,2,0.0,11.211017758479134,-12.180919438714216,43.59713549017701,34.43131891463201,-15.837181128109984,6.917092031271412,-16.56816649458957,-9.506350820667278,-35.090847644930726,11.031443116815144
3,3,0.0,-19.902429054120407,24.048992247968258,-80.83550516437361,-45.12030348945534,32.117609915551306,-36.55881364142263,29.999113569095123,-1.713213216890712,-79.00559973881612,4.227966074722279
3,4,1.0,20.23589366332307,-29.33921617196715,122.68180817250125,-38.714807712474034,-52.22299214923365,-115.02694418239658,5.445507244717395,81.3482483048996,109.31506213867867,-97.26680866578786
3,5,0.0,-36.0255468376678,44.006345270386596,-196.20248378213512,-147.39649130833084,87.97946217558436,-21.1969593621821,74.29947118117413,20.96658323173287,143.33998945252054,-38.09421696267542
3,6,0.0,57.71059792078421,-70.06303122735729,309.23490047293495,138.1070728394527,-147.34603214175945,130.60138542512988,-108.33862623240128,-2.136936145509789,344.77263717076215,-19.77855877730958
3,7,0.0,-96.53018341736461,116.5642139140604,-500.3491195959046,-273.2426295361639,244.39177615130956,-258.0349312473084,192.59358237040595,6.518491260624078,495.01171601497884,-7.277950427584669
3,8,1.0,98.47065050364716,-132.9176339502224,719.5739420291318,-233.7533083848863,-374.96210145361357,-681.0203310114495,36.33974019879448,353.72462436953293,-295.80340445874066,-434.4067009037731
3,9,1.0,-101.79180524469416,140.86142379873854,-979.4067264560315,307.4302292788614,551.1816794808277,587.1821714321313,-180.42849013061905,-675.4110271261106,-56.06402691710551,534.0799467842752
3,10,1.0,103.79036080535748,-146.21556720854053,1278.8398305055764,-418.822841694291,-784.4633725665133,-864.6435035704438,301.220916942589,965.2149522977866,464.23489225465914,-817.9408500175289
3,11,1.0,-107.5850369781347,151.32748427246662,-1632.6066926714407,542.0016195581615,1099.4658566011192,1066.8100384373736,-421.7776358377676,-1220.288775555671,-820.5996004802823,941.2059505079347
3,12,1.0,110.3128790368592,-154.7163807526092,2040.9732635382445,-692.1449195436529,-1520.830943293897,-1338.593011448036,551.8475325168295,1440.8586433739904,1038.4603909474865,-1128.0132229068217
3,13,1.0,-113.73580651119913,162.36499642678334,-2519.9488928113456,862.3387025081411,2084.744288726207,1643.055775253626,-700.9037084021444,-1623.7503975856491,-1004.3851881290057,1225.0179342906015
3,14,1.0,116.64391506668277,-165.0440312567069,3070.5910416366783,-1064.7775709055434,-2835.9221756944844,-1997.932961781695,872.311490941647,1754.7039291362553,604.0971587910105,-1321.2705473482597
3,15,1.0,-119.82647775070147,169.03366639370347,-3715.7684811556055,1295.505978298077,3840.4212505848723,2416.4684347382067,-1073.2323806904908,-1825.8390384188408,323.23925445922634,1346.664038125191
3,16,1.0,123.63741444490489,-173.3764274250971,4461.652199485862,-1567.7335017259982,-5179.650236759584,-2891.2976592218765,1304.0797613000461,1832.271980759262,-1950.8707629739222,-1337.4347173968972
3,17,0.0,-204.03641858338696,254.95145101069306,-5442.920822678187,-2995.153499458437,7003.652821721284,-746.9876854712074,993.0497117539726,454.1696607585034,-7609.4918131141385,-433.80897736304536
3,18,1.0,210.35485101022158,-287.35502643276146,6578.246204372571,-2487.3022984942804,-9437.983720398568,-5702.500250823925,865.985161276571,63.009425343181384,-276.6949728667433,-364.6890810567055
3,19,1.0,-213.82050844920477,303.76170348890025,-7893.600545920312,2764.504593552318,12684.071883610015,4646.3358051064015,-1846.4123504276006,-290.1521268383312,8486.821686702473,110.20987818287466
3,20,1.0,216.32850847729074,-309.04181572828827,9409.648076482554,-3324.257331491589,-17009.916587845106,-6255.5542896314555,2574.040342844663,284.234859500405,-17907.164720971512,-271.4111599261689
3,21,1.0,-223.93503904626067,318.6894128918207,-11171.149528506157,3958.181178649241,22781.569463268486,7179.085929483678,-3235.661192598221,-83.60490154142082,29454.665459536576,-79.63105402514289
3,22,0.0,370.87874969333217,-459.6218773651825,13421.720191879587,7197.908571432791,-30547.084322510636,1819.1070819114136,-2350.476759735673,-65.15041080519644,70589.25662400377,-65.72289973094284
3,23,1.0,-381.3168986770566,521.4445237035098,-16025.816025285989,6111.804858038447,40902.353151824136,13888.181436585663,-2173.3532358335297,-655.5962779472903,-28933.870790968653,754.0128274675305
3,24,0.0,630.500631707715,-778.3716567957292,19402.75384474762,10736.846188965292,-54826.15034489493,940.8115724261787,-4690.937065958928,-230.31899226835287,-22891.522202105098,253.8530799032278
3,25,0.0,-1046.3067894742526,1261.029860536039,-23917.281454964806,-5332.028361096139,73589.29971652055,-9846.413332183494,4903.539166574289,59.65140023779969,-82071.38189444196,143.6686305849464
3,26,0.0,1735.387419094237,-2077.239437118924,30147.190726091932,11115.574703900962,-98938.82528134341,16572.94072877062,-8048.876587618137,-181.08368445161983,-96043.75381146988,-10.859491019451271
3,27,1.0,-1782.349307545763,2397.034061370262,-37354.95213848765,13612.315014747272,132745.18164943,36475.24719014945,-3582.6899002400482,-5263.472587895908,160370.63972055554,6406.1368921419435
3,28,1.0,1830.6333314456522,-2553.540511064688,45714.32808918746,-15761.920448459916,-177824.2712374834,-25766.460612534072,9906.171120416546,8919.956296803859,-238095.16108117424,-6600.049167643279
3,29,1.0,-1881.5786776699667,2657.2844338589625,-55420.11499603946,19290.450460094642,237930.0929873305,37373.4136226252,-14590.857204560087,-11224.19381495897,337887.8258846573,9278.037039312818
3,30,1.0,1931.507956591788,-2736.5703975720403,66672.11741478712,-23360.066412469616,-318056.80341560324,-42841.93285886067,18826.669298491674,12287.917485608461,-469855.81483094266,-8789.85029670004
3,31,0.0,-3205.176312748808,3983.159521704702,-81583.62439611534,-45048.78592974115,425480.0423265201,-11441.873603245182,15339.085204703604,3265.1779248706844,-1093356.1209060363,-2722.3488759776105
3,32,1.0,3293.114888633731,-4480.991923697092,98832.7997095613,-37280.658071927646,-568688.6496700824,-85733.06800216378,12802.806364059368,4957.173283705608,486803.70263022336,-7851.725447789851
3,33,1.0,-3381.6120976360025,4734.626835718626,-118821.54848798351,41573.06340565441,759592.8652484585,69992.13298329976,-27629.102689250223,-8769.324655611355,118279.66302610803,5451.627631205504
3,34,1.0,3471.53947465606,-4905.050272347897,141975.75618987036,-50057.48171361963,-1014059.8626048437,-94418.71952582749,38717.52397218975,9283.263829128093,-768280.6716490651,-7676.710567316893
3,35,1.0,-3564.2185345451403,5052.022080945063,-168791.9839327379,59763.282882899584,1353241.3263077491,108526.76391689142,-48785.09840855204,-6845.266043538669,1513853.720410857,3226.3114439846586
3,36,1.0,3659.746365691784,-5191.51454916424,199831.00757761043,-71019.09450113575,-1805326.1302517673,-129565.7821437843,59210.36347666071,1385.5995318556832,-2414156.95345892,459.6012014023608
3,37,1.0,-3757.632695453889,5330.431194490476,-235743.22766589996,84045.43461322306,2407884.694969812,152343.5683535549,-70732.75796864793,7392.214989451995,3541650.4031423065,-8698.567180995638
3,38,1.0,3859.3880432983347,-5474.34033442555,277269.8101950465,-99114.95910660409,-3210981.047800255,-179194.99853609246,83816.64694075302,-19914.124365390257,-4987845.354179742,18465.347072096753
3,39,0.0,-6401.673637377744,7956.145842079233,-329006.22125912615,-172876.04696255582,4282557.606376402,-43039.374129678195,53706.89942607871,-3946.720123959362,-1.1460205570727712E7,6943.251277549425
3,40,1.0,6572.296663251971,-8949.96013791715,388750.2750412734,-149567.3659008323,-5710764.873469653,-336567.7959802487,54863.614630680284,10399.098613362747,5230384.668585049,-8043.223152317223
3,41,0.0,-10899.873925362455,13416.937012902396,-464159.56181902846,-251304.45069782887,7616333.431744335,-20443.559597639647,107973.45790343481,3733.0447858985845,5409106.752648864,-2178.0047813597766
3,42,0.0,18074.10909752113,-21771.154511456123,561786.0780096942,114965.64561712006,-1.0159512582053026E7,230457.32763560963,-108797.41522884512,-1153.2200261192659,1.5441193588739403E7,-1500.8086490605053
3,43,0.0,-29974.937663914283,35948.8172874824,-692035.2335170964,-242591.60851765398,1.3554809079736795E7,-382599.48847639625,176434.90089507293,3076.1806369935543,2.084712998890519E7,594.028864030905
3,44,0.0,49708.624259961514,-59560.475320688856,871539.0623828713,280449.6515912189,-1.808964188588683E7,526255.9692972158,-226585.10968761187,-4779.136885295355,4.801311560371063E7,-1734.520137343936
3,45,0.0,-82433.62350182375,98753.94821074934,-1127161.2458540602,-407410.9648462114,2.414964369503426E7,-695726.1829441481,315893.1563415651,7951.611917528812,7.464719735230285E7,2535.6893373701737
3,46,0.0,136699.65625209184,-163756.47438918578,1502595.7427855155,571530.0757129629,-3.225300242756855E7,924662.6097170847,-442269.1164482944,-13122.607337422,1.5416736188037437E8,-4339.476418818112
3,47,0.0,-226693.1237669075,271560.20217629056,-2069345.2034911255,-844978.4732905377,4.309739089181904E7,-1257327.3426572497,642814.1465721065,21704.819957081007,2.5849159590267423E8,7107.7378492251455
3,48,0.0,375928.61415063596,-450330.02106292377,2944838.097720064,1274974.1842147077,-5.762431737932896E7,1761125.154084521,-958988.150378602,-35932.316119710835,5.0434325042384243E8,-11802.724402430227
3,49,0.0,-623411.6242197355,746789.9994153266,-4322533.163851667,-1972371.790907639,7.710798476973638E7,-2544442.963160669,1467723.6842291574,59505.69626460683,8.805039597223785E8,19531.584207288182
4,0,0.0,3.0937676917540164,8.241848914333028,5.2219191029355,2.510546080669004,7.996382521337581,-3.628059849788901,-12.0781029629173,3.5466029215746717,-11.172326220255695,1.4541837917701639
4,1,1.0,-3.5676861151258663,1.9695294803244636,-13.859019061878312,3.282579949097377,-7.552111464320117,10.097933487810222,2.2776046804141625,-11.004423009001263,-7.461169476021965,14.637441235198022
4,2,0.0,5.5109192162718585,-6.519521605845155,22.631687880893338,18.21452710773697,8.988618666354904,2.3749691446889694,-12.749859050324362,-6.4823330498142715,-13.707853477402907,4.161065379357296
4,3,1.0,-5.367585867542499,8.069457431726864,-33.72994991075779,9.722067437252894,-9.283077170643674,26.89886940641145,-2.1048410437782046,-15.537095857495009,-8.3629471809601,23.10356031647627
4,4,1.0,4.97095546219843,-6.433891585961542,46.629795316975816,-17.588037181796953,11.130350475087827,-30.883914283057297,8.791009892108239,31.318353762522957,46.87096800189698,-22.12602815535555
4,5,1.0,-5.404600241985008,8.512091498161906,-63.526394817674536,18.45626048754251,-12.392047836111578,41.62638552585994,-14.502968918875565,-47.65146264780603,-89.13427968150265,44.92352796079877
4,6,1.0,6.169131082480557,-9.145869944046021,83.04850449324177,-28.513061518330463,13.449472038243485,-54.44540173612451,19.320291907564695,64.67140090901302,145.16317385474275,-48.81855031575312
4,7,1.0,-6.018040746394935,9.49435321421306,-103.07777753575726,32.46276736796981,-15.062434735413754,67.7188672828327,-26.230531195173473,-80.9683175779538,-202.41164094912284,66.59980535946343
4,8,0.0,8.317443313857392,-10.956751154391807,131.89227207608187,77.10328363523884,16.74695600514851,17.830867408087702,-28.94483414666717,-22.498510973638332,-366.9947396559431,19.983500405745662
4,9,0.0,-14.395649379039055,19.850054065318353,-174.86278400705245,-52.97027396192268,-13.897002273044288,-77.03868343142227,40.5382772213082,-5.747786552901658,-662.8021354898517,6.917985917262931
4,10,0.0,22.11772642685431,-28.379501613245644,234.8359292763388,99.30917661695023,7.398339461446188,128.80557429335306,-72.56966498792919,-3.938479101105098,-1213.3338014786896,1.3827471513917646
4,11,1.0,-22.66881947326406,31.17098090143402,-304.24443541528035,104.74425554151172,0.8446623990479558,295.50122093661435,-22.897071759438944,-72.59651136474695,892.3564195243589,90.89587956852255
4,12,0.0,36.50506268290024,-44.04870548581728,404.314450837157,249.98690497182386,-19.032459651496588,18.31092679247782,-122.22899962122402,-22.44280334580954,1656.6775535753986,32.06126574917034
4,13,0.0,-61.989462981541905,73.36827211474466,-558.572087482852,-183.95662860342364,57.009148423004774,-229.23453521370524,150.1586291207156,-0.7185870630163499,2998.9827771567734,13.465752004700263
4,14,0.0,101.64932466218326,-120.77422464291654,795.3659070011677,364.02990328530893,-127.63342776234174,423.2616330887229,-259.85848361484716,-13.995594568165595,5562.645421755477,0.358995347394822
4,15,1.0,-103.52066313181098,138.82856010912406,-1070.004786759981,364.4410887250582,221.38211441854963,1026.6325785474726,-77.31076453400016,-344.20841723432284,-4588.585737252705,418.84208286087255
4,16,0.0,169.89211010431916,-208.67724248919853,1482.1332756614368,976.4798869391457,-378.0814559461928,89.80913266676647,-480.66742730352115,-102.96812320349062,-8137.702585368065,151.88264748582293
4,17,0.0,-282.03905811827246,340.6852026660981,-2128.8881802743776,-775.9465446781983,644.6624062960648,-880.815312100961,621.5303716865877,3.871975455857905,-15237.464722627423,71.98743812259526
4,18,1.0,289.58222549535884,-389.0515265840607,2876.7063962058032,-973.7546911769041,-1003.6625554292194,-2677.522866733081,232.87749408519943,997.6534988240429,12363.18282267293,-1166.950894173838
4,19,0.0,-482.3997432040242,592.2911700427194,-4032.401948363175,-2682.462865823542,1577.6668974767094,-295.78157049222386,1310.2025927139555,287.7784834286262,21616.087696205243,-422.94651688493786
4,20,0.0,798.641283768199,-960.4170867237219,5835.378066742377,2159.147432181474,-2500.907945096404,2434.68660637495,-1724.5046370578016,-21.49050381589618,40920.510764881685,-207.34001555152065
4,21,1.0,-819.2957358591203,1106.7126597448846,-7928.3185827591315,2665.908122248465,3741.21248650907,7380.244318348542,-636.75042261389,-2827.7991044113987,-32635.710130195108,3307.2995028987393
4,22,0.0,1357.1606356130599,-1669.1259478860113,11151.539717318354,7447.64761602788,-5662.634939652794,831.740519943622,-3643.7285821242467,-820.2665078385701,-56213.33623866945,1194.3105968047837
4,23,0.0,-2252.531227303867,2713.7376533912093,-16205.591473688075,-6064.36882894522,8667.021246303824,-6765.02206837852,4820.526455792288,50.488124703183864,-107587.90666776961,577.1132418809685
4,24,1.0,2313.5154403991082,-3120.546655411408,22066.095733362064,-7413.822300271344,-12701.825326012555,-20543.268639974714,1754.9405732983698,8003.597089233882,84436.34631071235,-9364.908492150958
4,25,0.0,-3837.292530026753,4714.281700487155,-31129.80646634209,-20853.13553767294,18839.481137602637,-2347.143663233606,10207.896129060091,2315.3185438146393,143060.179873065,-3389.646308275967
4,26,0.0,6361.4994808814545,-7660.599832783023,45346.57161837226,17051.69445676172,-28274.06739301241,18936.542229380364,-13545.910504531375,-152.46462052136636,277215.02274322236,-1644.7346171261504
4,27,0.0,-10550.415998889237,12652.924807357493,-67976.6834040414,-33618.78174521113,42934.36115655403,-35803.009080221746,23765.92914157089,1113.4953161008987,483150.1780095692,-297.83700737385465
4,28,1.0,10833.724184805971,-14593.769790240709,94217.2696379509,-31497.607889415875,-62611.47686279836,-90005.61805632041,5993.081503266231,37303.28698284756,-388081.92920794873,-45640.166999478526
4,29,0.0,-17967.232675804586,22064.504002629503,-135261.83729444924,-92431.33829521421,92389.06706572279,-9840.124542185167,46044.78035524689,10809.273181402052,-765602.5884297014,-16720.346885036466
4,30,0.0,29794.33448881155,-35873.61432084498,200240.46464202803,77925.97589180699,-137960.35346944188,83371.06288303081,-61630.75517346637,-711.0720603345584,-1324907.6104914777,-8090.6870410384445
4,31,0.0,-49409.01657070122,59249.08446184244,-304370.5023712166,-153343.10616046327,208460.57478535647,-159625.02600344966,108336.81910742105,5219.514665215158,-2540039.0609414484,-1574.408010076065
4,32,0.0,81934.72435930166,-98169.68147971587,472841.4125784032,231862.78396845126,-318608.95349978656,262456.5081751641,-170577.31522335333,-7689.407221966332,-4468991.663924303,-3969.052659450078
4,33,0.0,-135875.19521908596,162771.2342426629,-747369.6317251235,-381610.4743303072,492258.19144962117,-419720.7355110072,277290.4233818443,12968.76509079909,-8450335.483268833,3605.744732398311
4,34,0.0,225324.13348450355,-269918.59490660444,1197026.2653988427,619082.532444537,-768209.880971384,671933.9931706673,-450102.515976992,-21454.824827014425,-1.502892689508833E7,-7344.489582670218
4,35,1.0,-231398.60406597977,311635.67323175666,-1718747.1811043485,558565.2259354893,1139003.2475021533,1648174.3544247965,-93501.93174425815,-810290.2463766625,1.1869553038539989E7,982183.0516140393
4,36,1.0,237635.8776620619,-331579.49694300717,2327253.030907846,-735474.0833500134,-1636277.123356248,-1381205.168619671,429409.4853000266,1566758.5847611194,-8962963.057361934,-1254469.0010805444
4,37,1.0,-244042.53767352086,344386.95595332666,-3037192.768440971,991137.9181060223,2302197.4948130664,2058478.307308913,-714116.5581941941,-2246916.7889164886,6444952.5869876025,1901681.1758537216
4,38,1.0,250623.93872376543,-354969.67561132164,3864661.0395001997,-1288797.4603897282,-3192966.6869657217,-2519234.776257773,998100.9118780203,2846585.631898567,-4464970.426229541,-2201150.525949266
4,39,1.0,-257381.35253227488,364975.2368247797,-4827954.917475051,1636140.170366527,4383484.6147390315,3164572.5392147005,-1307958.0112552708,-3357399.9324514274,3200028.1432221383,2623971.845416359
4,40,1.0,264320.38573063695,-374959.01648109785,5948070.976199555,-2040576.8690542446,-5973577.317384958,-3878534.414798875,1659452.019992413,3767488.211639881,-2869154.4307307755,-2841938.1857214062
4,41,0.0,-438329.77005183545,544627.9918269725,-7504337.986706822,-4337036.982873909,8179361.108015464,-1082119.6432564326,1545292.7546736968,938777.7724227627,-1.016806621135431E7,-929302.3188220569
4,42,0.0,726890.2721808959,-877301.4049341469,9729801.682818718,2678715.2477077623,-1.1262719038116232E7,4341520.2162953485,-2101761.577672026,141335.58877972304,-1.252178930374846E7,-373555.43198016915
4,43,0.0,-1205419.5172740482,1446180.6256219486,-1.3008147603738695E7,-5372602.627696394,1.5610211907348743E7,-7196346.609843508,3770115.2380033033,165685.01891862872,-3.1507705262144186E7,-104364.14419678896
4,44,0.0,1998971.8381682222,-2395320.7925633565,1.7968785443254177E7,7201446.811738603,-2.179926715282123E7,1.0517310572933005E7,-5478846.02578783,-179543.14220925354,-4.565279791841677E7,-124154.39912959447
4,45,1.0,-2052865.1836574883,2764936.199722158,-2.3716823681739718E7,8204957.412439266,3.0074435326106768E7,2.315707387367796E7,-1879138.4118496059,-6851107.081996444,4.970003527314252E7,8263145.675397658
4,46,1.0,2108211.1252568425,-2941713.1827267087,3.040539294886337E7,-1.0070974403842624E7,-4.113054939881572E7,-1.750547793106258E7,6147261.123340649,1.279355097761453E7,-5.453569327475756E7,-1.0081670918385917E7
4,47,0.0,-3496092.6502986895,4327515.505024034,-4.0225397319268376E7,-2.476897399641101E7,5.655624006514774E7,-7379893.445901773,1.0311686136983385E7,3413622.1088409442,-1.3228924343195982E8,-3261607.69322565
4,48,1.0,3590350.6081614615,-4882050.854103164,5.16114636605394E7,-1.8606660474431485E7,-7.716144212199986E7,-4.523742479764654E7,5204552.0413948735,8444091.67089411,6.095350760476841E7,-1.2458521856598254E7
4,49,0.0,-5953957.334081079,7327067.31932038,-6.831619234528115E7,-4.271920105883641E7,1.0579919595586476E8,-5076648.368819853,2.0194105068460878E7,2663497.8794263876,5.2465752713879906E7,-4684638.029370958
