5,0,0.5567439401800234,1.1284679440917444,1.1828268281254377,-3.75055607736511,-4.198122594564014,2.134804672307353,-7.63061844243406,2.244505405287454,-7.266446215865493,2.150785466061669
5,1,0.1275379890990569,-0.4447134495024414,1.837362255400406,5.314171518813198,-4.840120354631467,-11.239398105107774,-10.500354355240718,4.524000671015198,-7.832622588405816,-3.3878235740667977
5,2,3.024110536994413,0.9641758383179291,-1.8906893948105863,-3.9708805876857527,-4.409411108294952,-4.97046374890082,1.0382997721735683,1.3061659542037602,-6.059806294031013,18.92811968007274
5,3,0.10268188174913517,1.2209345887233352,-2.5230702374615426,5.631939092049152,-2.948779821983822,-0.32250029042789086,-6.5298591970865365,0.7614090489444231,-4.04804727882559,-39.00407397332895
5,4,0.15607467970751165,-0.26280415649992706,0.2189876369317325,-4.690132928677691,-3.698114073169635,-5.209573532951918,3.945430496383303,-1.334385574946897,2.9329468094858573,86.49790932695318
5,5,0.9509225439508208,0.638847212553089,-2.0857317234185895,6.148578114318214,-4.350737055024412,-5.546359788726384,-6.482676305653212,2.0175538093734353,6.748593344800854,-183.1128132519788
5,6,1.5170160788350118,-0.744589453358097,0.8655670490251983,-7.0127011093352705,-4.754227982837972,-9.022810664968341,6.728956139776049,-2.585340239779737,16.642765825804965,375.57361899347836
5,7,1.3340422273438681,-0.47865765558475737,0.8312455188097985,9.500361491895989,-4.242361638469318,-7.356417520896835,-10.79719391732971,0.6768795688134911,20.554276908084784,-780.9953162427254
5,8,0.004950892157370768,-0.01099096372709385,-1.482221308665349,-9.174268274279331,-4.774154457854208,-4.800469460156241,7.084039679946334,-3.8143274563176695,32.86621532018667,1581.0367125369205
5,9,2.826109716922242,0.5121198351278647,0.40365362580064224,11.94183553862134,-5.75703323695204,-10.481230597214232,-12.243707582146708,0.5873349564859236,39.56741386367938,-3235.617987760679
5,10,-0.583650827226155,-0.6240582496094709,2.1235026564049817,-11.046836998765851,-7.25384423545351,-14.303115568880525,9.01055126280267,-4.260253124633032,57.68104049189336,6546.959746324263
5,11,2.1278044852698215,1.124172149924012,-2.3382154171518588,12.97558828876097,-6.796519351788859,-7.590191950413415,-14.80504201650434,1.5220051107911903,64.3553136703931,-13312.213516333712
5,12,0.03114631743690785,1.7003991772107392,-2.3102366228653786,-10.071418635478496,-4.941930400540531,-4.540048361297219,7.693120950647312,-2.4456935010393934,75.9959911627156,26954.037183859033
5,13,1.0152444323637781,0.8491358204766584,-2.916317444611538,11.056988677237054,-4.529811515521118,-3.8102121739441563,-10.499305334857187,0.9243871632542414,82.6610437542417,-54677.69353165376
5,14,1.8267523934740209,1.4252694135905188,-2.835575464678833,-9.352013635651023,-3.078480358444392,-1.2229458291945303,9.539772867838709,-6.168760288536648,97.3024912374413,110772.55687556109
5,15,-0.34260893490948263,1.844559104206092,-2.6054561961735994,11.807466830681669,-2.5457229158913037,-0.4041209554830961,-11.967241214877841,-0.5632874736542901,104.14536474725446,-224557.17723639612
5,16,1.4232310775971193,0.8337097362937153,-1.6593386717141847,-11.203702369561647,-1.4960940892004149,-0.7876152295692358,9.756776882326072,-5.664671776003632,117.26707843156116,455039.46340537065
5,17,0.7997941297426827,1.3753556118102122,-2.101983423420873,13.577862224191772,-0.6758988468627485,1.180655719688795,-13.394499660233226,1.5391387764201359,118.29880766349237,-922258.238082583
5,18,1.1596759701801853,1.2827746267808884,-2.057413380189295,-12.047023740883851,0.7778740839649789,5.466326157961269,11.691494805552175,-4.8531589754535025,127.68257701414227,1868991.2344143235
5,19,-0.36455704100912356,2.2202208661457283,-4.9371008076282505,16.4092075114868,2.370564350794009,9.136899181511607,-18.029804441519843,3.802251074051324,121.82746045702466,-3787767.047526136
5,20,0.7632264278395675,-0.1935495796367681,-1.2545040837037378,-15.428497241016577,-0.3059413635139676,0.07621629209676745,13.632311616300932,-3.742568948124897,131.23497498177997,7676214.178836666
5,21,2.040507882787189,1.723492743948563,-3.828417382039326,20.27478726037822,0.30270554745275724,5.190535595098808,-22.523140108463284,4.776410976150463,126.70908688414094,-1.5556650373011852E7
5,22,2.160511857542554,1.1509968508689612,-2.3770174707341063,-18.463113968412724,1.2878970343848932,5.1337182637456005,15.813106021461513,-6.0656386222367695,137.53830397649912,3.1526951405968726E7
5,23,-0.05445678986106217,1.8345067821549828,-3.9033256027946304,21.247951070290917,2.1223300539122527,6.782959434679081,-20.955718432102106,2.56357696266663,134.34253254197682,-6.38923947213971E7
5,24,1.3204970396179032,0.43364069883892653,-2.4416771293369726,-21.3252193670412,3.3186622661469114,7.999811317251352,20.494194893516173,-8.15888767745881,144.45174921274864,1.2948382826286726E8
5,25,0.24806243001989348,-0.7053368888784309,1.1092513608502836,22.429263655521,3.126322442764193,5.562184587310399,-20.937597327061855,3.5882668821916863,139.39287750023007,-2.6241112003479803E8
5,26,0.8529800549355134,0.1867407371196796,-1.2054317613330745,-22.45847190600382,2.068772057176791,3.341422180223522,22.01994917757159,-6.85005764934161,150.04880335028759,5.318004865133993E8
5,27,1.2306771857835355,0.7035925173709682,-1.6876855789194753,25.792429735554613,0.3364070206466101,3.142657668386417,-23.02244650276516,4.28266433738421,146.53104235332512,-1.0777432503243132E9
5,28,1.3040814433343006,0.8909843358656719,-2.2121487101158945,-26.04439660645232,-0.1804343093455542,2.57746771346691,24.34415695122431,-8.92857523079117,163.28144216449397,2.1841468723220806E9
5,29,1.0074853432635884,-0.08363518726054509,0.05644010821923698,28.43304350877955,-0.27641783608848675,0.035694153126482275,-26.754127867898596,6.458735093310242,158.25232603364333,-4.42637687483694E9
5,30,1.263161712997325,-0.18700795567786088,0.5124222326186212,-30.26970595337326,-0.22141182500926992,-2.3468037052685005,28.500341167322432,-8.063412379817722,175.5554552889182,8.970464328383549E9
5,31,-0.625968820611435,-0.5641792310562156,0.4237644451477538,32.57654596974485,-1.556631343567981,-3.241994980848441,-31.322045928108206,7.217445552454592,172.30815954560367,-1.8179480325118107E10
5,32,3.621914802409412,0.42195548822623374,-2.0867154917636404,-31.973335410739168,-1.8145866301169182,-0.7791133761872855,29.94852764104817,-8.770222378079835,190.21913284426861,3.6842407477217606E10
5,33,-0.021083119066184763,0.4878175484509192,-2.6876848309806056,36.55104761433729,-2.6930739465038767,-3.1532638297144886,-34.94816612264847,6.751025314166833,188.78887024052975,-7.4664565167173E10
5,34,2.086033384430873,-0.4330604033678789,0.5342002448096155,-38.78521621108091,-3.122507529322412,-6.875977914590111,37.89520502473494,-11.79459000195548,214.94199937723027,1.513146849125127E11
5,35,-0.16447439939166292,-0.6221494669688901,-0.6868761416573099,41.42602772206425,-5.855178285776136,-7.648873527718295,-38.658012501051594,6.600550549318278,218.78192116134144,-3.0665328111797845E11
5,36,1.1789672923852867,-0.07656465198020102,-0.7298639944574583,-43.316353001877594,-4.911475062603736,-4.581556362271679,42.81382615096631,-14.70233437863505,253.3687639358448,6.214613922856113E11
5,37,-0.8213456257313628,0.17924969751948883,-1.6968151402523646,46.06503574967153,-4.38697638669268,-4.461189750764531,-42.2953165545612,7.366259360034692,255.72871975990202,-1.259449306390863E12
5,38,1.540942202682796,0.35363432251699833,-0.593460184217578,-46.84814629637499,-4.560714606643867,-7.218674305927562,45.313545128611345,-14.227790476392748,289.1372636196029,2.5523911457162373E12
5,39,0.5915990790989367,-0.3273059172172897,0.4477197638036098,51.01108726003276,-5.099261890146593,-8.937972419779221,-48.1242955980666,9.133710026923369,292.1095282512561,-5.172658024562393E12
5,40,1.2139340716649107,-0.6541108732368368,0.296193099428653,-54.466293131724136,-5.1502848748436465,-8.542748386303868,53.139881739447816,-16.373116038286312,331.879550818531,1.0482872534094518E13
5,41,2.564190397122386,-0.7667337179412173,1.6396483323377236,58.124577124744164,-6.891444470479511,-13.878828541844886,-54.948210580362414,10.491033250868599,333.3432706754169,-2.124451607792459E13
5,42,-1.695306682468421,-0.15602978095433706,0.5922491850160233,-60.18029980152071,-6.384073513255845,-10.686569883473302,57.70910430922488,-18.29087100372578,379.4345655817375,4.305398753164694E13
5,43,2.813236600478895,1.4231182107425462,-2.94021864257558,66.93069885826728,-5.853527122062943,-5.99388936866504,-63.8571376435814,12.315906750156556,380.21555052765524,-8.725290967265286E13
5,44,-1.4987224092822375,0.23338557693814999,-1.345922216985131,-70.87647559682486,-6.587771209365102,-9.059326154772087,67.1776937139493,-19.717741690008385,430.80329593028245,1.76826135807234E14
5,45,1.8687577548124996,2.6367988568981695,-4.047561143678976,78.09835763696815,-4.537136564772123,-2.4262804492986976,-76.12254506842639,15.384837708390481,426.00880076444133,-3.583546087101971E14
5,46,-1.3502699031773262,0.9475483260215105,-2.0796281223106856,-82.35318768389544,-3.390179961479696,-3.83562028861637,77.77408937365107,-21.58118484004816,473.52143146803644,7.262389408525772E14
5,47,1.9314064977982253,-0.953756011008301,1.7772610878705888,86.89275163740736,-3.8304723630334374,-8.56428242634503,-82.46842426850678,18.997298840551434,463.8066501371037,-1.4717907524873842E15
5,48,0.4261574919951624,0.07675559454880698,-0.9709581737625887,-90.99342883519837,-4.828444636060961,-6.665592425404544,86.47303706107549,-23.084818043377688,519.4188585608598,2.982720833674595E15
5,49,0.3509911302771517,1.9129941178896779,-4.524378026327259,98.5597749104394,-3.120202701610713,-0.9741235048651302,-93.21297732125328,22.80535304609265,504.6863746256794,-6.044761156843703E15
6,0,0.6501408441701937,0.45167016643385793,-1.362734984083355,-1.018398026940971,-0.012881042854228753,-0.43738234876690596,-3.1603303419569677,0.7316161067033183,-2.1451555462262544,1.5663985202674906
6,1,0.4917267510184543,0.7520721770203074,-2.684344926459016,2.170465736697434,-0.026353128748096075,5.361934352015166,-3.9420396238159356,0.11453605130014549,-3.559841498335664,-1.9171865406612827
6,2,2.4423130124008505,0.8704447544505459,-3.1377443992566794,0.36879344926149316,-0.4274754248236443,2.908902700904945,-1.7564258473432628,-0.4766775632423904,-3.929654205504967,8.013609828668024
6,3,0.9205487121183207,2.0496309638273535,-3.0287636444664106,2.1588972879308166,0.2721057183060561,2.7432313631417458,-3.386189774458086,-1.1502674532689565,-4.138807836112174,-15.059695771370503
6,4,1.3731282203597825,-0.6191611784354221,0.8455656153763031,-1.8870347387958053,-1.343298269386024,-2.1019705332012473,1.2720959203206201,-0.7726897553605669,-3.4621676084741315,38.76770634075567
6,5,1.45854598539497,-0.6067897657484455,-0.637602376236069,2.154615347646347,-1.543317085684236,-0.9048360149708187,-3.1394327747580295,-1.2274860796329143,0.15867635907329625,-78.59052665445822
6,6,0.5944070467325818,-1.2058269946818239,4.529081697358729,-0.6110056379849005,-2.339205451407928,-7.838910850783333,-0.15512897440349233,-3.5908820715323784,8.40100865149462,158.32217578670327
6,7,1.2321725609074081,-1.8954476327869771,3.9783878441386427,1.5448478147663094,-3.7827081442684274,-9.717120968459888,-2.999771401144427,-0.8233362885058351,15.726475893368155,-329.4964738580071
6,8,0.6754871216700942,-0.20206468324499283,0.4036411410269522,-0.5879679695379552,-5.323666970196499,-7.775782293315578,-1.5813542167810428,-2.3830665993810936,25.45395698271563,660.0911310476337
6,9,2.7265000400819335,-1.4729654240294763,2.2530756870844963,1.6450697782705364,-6.054507167856817,-13.83814301678721,-3.1592015557511184,-0.7769270929774409,35.077741205561395,-1352.1477352267514
6,10,0.440786207068516,-0.07945265035636928,-0.20763735697448849,0.6169986383810424,-6.692772754167213,-10.258005858438386,-2.2253096733385065,-1.7667957090174942,47.335964949263676,2719.111800382638
6,11,0.8507079041390007,0.5919284520134612,-1.132963598980599,-0.07224547507515444,-5.452005293047274,-8.001542248200105,-0.5886422241902196,-2.336520969943225,58.756455379932426,-5539.055696831489
6,12,-1.1929537919340878,-0.5789420386701877,1.2811292857040517,0.7327159659584729,-6.020994370009683,-10.478138916685316,1.0377438483621937E-4,-1.6838750444618236,69.91874286702055,11189.768034410195
6,13,4.0849896420708856,0.7512542973352081,-2.1653149044078726,-0.0025847714888003193,-4.609964402488115,-4.622138982792842,-0.373870752556491,-0.8624506641055092,77.5096117232236,-22713.653774898357
6,14,-0.48631608973996326,0.2287477516625239,-1.3568960100692635,2.223672693008332,-4.621737911820265,-5.883920110328107,-1.3591331558481912,-1.426311595896509,87.66487258374163,45987.71774000108
6,15,2.2669047765731394,1.202409315962278,-3.0892744858117744,0.2116626063177287,-2.6353124290243244,-1.4431376952752974,-1.1904238837518117,-1.750780969289216,95.630225719835,-93247.0780578716
6,16,1.0463842030052137,1.762660313606828,-4.133408776547153,1.6879764423143384,-1.293481718199823,3.5311800310373407,-1.086892978519468,-1.9776366146907616,104.54796395685881,188918.42446868232
6,17,0.3722063757528419,0.7857321132926316,-3.353293115795028,0.8397024605560771,-2.228209842504261,0.49111691938309526,-2.843766323842779,-0.4868655088376703,111.28299008756585,-382917.9051780632
6,18,2.126768199317103,1.7945453385205785,-4.421010814086921,1.2548546082026468,-0.779216692124191,3.160536543469208,-1.1676823853825975,-2.188887721310705,119.24887350958896,775957.2033143184
6,19,0.33633196575323376,0.07790898363972398,-1.1213160774090818,-0.10149620431407229,-0.42416838384371247,-0.43664514656835085,1.0547434533583175,-2.4481667903858955,127.03910313169354,-1572615.8301062558
6,20,1.757848641461765,0.6225221750972596,-1.6756150524274198,1.78485635971707,-0.45389047957544376,1.3206389042273172,-1.5057434382498485,-3.1019921517904785,134.64873671847099,3186981.219800813
6,21,0.579022368110151,-0.16062692614146823,0.7835876338798204,-2.0678040368779538,-1.1113434994971292,-3.6604827712441015,2.2780662848912554,-3.1276487744605808,144.82166657858113,-6458786.15285147
6,22,-0.4281396676327611,-0.36980519051241684,0.3979878068248185,3.739353894092141,-1.5552463722243173,-1.3783589369057552,-4.348212527602372,-1.6129113283131917,152.90909970822136,1.3089247497369684E7
6,23,1.9844848324278108,-0.03983144089811183,-1.0072467294790055,-2.4613880750497668,-1.993319461906455,-0.6819419858862419,1.819604611425233,-2.6276937742324367,165.13259653635063,-2.6526658873795476E7
6,24,1.0496671851396011,-1.5617348665317012,3.1673832215612623,3.2253142979700766,-2.8985433670079264,-9.473762500929995,-2.7418699047699153,-2.6217576693353157,176.9799103879769,5.375864585032014E7
6,25,1.285668457519453,0.20479258023936064,-0.9088560530315829,-2.7657965517197383,-2.690501222196884,-3.2783058386655393,3.3856482184837784,-3.01714984150365,191.02102407529426,-1.0894698940322824E8
6,26,2.338111346544503,2.630502730535376,-4.635551430631487,7.085839761972223,-1.2057164240823441,2.8723655906792693,-7.179777875283657,-1.1220341005185692,199.37541285255554,2.207910921861809E8
6,27,1.3475703192790487,1.4541477538505254,-2.911542618307627,-5.542749360654001,0.6445933494110958,4.280191186159459,4.86579595278669,-4.185147918922367,210.01024707290193,-4.4745378330745757E8
6,28,1.1768987954832162,1.862290541167267,-3.609085538355419,7.165290221027933,0.9931513704155536,4.159162042900977,-6.83130094018523,-2.470255269212857,218.094024480787,9.068065828356136E8
6,29,0.3984112613494532,2.3804753042924736,-4.990869436545648,-5.730043734828624,1.9759253785114375,9.19039692992423,5.911970228252174,-5.705859338088511,229.49759153845153,-1.8377279833375037E9
6,30,-0.17053316259763474,3.3741390231710646,-7.127206588413139,9.868337777358567,3.37635921989472,12.502573809388961,-10.58366337583502,-0.9708581120228618,232.41665096214592,3.7243265283276944E9
6,31,2.1390684412224856,2.368970057310882,-4.604686919694242,-7.236219704240475,4.176337620128788,12.603692539176171,6.146914966146105,-5.0662522603335765,239.87748766314218,-7.547694182918804E9
6,32,-0.08741283527458676,0.4544517747722734,-1.1072459718519283,8.65640352234276,3.6643504120200467,7.6959134343199,-8.027477486412003,0.41640232051854353,241.81703942824032,1.5296104044620874E10
6,33,1.3143598168238713,1.2443588138709372,-1.6543310405976128,-6.353113829067971,4.170938049985028,6.516140504976341,6.977942975716612,-4.8891287232810345,251.9927091072431,-3.0998977480373066E10
6,34,1.1278555725367376,1.2439575628367092,-2.8730191439254407,7.489214165028278,3.9677772149776525,8.327427201190385,-7.827546752142637,-0.02862903701095909,255.27430411027885,6.282231056749711E10
6,35,0.9659648306824812,1.657058650289875,-3.7384864153265474,-3.3621053489911312,4.108552398034735,12.24778819732785,1.12649969407384,-1.5259062388148859,258.3004461456625,-1.2731525485392847E11
6,36,0.442848732702277,1.1524641732471765,-2.6765757360296325,3.1611351865796036,3.4060856033640445,9.053731618837684,-3.5305879397443305,-0.34885554504111227,262.8733376398753,2.5801620389914957E11
6,37,1.8066018823889447,0.5377696428458855,-0.8239674079479404,-2.839876032260549,3.4740253253207536,7.957161418376323,3.0723259845415325,-2.2646929094291206,270.8804712824277,-5.2289383236055817E11
6,38,0.6938182883678761,-0.47395239561829505,0.22878535608987555,3.644328649863979,3.6912133632792488,6.248636884086931,-1.363456817818939,-2.090863563849496,277.07605443081866,1.0596929792666813E12
6,39,2.067491012081022,-0.4457465559284551,0.6211866769099748,-4.279727965957621,1.8438404153863586,1.232483091115321,4.852111174461289,-3.9399000568260982,287.29921291440564,-2.1475663720737349E12
6,40,0.2305225722757966,-0.8357024445577015,0.9455350052157763,5.320694676087263,1.5742325556462744,2.3173396453509794,-4.61485500884218,-0.9960788210851025,294.660495307776,4.3522429724620093E12
6,41,1.1533071451802064,-0.24252367331546817,-0.23334291492690284,-5.365885974705429,1.4367282730187738,2.807030575517792,5.759055915200938,-3.6514799167250738,306.4484748700067,-8.820225134220955E12
6,42,1.0962084073678546,2.406867492581323,-4.941226612473727,8.962954015594962,1.9388851551148845,8.960082076713551,-8.44441016152127,-0.8788678364505236,314.9205498196118,1.7875006498592832E13
6,43,1.2495835706747243,1.3407839786034963,-3.942505134345242,-5.350301523353597,1.7933210811338511,8.22447380499525,3.769849200073017,-4.334430916775416,328.3692775525949,-3.622536301139292E13
6,44,1.4516344807575323,0.7027450298492488,-1.2790815460025777,6.894089668861922,1.5219726895048762,3.520704878334187,-7.266863083567984,-0.24548151570096283,336.0103926746953,7.341406703271594E13
6,45,0.10458574164787482,-1.3803951805459511,3.720472191576067,-7.451135481518543,0.4691835556467572,-4.369640280097878,7.053889317701614,-2.979198558991716,349.77908826959657,-1.4878043421149422E14
6,46,0.4746012665344608,-0.03457231032906127,1.322128897207047,8.842791465783755,0.49313820319133767,-0.04267092138613615,-10.105676987310328,0.4957571047328796,359.7716376474962,3.0151738622865806E14
6,47,-0.12940600568340432,0.1868708535160661,-0.4555539841833983,-8.445318550499408,0.2047013901387113,3.093974628778078,7.376260166503044,-3.444916880899945,376.7644437432488,-6.110530237397694E14
6,48,1.6239962382496693,-0.9926663079749493,2.8228169798584553,9.149840954793982,-0.11780866323751837,-2.4634737241427587,-8.058954161203356,0.41772540100791805,387.80052164442577,1.2383557793850665E15
6,49,-0.183723963159649,-0.7121570624206347,0.880289404959961,-8.853930113248184,-0.9055377537979497,-2.854833525640254,8.248548120254297,-4.238697351099411,407.89638823836805,-2.5096431516716765E15
7,0,3.574373188916185,4.272512202479269,-1.6794705025468832,-6.524377246620781,-5.768760507513758,6.166835807830805,-11.01481059855703,2.628259645097806,-8.91364674957502,8.642805043301085
7,1,-0.8131554407381592,4.557751774695824,-8.089911159248196,11.034729749797522,-2.906039683496151,4.236381196610351,-19.940918788745005,5.1062773278604885,-13.678419462887303,-20.42330301911888
7,2,1.849950868609095,2.3691039261191085,-5.836000654895464,-7.524114228900293,-0.9851518083015315,5.790337319057638,2.317838645801174,-1.870106998344894,-11.260173507719351,57.79107391479019
7,3,0.21791592520248063,1.150798269103696,-3.3394489888928964,9.612723258965742,-0.5100938341495633,3.321354032326335,-11.235535708886424,0.8386875308592207,-13.021535863085578,-120.42570179485605
7,4,0.9752578425371857,-0.0314041620933756,-0.10110188269745063,-8.366117365592727,0.2479132035351489,0.9542644507483109,4.277854681154695,-2.095156419724607,-11.561266887522338,262.16475311476086
7,5,2.3997300172122404,1.5205161261869615,-4.2165891381662295,9.981028348564225,1.0655184760316536,6.800848042241068,-10.847433699744885,1.8688145204578932,-17.408691460171497,-532.5573125785126
7,6,0.17069913996073666,1.0510925732619236,-3.2667610192903958,-8.998734658713369,1.1231095730960716,6.094002759196543,8.00945413257889,-3.3471682537793233,-15.110909865753769,1099.6095034733803
7,7,1.5026578431765523,0.4850733148751474,-1.1643841217469617,11.247700855433711,1.0318257230571994,2.740579615225324,-11.050552987283183,0.4058764559759912,-19.476621772650923,-2231.573698822205
7,8,0.6457012116659617,1.7500822487095404,-4.918060725773438,-9.135451826368117,1.6336525913966,10.235889296211303,7.902111170765338,-4.722919166443485,-16.540913430079428,4544.493595629028
7,9,0.07293401628842844,0.31127604391105335,-0.6161616046017178,10.796024907970093,0.5274974629595766,1.3904711712231952,-9.677743885261524,-1.290027681484251,-16.356576660372255,-9214.181512800706
7,10,1.843189949650881,2.1839637603095476,-4.138201432997124,-8.586136366104565,0.743513216139419,6.192599914361481,7.7197826361647826,-5.484599101545631,-9.158114951820863,18692.562269494578
7,11,-0.1452265312440123,0.06620613047764268,-0.8328636505240852,9.792966032142756,1.3177518519677873,3.455163686351967,-7.8316997101677295,0.5997754271907689,-12.008766066055589,-37884.978501467675
7,12,2.3873155932119614,0.020840371280205383,0.18953479898692088,-8.481021444024776,0.4410911828457268,0.9080442771079225,9.101602126431647,-4.0788134187517455,-8.381415197793684,76793.27715346424
7,13,1.0255802257779711,1.701064061518217,-2.787207754492578,11.479592794442015,1.1968316826962906,5.475122341146491,-11.597647677566519,-0.501903189318337,-9.891197924315355,-155635.43826004645
7,14,0.3556658655864927,1.320933434612871,-2.1952384311185655,-9.219668736587833,2.5123312331450416,7.389820055655446,9.68323349735214,-5.569769383715555,-6.205329363747311,315423.279149001
7,15,1.0818978280416187,0.08654097483741685,-0.8733181618698331,11.065305104559082,2.9064390787577707,6.265719003221109,-9.584421022143067,-0.2519009341404685,-10.557455396061895,-639241.9639612692
7,16,0.09923847160029375,0.9295460876945741,0.1474014742614207,-10.879723307781894,1.753286724456646,2.573796586387481,10.32935884871491,-6.010032362462233,-3.47677741370981,1295500.3898652657
7,17,2.887738269980355,1.034354418692793,-1.3291733510894934,12.930906604687157,1.1936755544036624,4.904070823682712,-12.55944440160408,0.06863209380724938,-7.0087523899095565,-2625462.3641740256
7,18,-0.9323767411841717,-0.3998274400304266,0.7627719159113224,-13.267145481729845,0.08863296965117329,-0.47239473363118406,12.779492539062735,-4.55745617087687,0.012914488694704462,5320760.678637991
7,19,1.9594216943925127,1.3931614384121902,-2.232692404231676,17.711247361100448,0.6968217090972502,3.4135650682053624,-18.489658776954172,3.1021691030349534,-7.713612662990152,-1.0783032098643282E7
7,20,1.4353735641187138,0.2098771533370012,-0.9058421820314426,-16.911774173937093,0.3747496078004823,2.117790081951735,13.681121133537044,-4.594852530617065,-2.834373416960927,2.1852841780954327E7
7,21,-1.3816433359345277,-0.11615102566645275,1.7933572462967131,19.047856315419914,-0.25192309469892427,-2.4017903938575467,-19.87986445869131,4.199257192817824,-9.67275277853063,-4.428683152824796E7
7,22,2.114892572166367,-0.6750927389750646,2.3980731371565076,-19.949086069816882,-1.7506320808828666,-5.18976399532873,20.287194807116546,-6.276748419147026,-0.3426753834774168,8.975141114293003E7
7,23,0.2626346977359533,-0.5936726369409678,0.5120755031671573,23.344956386054765,-2.2378028526452023,-2.741195568534525,-22.83620956202659,4.148944392724184,-3.0451890878627967,-1.8188960548466727E8
7,24,1.430257717046816,-1.0651514677899596,1.566244097213294,-24.086827615856794,-4.286784619829214,-9.207951946030557,22.94462879449199,-6.035134541479522,10.377646870454186,3.686162303964507E8
7,25,-0.5172748977178239,0.34577699411072116,0.3674122678193128,26.616505138128456,-4.503442212605709,-6.178447528222343,-25.00154659362072,4.860103836593345,9.404171358548139,-7.470351064593052E8
7,26,0.6561005153004178,0.9288448398457122,-3.9210331558402896,-25.759201845603304,-3.997794385046145,-2.147378270286231,22.56666238972118,-7.306002647049988,25.868021052703977,1.5139361378701305E9
7,27,-0.15735614863109992,1.0446754114228871,-3.1762111362362853,29.5058102967828,-4.644588114349973,-2.624452841182303,-29.915495057646176,3.984711922760797,26.158819548719865,-3.0681324231047306E9
7,28,0.11293129681777225,0.30462069609929865,-0.23757481761147925,-29.336466547012904,-4.505035102557383,-9.279527437560803,26.288621490916647,-7.961673302800944,43.97450558756291,6.217855703380934E9
7,29,2.6419731598932135,1.207268744495848,-3.6208524880944832,34.03761742237742,-3.893040247164919,0.5867460294793476,-34.03067455021974,8.12442995117851,36.28434389785009,-1.260106288989053E10
7,30,1.0891241391008475,2.2986893328260734,-3.7587240405524125,-34.3964336689188,-2.4438452118464875,0.15852501663899865,31.0825280299428,-10.02464489224622,54.39684360852493,2.5537225837821644E10
7,31,0.23511093401229244,2.006239875351886,-4.523742536910373,39.138348430943886,-1.3761409669124332,3.72294412708638,-38.89408374741312,7.716731454679745,45.73231272360337,-5.175356314487107E10
7,32,0.758980944229737,2.4466504334180215,-5.298056651724973,-38.19738334327097,0.12675779075947763,5.663058660682005,35.44963197212247,-11.51769969248662,63.53660870777651,1.0488340870991638E11
7,33,1.455167567785589,2.7890506532339687,-5.807369205622393,42.39058673787182,2.023931273513001,9.805998660665024,-41.05904236296934,7.753615414490127,50.93872308985809,-2.1255598178607086E11
7,34,0.42416085788988633,0.47732881417539375,-2.9551280548607894,-42.219495692025674,1.2508121705142154,5.720193040112464,39.14578319020577,-11.4019867128493,66.93527832273237,4.30764464412847E11
7,35,0.9724972411731143,0.548437585060241,1.2968896450740108,46.164466170454155,0.6102818663683276,0.4577950790458155,-43.41826552197713,10.19627104267221,51.53997259767044,-8.729842474968014E11
7,36,0.02429065244483397,0.04828943701400684,1.028949986541748,-47.42523263061723,1.2378706340740853,0.20972059738112248,44.263196837794474,-11.938864054045528,68.84372657765812,1.769183763461465E12
7,37,1.3568820302615587,-0.48513668079066785,0.4495042329040175,51.87797303917809,0.5936482538141683,0.3337629859984377,-49.21920362023314,11.036113603451792,51.90533119563408,-3.585415427493815E12
7,38,0.7970315173140352,-1.1374983163771617,2.905398920308267,-53.931735401907765,-0.5831077358977584,-4.628201864676751,52.22105990690816,-14.391425838865333,75.07057508824467,7.266177800706348E12
7,39,1.3218733100314968,-0.5000554848391885,1.2081296893765745,58.46414821301447,-2.2647451297476806,-4.658367335863863,-56.48480831213827,13.56540680996532,58.34149857123471,-1.472558505403991E13
7,40,1.1162241628835876,-1.1716228217769422,1.1761679730095769,-61.59177592527873,-4.47660644875864,-9.425564199327972,57.78443576991722,-16.385803669099722,89.42950543752453,2.9842767563629605E13
7,41,1.5784570227923092,-1.9847492589099751,3.3009534190443928,64.34810739022463,-5.461484649392259,-11.782680012225704,-61.725432464465236,12.847880661299264,78.99694180248213,-6.047914378880927E13
7,42,-0.42004734807329225,-1.5945109345146897,2.063360401168172,-66.39902132865346,-6.95649001012803,-14.2662172280999,63.64442719587024,-17.759543504766658,115.23415190360639,1.2256660933414753E14
7,43,3.0570190760195457,-0.07042769660862802,0.8959434463895644,73.59805887869199,-6.578765904061156,-11.701597856871496,-71.24199441714654,15.945682853554535,101.19553059144266,-2.483926322788709E14
7,44,-0.6372303794523753,-0.6990486784442382,1.8532410244524447,-77.72157593460729,-8.036740043662533,-14.195665171540465,72.96156976303472,-21.715720310872108,147.97657594488345,5.033907693586249E14
7,45,2.040502101882453,1.4140848981610328,-2.659963525343515,84.26951572462114,-6.62923241205619,-5.701303504533631,-80.44899675216486,16.627742945475834,135.8251856119914,-1.0201682084958295E15
7,46,1.7606291565918468,2.4514926280706426,-4.942658554290038,-85.62750966306785,-4.631010912887519,-1.4874612460754,79.4586929142548,-21.44631571823173,177.51980192051232,2.0674657482326188E15
7,47,2.7533285967773615,0.5824925686736249,-0.42348742983536836,93.43855172639995,-3.763747452101461,-6.258161572827161,-91.98800169010143,21.932956734959692,154.27795320695193,-4.189911609201753E15
7,48,-0.5662562230969308,-0.19350429810540834,0.1497811389332107,-96.45762914144174,-4.438634698524602,-6.807474429492414,90.03816005811453,-24.54442304254788,201.62803841470713,8.491245529910285E15
7,49,2.315457994450388,0.256906915963748,-0.7752427454557965,105.54347376137667,-4.178089228044278,-5.182329765554046,-101.92796146547903,24.376448530750427,176.02812213056617,-1.7208298736153686E16
8,0,-0.5157675155277316,-1.2335741675920584,-0.6952229492517034,-0.5754110146144623,-0.5589454014135945,-2.2714494319764693,-1.3456099822381378,1.5215190237019107,-3.1463680395851226,-0.6073940554122461
8,1,2.3615759479190714,-0.7384810397447494,0.8366224493481678,0.3067157837348612,-3.0555468090545306,-5.166317571429483,0.13258550955176995,-0.18646809633230627,0.6516836495105829,3.1244117975269434
8,2,0.18047428967260778,-0.9568590053439466,1.808253974233986,0.2054504802346221,-3.5795211438068595,-8.8790120193997,-0.8677832879250195,-2.438055614943085,8.38144428609842,-8.027659278541504
8,3,0.9062032604892233,-0.48785865196881245,0.8493716827633522,0.1959854692256185,-1.841294822876792,-3.6316937313568305,1.0827082614765406,-2.4262098262821237,13.749468986239835,12.690648989976609
8,4,0.2827059638715659,0.31240929188286637,-1.8951381937253298,0.7029002825551642,-2.4552459958700408,-1.7857537174581746,-0.5429487621739378,-2.1677499822828907,18.926797770161734,-33.70588229584559
8,5,1.0574083572513036,-0.9382294840485385,2.486088573785598,0.5537896385760324,-2.695750245876515,-6.39457016740756,1.234302352447201,-1.765413474028375,24.15597314613774,58.78333776950006
8,6,1.1981421640928602,-0.7812036405254996,2.3181926950799383,-0.755594004799781,-2.682232270999111,-6.371904343303643,2.101710015228009,-2.3443705732540248,31.543376522404575,-132.21471297763117
8,7,1.4443276347033531,-0.4742575437129518,1.7191912056788592,2.585654541048478,-3.5283117010433593,-7.947505040175111,-2.362000081072071,-1.2914454486236457,37.95049230717582,248.3230943536285
8,8,1.049493744773065,0.6977521401104946,-0.34369423624200635,-2.196141158022974,-3.2826524029129818,-4.363021384799067,1.9962989556746344,-3.38917532854592,47.165696506369706,-522.1880566417708
8,9,0.3024169567948658,-0.48298418302116597,0.43707374719720854,3.991798195601111,-4.202608954814241,-6.8330227249753825,-4.304566578608881,-2.238387310456768,57.06533332314291,1026.633117791427
8,10,3.2830582570166156,0.08327049810217606,-0.09104613940575912,-4.495498127559367,-4.685266023157111,-7.733553772623108,4.548870041141099,-4.618151702449617,70.51896467090407,-2110.441011359384
8,11,-0.9467528581064545,-0.23597718201868317,-0.09390389632174567,5.169895662917776,-4.054217866595205,-6.195027011421332,-6.079125254642877,-2.7449445429316937,82.96451686488422,4230.560910485204
8,12,2.7429504242995004,1.016158171968567,-1.2393568302543132,-3.0938557540304705,-3.7470129864696746,-5.4317784402721205,1.6475114818682108,-4.077264289837608,94.57356444576526,-8618.02058848284
8,13,0.6089489323764874,-0.3841722454000194,0.576622675601796,4.053463876143112,-4.227364661320553,-6.669100090206682,-4.532672151439464,-2.9475669020808635,105.65812422110697,17408.194101075274
8,14,0.7858257332892025,-1.3502798703608725,2.0750010364519538,-3.7340094642728707,-6.291001450426456,-13.11413209361923,2.680380901543394,-4.654826454749831,122.36450656141197,-35336.087648121815
8,15,1.5449375067433786,-0.6705457539142281,1.0743082069730017,5.9719611513916,-7.081154967386173,-13.258911650984565,-6.964204193544226,-0.7842747632196705,135.76320789496108,71537.3600196675
8,16,-0.3465089372629423,-0.7991129132214047,1.2373590276233288,-5.205156322229507,-7.510211220177206,-13.823177154096168,4.353216961389797,-2.2872298481816244,152.49074121356648,-145046.9131938387
8,17,2.212041642936984,0.12297812079059633,0.3351450990691142,5.882651665761676,-7.521244695716024,-13.501098558400544,-6.777788125387554,-0.048139706166902996,166.30569677712026,293860.2696389135
8,18,0.25728261837968297,0.08366135558068868,-1.2743472095501243,-5.130058027750613,-7.985517662927334,-11.11745007449986,4.3790305486171786,-4.18643607740578,189.01487616746397,-595623.9400383984
8,19,1.1497746988401083,-0.7217492028513165,-1.3016296420003173,5.69989017278614,-7.236737464773938,-11.676151100552932,-5.041137772315871,-1.5093285466933437,205.4287973459777,1206976.469407435
8,20,1.2381077695634195,-1.5157760065439088,3.3200442061750883,-7.235599456999699,-7.641397407053722,-16.04309773515367,8.1140199446476,-5.515798383844381,229.6407371873681,-2446156.620143259
8,21,-0.045139011733080436,-1.2422361642652058,1.6322395322595267,7.739689593953091,-7.171057258565386,-14.261235142412735,-5.921983662922746,-0.3522136471739148,245.8781198342713,4957230.082848846
8,22,1.7005976499961408,-0.5884418635210699,1.2265796131716615,-5.850496766899717,-9.060949087984653,-16.986617792173693,5.438465004031904,-4.518227041983627,271.5894042721078,-1.0046417455619536E7
8,23,0.8691252223627428,-0.5831812438883867,0.027385854679922605,7.539171388484431,-8.774784571576458,-12.085369598265949,-7.320292090285202,-1.1162334367723283,293.8105330141586,2.035983999321082E7
8,24,0.969663825456615,0.18278499558871414,-0.45798962158008294,-7.280012390745165,-8.66356508995329,-13.196465275212155,7.082919088169257,-3.809834590628398,319.4322538230634,-4.12612636246724E7
8,25,0.9046271200053816,-0.3148519357701145,-0.7213958795574882,8.55122134983515,-9.678920261705791,-12.590971449463881,-7.059988075094186,0.446235493971331,341.2674321357865,8.361960182646605E7
8,26,2.377396598623517,-0.1558803335534265,0.1585446003971425,-7.755573685357443,-10.539126645983133,-18.29692107824763,7.566643175565802,-4.7857039455507815,372.43014410089023,-1.6946308117304647E8
8,27,-0.1184398375692772,-0.06928147239233753,-0.19036505593871367,8.849350542426675,-10.37446446352185,-17.285726556546418,-8.870706717743396,-0.8927383146339338,398.76790421879633,3.4343247872641486E8
8,28,1.1847516906033122,1.62342471241523,-2.637746368348869,-6.423744982520528,-9.149819957678433,-9.790906893638592,4.493131094198149,-2.4858213387845747,426.3209122066838,-6.959980673215026E8
8,29,0.850919378081402,1.746585671195785,-3.7292390122270964,8.985527849168829,-7.604865795077349,-7.435705259730781,-9.55206467302253,0.876535911696963,447.47055585758613,1.4105045679678507E9
8,30,1.6008067005430557,1.9275034518681096,-5.274247369164437,-6.671666978911104,-5.911769928689979,-4.13045779372259,4.345301605706641,-2.937375229922162,473.2762160483016,-2.858518919641673E9
8,31,0.056204288343144726,1.4930370961253332,-3.8224252680715325,8.758578054947016,-5.739560679265884,-3.636529939329484,-9.343565209913725,0.09899168448716393,496.0047865594606,5.793054159938205E9
8,32,2.201752329569409,0.5294567442102428,-0.9254933467034807,-5.012216639985255,-5.10639562317524,-5.64397592567441,3.418843415650968,-3.6043794421125948,521.7793556289429,-1.1740163262586775E10
8,33,1.5775489648168892,1.8898264842032377,-3.117916964767029,8.922474772717145,-3.0845277237501962,0.37942382263673324,-10.819002112341218,0.3468345484358154,541.6346482165236,2.3792532371731064E10
8,34,0.29421504461893944,0.2809223041275287,0.06741036930136568,-8.213028481958302,-4.304778188993178,-6.645826634649183,5.8913677075001365,-2.6995660495361142,567.9363572086983,-4.8217779797209755E10
8,35,2.5512193052770273,1.547754696522665,-2.783233193021982,9.963570205831836,-2.1974544931727156,-0.434607144677232,-9.965050608172302,-0.13703380073534677,587.4822785711169,9.771781460201282E10
8,36,0.08759778541990305,0.7861026129113337,-1.12243563942568,-9.021138938810049,-2.1012117723985284,-3.3887528699363143,8.608502681364266,-4.4987507066909735,615.1643031569437,-1.9803423917506268E11
8,37,0.4463210519720351,0.6639062047945665,-1.9721776019558162,11.195174206540344,-1.6537703266342954,-0.14345410525697436,-10.215288131437854,1.1865924132903907,634.1011336331678,4.01334802152375E11
8,38,2.476789193026752,-0.2814953269675913,0.12868558010744394,-10.92574339503978,-1.3571231022663168,-1.1914731875050641,10.210054319150608,-2.9138636427526596,659.0736224091738,-8.133423002725292E11
8,39,-0.1248660476632695,0.8346790626967684,-2.3286246783715985,13.191566349679526,-1.3316680435349644,-1.3724229709692204,-14.008325840648892,2.573016823474549,677.9822912064571,1.6483138104278613E12
8,40,2.9171221008263717,1.5021839949786862,-3.4468724628757132,-10.602465705081329,1.3405788655785342,5.6013669357034015,8.180648799939501,-2.3695947976287535,699.5781336439625,-3.3404612272560283E12
8,41,-1.880208352471802,0.018814708129719082,0.2506252830344337,11.916334240857225,0.6181456157349619,1.8257464718365337,-10.606039678962563,0.8015373900493387,721.7253813252909,6.769755333222635E12
8,42,1.7507236384003306,0.24989273565134965,-0.34386861889389664,-11.917041580614145,-0.45073647862532906,-0.08723784464296402,12.161538651058848,-6.024565995341983,752.4802724994711,-1.3719538757610807E13
8,43,1.1273409717404768,-1.2183974417608034,3.595781372893109,12.653933159677845,-2.5732023556787347,-9.46608333755575,-11.75534107867074,-0.6177591244502258,779.3902376915462,2.780392118305681E13
8,44,-0.08556492042005648,-1.797908802210351,3.5449301604767887,-13.251493881681068,-4.437578029564226,-10.715038945915461,14.853631642698616,-6.583184572439883,820.538774557367,-5.6347231990011945E13
8,45,2.820222910855221,-0.34998132923486974,1.4776272618814454,15.369533091165035,-4.857518483709102,-7.837983184229877,-14.10452163455897,0.3558768555488805,850.7391117312304,1.1419290581340478E14
8,46,0.1900155833633484,-0.7068616749212124,0.8336443558945519,-15.290036234971373,-5.836346699160641,-10.202403644931351,15.02910337708805,-6.185309707514364,894.866683715287,-2.3142254335578828E14
8,47,2.5461362931802896,-1.2315679664934005,1.313853353276232,16.90481457215487,-7.453161844480334,-13.91575028937652,-16.216740616830226,1.3762850386684304,930.7293679438859,4.6899930596926244E14
8,48,-2.196239991055659,-1.1220887595842066,2.300429331861047,-16.95584915926666,-7.372935289422194,-13.80526935032546,15.80127188464863,-6.727753819903234,980.5993126017892,-9.504707095964925E14
8,49,3.0651994508077904,-1.726042567372391,4.1013966361359735,17.989911028006667,-8.109299939687501,-17.32104262867607,-16.83078356420565,2.120135229433216,1018.3326589017273,1.9262172849768395E15
9,0,-3.1520446863262634,-4.270310889572076,4.087593189260961,4.393489068250108,3.668777648345892,-7.678342675943977,4.994596610877119,3.2310680834076795,-0.19328600809392804,-7.603893966018584
9,1,4.207145008950654,-1.2832339897079241,2.204074791059888,-5.4312723217888355,2.8900798800639462,3.4629095780800085,10.178251786734535,-2.1667144934874765,-3.2962671593418795,23.628008948158687
9,2,-0.98277472968076,-3.306355083210343,6.409403076304655,3.9645223075368174,-0.4750213797128843,-7.944099351454718,0.05530063652509082,0.3168059705863333,-1.935808881666817,-50.82001163781498
9,3,1.3388804836361292,-0.9945572542146897,2.795232242105831,-3.6772453677672243,-0.6726338489805661,-2.832202127369631,6.748960895398936,-2.432138289882983,2.4705511238465085,109.4298880529395
9,4,1.698841332943466,0.49469361504537435,-1.570650483881098,3.276390970066793,-0.16609136913402867,1.8149189442655476,-0.5033380840508666,-0.7032649582814483,2.9028826842404793,-225.84809971764216
9,5,0.33322336128308894,1.3284311599234262,-2.0519077207705205,-1.8554578876033523,0.9144461528216344,2.0120327527493878,3.233757651664632,-3.6606528485937178,6.907405309728258,456.47203863044086
9,6,0.5878814490925582,0.9705803042088925,-2.7441512080849852,2.3722849591979474,1.881787435408877,8.344438147002176,-1.1522930025401317,-2.023647183830894,5.980800560854631,-929.5632538220688
9,7,0.88461447972764,0.4135709988797168,-2.204357552215503,-0.9116881634073848,1.851092258627617,7.927927565111885,1.5744537005248465,-0.7363022958530934,3.7165832700797092,1882.1626916271437
9,8,2.3098857191523026,1.005904107484639,-2.033376435899108,3.148663347588119,1.7485642236391628,2.705103277839177,-2.2041550637669793,-1.4617466331799611,3.5558938827652122,-3820.710460337661
9,9,0.33596056787369255,0.9585637826513396,-1.3879166746463332,-0.20312477691728015,0.5337981589537713,3.890052750664073,-0.9191217417513701,-2.1289379048782173,4.819638319197526,7741.335466905876
9,10,0.05911679994778596,-0.07722334858193503,-0.06972332826179639,-0.7555836380456038,-1.186583434184243,-2.64345366163921,0.5586767891540894,-2.6322658053363868,10.146112361525617,-15690.344249980499
9,11,1.44340665744319,-1.6933424867251112,3.40579631218725,1.275114246897257,-2.0726021456114854,-9.048205045676074,-0.2679150619953258,-3.3702931190899017,16.71310823437615,31790.129129203062
9,12,1.244469167460955,-2.262119119195078,3.8453228359839726,-1.492807921601516,-3.924084744154652,-9.360244901266375,3.45993832214263,-3.6763206522384753,26.224868370758944,-64434.76062999367
9,13,1.4217065456569915,-1.9931153943795095,2.400929361595252,1.7900210256061282,-5.58526109996497,-11.796796918570607,0.6025650260096442,-1.7832057969796193,36.743697694378724,130566.68866960639
9,14,0.4179227501908188,-0.007233094562355991,-0.660565889758721,-1.2550653879676843,-7.106188698915048,-10.922810688340789,3.0960444391203636,-3.3662507647683797,51.87907472035675,-264627.4086273721
9,15,-0.14049909365947189,-0.21085419106792744,-0.562157854477097,2.4416287091759883,-6.5884018039941,-8.723339063340877,-1.7491045870714443,-1.3896403844495757,63.336710503628105,536260.1689896533
9,16,1.6451927212243893,0.29824027198354663,-1.467192495691438,-1.5726473858766266,-7.212705081152982,-9.524017741392182,1.477942687345836,-1.4982375539177935,74.80636320483687,-1086813.5975346104
9,17,1.912674203647733,0.297785760119368,-0.5160366704266972,4.077645547883947,-6.9010761294951335,-10.285192027321314,-5.247285401885962,0.10808390083474773,85.28885774568624,2202483.8449085504
9,18,1.8778102580202234,0.9477663983320299,-2.1668571274872095,-3.8842886002529635,-5.296042518353697,-6.957282017851806,2.903329906344697,-2.1400726945204593,95.95837526144436,-4463579.460973954
9,19,0.8102603584892187,-0.4456935851817241,1.0987661099890165,3.6981075866067044,-6.274729198534139,-11.999249574206775,-3.2588804672228617,-2.0414198265392787,110.30019648529509,9045800.000834515
9,20,0.24805549446052932,-0.4724721481766281,1.5059430480873042,-2.737637185184814,-6.126801527074254,-11.591065763317419,1.9484339684455096,-2.581263899306805,124.46441009075167,-1.8332213763351377E7
9,21,1.2940312094126476,0.20363678186629217,-0.24968126415805553,4.159471419027575,-4.843174640826551,-7.261841667863389,-3.3609084150397788,-1.3760880311284984,136.51678258095578,3.715186362207915E7
9,22,-0.0029947619280525917,-0.19488873653523853,-0.0244826001449307,-2.3104179910837654,-4.241041736460242,-6.150119072121896,1.0880045548866972,-3.31304392194303,151.60468230573304,-7.529178010077156E7
9,23,1.6400357444433797,-1.5980153056263193,2.624173414514457,2.241651593757754,-4.450452146083672,-10.032776592255297,-1.9403000494482747,-1.364136128911809,164.46850418505758,1.5258570811831567E8
9,24,1.4704974903027965,-0.934520297669383,2.5563739290808023,-2.3464354893999886,-5.650208993127583,-12.484025954827025,1.922487510353204,-2.8668948312448856,182.22723031442845,-3.0922921584569806E8
9,25,0.6854444042764065,0.3031523823724479,-0.011981467815359137,3.922660298350914,-6.7986572878898945,-8.924467755609285,-5.340096825166739,-0.6241130937568207,197.07811720189034,6.26681660046864E8
9,26,0.3015548876399907,1.3687027068540232,-1.4602645905539293,-2.8110368736260423,-6.076661678354558,-6.921841130826733,2.1114997613704793,-2.396718568539807,212.82620827702678,-1.2700287688672898E9
9,27,-0.25914076881991965,1.3418884414308643,-3.9480041370174543,4.651818125946017,-5.325855719496996,-3.7380380242236444,-4.782100008884777,-1.4685801327210255,229.30836355380748,2.5738312882776475E9
9,28,1.5039085212487031,-0.44084938421965214,-0.4884674274588494,-4.548615678505216,-6.114772369185949,-9.189723816714249,4.930739030229365,-4.359494044372309,250.03639647158593,-5.2161085876559925E9
9,29,0.2473043894428386,0.6224608126558813,-1.2314969080974991,5.424207784750709,-6.238788470402521,-8.034285454996889,-4.666822523471742,-1.231106504582757,268.0602636243783,1.0570928998281845E10
9,30,2.3746238338968935,0.6217982126017628,-1.038894065997931,-4.821144798431408,-6.304646328580462,-8.577032046605618,3.824156259049373,-4.034628571751637,290.80316547648374,-2.1422970833034718E10
9,31,-0.1330742808507575,1.7168109100738005,-3.08968455778639,7.731806111826166,-5.112925787842391,-4.522509605408907,-8.988866749544048,0.7184499974312515,305.7425913530249,4.341564252130524E10
9,32,2.076703536061026,2.5670833868127225,-4.251917914459137,-5.315229469916112,-3.337148943166581,-0.029482908854159384,2.359444121663942,-3.0899806757374493,323.7035456331707,-8.798583730507193E10
9,33,1.3688036144951947,0.05462904814909031,-0.34258204497935796,8.433308651891807,-3.573806390383338,-5.850342423329668,-9.275395981620985,-0.5782376826075379,338.04491218517484,1.7831148162994257E11
9,34,0.08228921736597183,-0.7812745445282783,0.8041272901013955,-7.842699645988911,-4.8764860751462615,-8.266113987175757,7.34732747465862,-4.277080140695041,362.7747304753482,-3.613648003315566E11
9,35,1.99584838699858,-0.9238876972707663,2.303370409283778,8.506117999785612,-5.63686997510575,-10.899988045388104,-7.730144089121204,-0.2606936823310219,380.88392888757517,7.323393739103312E11
9,36,0.7068485365075878,-1.7054638317258766,3.4870020261166834,-8.159368316868704,-7.210304826067802,-15.472667617758868,8.005295059288729,-2.6548042359619224,406.3942181554087,-1.4841538476085564E12
9,37,1.0450464116508564,1.016325712234254,-0.04169871367969913,11.773668472281495,-6.662360699126922,-9.098687984490587,-11.443380063946616,0.3980256927728232,427.4672724803283,3.007775795449149E12
9,38,2.140368292033953,0.43888694425988617,-0.29950983609351767,-9.901669034818683,-6.584372091691197,-11.3162496109551,9.30844795938293,-4.020728315291948,455.6620045960633,-6.095537367166343E12
9,39,1.5661890282275404,0.26695887634562515,0.241621537422696,12.550352900799188,-4.269052301559498,-5.873058769904786,-13.385097785966805,1.7301184747205869,472.2949939576882,1.2353173347760436E13
9,40,0.5582528770789955,-0.5853802820228131,2.1168450613554874,-12.456465531303252,-4.789465455107355,-8.557214930372576,11.104416324885493,-3.13796240938301,498.7277951758732,-2.503485461126179E13
9,41,1.3731191930272573,-0.9753414416548274,2.651891393017584,14.944476538766525,-6.001464724412389,-11.502618107514278,-14.653439411943472,3.4808138586632014,515.1030804039503,5.073546106361325E13
9,42,0.26608029761582186,-0.6509267543562076,1.1630275252470517,-15.232733196598453,-6.473464831726863,-10.689517593920591,14.172478914139361,-4.505971217530834,545.5088590055227,-1.0282013014769253E14
9,43,0.9447758974769949,-0.44713371761026954,0.5626744049954215,18.41106798272266,-7.267377599947741,-12.233067666071923,-17.58541569742856,2.717080873845894,569.7737293785935,2.0837455582180844E14
9,44,0.4376431024346952,-0.3221357788095246,0.6863883674462965,-19.010775389833118,-8.011798666984573,-12.973056070663388,16.360232065168905,-6.247757405591445,607.4098844404924,-4.222904158131581E14
9,45,1.8841025748091953,-0.2502767166664054,0.2750954368611997,22.031209656802414,-7.686811636556987,-11.309117622644612,-21.327706002552013,2.521338676067593,632.9720448584634,8.558107998557734E14
9,46,-0.9644737524813469,0.17990470384575885,-0.6431297629103274,-22.666324099417107,-7.3978148454557315,-10.59474780607473,20.95250569060425,-7.123559539922189,672.8842488040394,-1.7343801746953978E15
9,47,2.0286245306528374,-0.14386133410197322,0.3326287102788642,24.16928624886039,-8.118470808550484,-11.889050309932374,-23.84575561535616,4.752298568655886,697.8792854712221,3.514882718099005E15
9,48,-0.7510529397821801,-0.989350028649537,1.7165319793078262,-24.77763680774201,-8.12623504558407,-15.91064273871945,23.325282077866806,-6.518033678490519,740.9707238266591,-7.123236705679484E15
9,49,1.8142447686223855,0.7649020511746406,-1.2163731679565806,27.22911200162394,-7.775620332357981,-11.911016286619349,-26.511596629894314,4.191143323323304,767.4040616147739,1.4435901631613482E16
10,0,1.8554466867030526,1.5159375924906522,-0.6964576147575416,-2.2209960930813732,-2.621143322692767,3.1115230145977844,-4.48751567366301,0.9638040774074138,-3.7986428154210046,2.640481583275232
10,1,1.3093897574167181,1.3765641020751533,-2.2120232176321677,4.753787146212489,-2.7297106523444157,-2.978783148649169,-8.593994763211674,0.5738259080727193,-2.5159508252768124,-6.326259494088753
10,2,1.9176093766616176,1.2407229047078587,-1.9847617455301492,-2.232947206301847,-2.5596991877910082,1.71160490168618,-1.0176107364049491,-0.06259318851699613,-2.024845449165179,19.717095425389363
10,3,0.07683898281712187,0.804720453783563,-2.644302282922165,4.635613604357726,-2.814618611059297,0.31725008421579215,-5.551926511987977,-0.709011552556122,3.0358536602504733,-45.48867454903964
10,4,3.105968112218234,-1.2878646802162614,1.8684921873246327,-3.9661851963155645,-3.3218189658813877,-7.099412487628934,2.876601130774401,-1.0626391002973319,7.087373700998579,97.17009638105972
10,5,-1.1162754364263057,-1.521505641552758,1.9611172071393561,4.749134415651292,-4.252732673641921,-10.783068528130013,-3.6033353772742753,-0.09150665245011647,14.223892300872508,-205.90895260958536
10,6,2.0270248492585528,-1.1177504734663999,0.8964257996705332,-4.866489557867861,-4.838052351081454,-7.161298877328015,6.773913445006187,-3.6410313323594723,23.850904116194606,415.03756873946645
10,7,-0.5326279962691466,-0.2879267625776598,1.429180793316089,7.9988612028029165,-5.716603219861441,-9.30988730070155,-7.487006834977669,-1.500723989068547,33.89201829712073,-863.3845645010226
10,8,2.3986803554393226,0.1647141568484851,-0.4927578522091948,-7.354410350538616,-5.889532756107333,-9.002529626129308,7.293956650143022,-3.814519200072449,47.00567466347653,1738.8893581951402
10,9,0.14681959292647254,-0.014715810442384514,-0.22445204838341323,8.538180670413269,-5.025374169519814,-6.743059582784057,-7.362466634637925,-0.350390901358123,55.080771654956635,-3559.5742347557457
10,10,0.20347241260958837,-1.608764475055241,2.5959154378468448,-8.483007962443576,-6.471704735519955,-15.074750059430436,8.77939628067443,-5.5123351399580125,74.5864478333542,7189.5569927089155
10,11,1.292189209124504,-1.2881928700760965,2.957456280289263,10.081760631417083,-7.3158685261065575,-12.954246533457626,-9.538899546010533,-0.7878556760703813,87.64386852079716,-14624.073230596061
10,12,0.2964273464525774,0.053728605949862396,-0.5270636446240149,-9.975017120777988,-7.480698927602432,-12.152637252322691,9.40382760638312,-5.882345929164737,107.64009703987007,29597.78558344297
10,13,2.1047362825220963,0.7121313965617729,-2.362529091717611,14.322336870527318,-6.214597198581986,-7.198522564335378,-15.250152980150919,0.2811917459832539,117.30808093594969,-60057.45511461698
10,14,0.7088555389115367,1.4283928127623509,-2.4187876590232413,-11.65531784328582,-4.567971742308587,-5.6863622211156155,10.516439912099806,-4.824598578151,133.04552619580213,121658.68372946151
10,15,0.2606383850846322,3.0892634012329605,-6.483305516193887,15.027778479356693,-3.1062509269612946,4.895123717660443,-15.3059155284477,1.7004487848529242,138.7445996518362,-246641.1782645786
10,16,1.4168269651341472,3.333092753977449,-7.683365732927547,-11.890874275689727,-1.73388915824385,4.982627812262752,8.937638847641042,-4.120523010287505,150.6627801403717,499778.9327485425
10,17,1.1819614473779037,0.922642743247295,-1.6153306674338719,15.540424899559733,-1.937470989508451,-4.2508695061819255,-16.469146872225444,1.6360388165863813,154.43824947831848,-1012946.2169626766
10,18,0.4144417555312955,0.7580650399385238,-1.5027776268730355,-14.166388994458485,-0.9728393145799028,1.731976458897531,12.268257414625305,-5.660651796387505,167.95945690002597,2052760.800687884
10,19,1.0289581311585028,1.2559099791238042,-3.1645858458740017,17.670391324432757,-0.3750110678588,2.6325445780250005,-18.108149229627216,2.0625554255557685,170.24527790104295,-4160221.3360792403
10,20,1.5035104685939462,-0.314583776883234,0.8201217236716033,-17.648885556119897,-0.346141467652629,-0.6333256362964945,15.2837570186867,-6.632852103349607,185.35868164277397,8431002.538069084
10,21,1.4846994524280122,-0.866940240080827,0.5350627183879809,18.83101746277605,-0.2168232426341854,-0.04701304096808512,-17.624720376986616,1.889629890510979,188.40732937049245,-1.7086330560097612E7
10,22,0.05959309072481722,-0.5421042720060865,1.0265108008275898,-18.279436785742156,-1.9484075196060262,-3.7971962497426777,17.016502689490608,-6.359021256546584,206.37516946358522,3.462695540069973E7
10,23,0.9687327057612987,-3.227983803597376,6.38680272795477,18.87673002076212,-3.51953961653836,-11.217782543708719,-18.980602170991393,3.7489007688740017,211.4242200040626,-7.017487853032342E7
10,24,1.12484895458569,-2.9674963551848315,5.0914927503098575,-20.653850054427117,-5.821807863993917,-15.82332299657676,19.83587190224483,-5.7365303483304135,233.10795709837203,1.4221582411437398E8
10,25,1.5063110250636411,-0.8847222616166381,1.4258208648228767,23.87118254145434,-6.311279814309143,-9.568832659748969,-22.826270479709518,4.546014248519919,240.34476445558565,-2.882137451052511E8
10,26,0.41440011351460393,-0.29780626878533806,0.4447816666993559,-23.418130633542603,-7.678030894360305,-12.514224232473993,21.954197040382056,-8.183400707667479,270.38469787588986,5.84091849167448E8
10,27,0.9199991132853134,0.16982982756584744,-0.9854869230609417,24.977696883476266,-7.431635155324083,-10.918593242267256,-22.37842141171175,2.583718033187189,283.79509621586243,-1.1837166275046775E9
10,28,2.4311617030355874,-1.434202309375682,3.4366991133035776,-26.24839446343759,-7.656210795916339,-16.903856920890664,25.552905572113573,-9.867862356243252,315.9609760367652,2.3989117003662515E9
10,29,0.006638368582310858,0.4992752075130439,-1.1823095775063877,30.25973229573724,-7.468042816256959,-10.294341625635242,-28.732136527124553,3.561273774909666,330.39506869413617,-4.861617861482911E9
10,30,2.6597388562916224,1.7239172177266537,-3.7539532714290944,-29.489048015638115,-7.738333110664449,-7.137019054360367,27.883945462095607,-10.701377902132522,366.787468067972,9.852520563406242E9
10,31,-0.6435588793541658,0.2259207626056141,-1.2742291541922883,31.977253801288857,-7.485019771180155,-9.99023133870228,-31.316198023487175,5.421347261463003,380.1378404131421,-1.9967049422260437E10
10,32,2.094783554564359,1.40773494113067,-2.4121200596544665,-33.15461743234517,-7.191798774393016,-6.956202940737056,31.591077770598282,-12.144655252573733,418.32872012147396,4.0465082377140274E10
10,33,-0.18114811181960483,1.6899275674606482,-4.026428131796245,38.4936840546984,-5.906464930227116,-4.081611231770856,-38.014961900003705,6.945067469503956,429.941396829052,-8.200625288275195E10
10,34,0.3273704322022142,2.5454494662837552,-5.144339815556756,-39.16228810802844,-2.9036275572108807,1.067197562018991,36.27819064083094,-12.359438230144242,466.04897553842534,1.661932977007858E11
10,35,0.6750690600980486,2.841810234567208,-6.0119567732963874,45.29010023815827,-2.362651978365909,5.10187571146467,-45.34989766887858,11.54710697861902,466.316622356248,-3.368061737533492E11
10,36,-0.12474899851763777,2.307980427104294,-5.162357937592656,-45.719709173636794,-0.6788638562715432,4.67480391944126,43.04539388523274,-12.574156868820554,500.06474490212065,6.825690332442238E11
10,37,1.4579337606500253,1.0412274906511907,-2.1957904432989257,48.990744105706824,-0.7562418600335163,0.3219743402199128,-47.054965277939,9.020816764520376,503.6315663874001,-1.3832896238240598E12
10,38,-0.6046230081008235,1.103744729201382,-2.882600536886177,-50.63701191780447,-0.6920731625628912,2.5860070336631606,49.41574587733979,-15.23871288107967,543.113990314299,2.8033650657786494E12
10,39,1.334542680162809,1.7840449487768872,-2.606256540905179,56.417421348504085,0.1278781916810279,3.138519920523819,-53.38985010390209,10.542548012317111,544.0780955119604,-5.681280013807887E12
10,40,0.19122116269025202,0.31978171508864905,-1.5206825292550687,-57.78916798706042,0.46910624624045216,3.1302946284754194,55.228690369598276,-16.35137668295817,585.9290531668436,1.1513642296051537E13
10,41,1.1374408689997444,0.49362459985252394,-2.0208097116655392,62.57005671228528,0.8610872589841594,4.62025340236327,-59.144075401866786,13.269225919691781,582.5603737197835,-2.3333466860311133E13
10,42,0.0963643204588811,0.07778649731377271,-0.8038853659553622,-64.80897928549146,-0.5568771942655153,-1.781352715461066,61.968579983349976,-15.89117691672925,625.6230327772747,4.7287440560503766E13
10,43,0.30582869426825954,-9.97258320517412E-4,-0.1723961821987237,69.60603033052968,-2.138708254242871,-2.3479540404978474,-66.31123077297646,15.94393456385626,624.3081062807512,-9.58323959388966E13
10,44,1.7425209309747292,1.2193671405166755,-3.4032446769828266,-72.4312501292372,-1.2504578459325348,2.489149929730365,68.06755518489204,-18.759586848427155,673.299976494553,1.942132626016608E14
10,45,0.5967276980313299,0.6537507902519962,-2.0541671210952273,77.85854081780558,-1.121269576305261,1.925075530017398,-75.18575310770224,16.303071954353744,671.2104369969521,-3.9359123812917375E14
10,46,0.27018862949908784,-0.04213986259431651,1.5298272836355722,-80.33292556182413,-0.7771259498074711,-0.7853925745104653,75.27304366407307,-20.224608084837147,724.0931389912046,7.976492473099546E14
10,47,2.6419388612135783,0.3991128628333633,-0.4678167017278888,86.43330301824862,-1.9973386579252632,-3.136513652325747,-82.69135349945218,20.89071404152916,716.6506291812183,-1.6165103795469648E15
10,48,-0.7523240034550235,-0.0957024390533435,-1.0390594170818606,-89.64782078633677,-1.5695721938704228,-0.303727537433947,85.28387385613513,-23.138025683132682,776.4709067872346,3.276008616562567E15
10,49,1.1204166814310916,0.2924582947779142,-2.0471889735371955,95.86929151304021,-2.0147123818009396,-0.8296691093830915,-91.19014641100293,21.406829789388713,770.7925044911375,-6.639136124075962E15
11,0,-0.6215180667192107,0.7754390337376521,-1.4601827337092543,-3.0353997516423132,-3.5256339524255593,2.0348505096723573,-9.08295610669554,1.6710016441442308,-5.246853277335885,3.2725417186292667
11,1,1.4493142518336615,0.9018213357452127,-2.5824665714287955,4.162947145000919,-3.4383616720775096,-3.320043733072903,-9.445198099524772,2.4271633010075253,-5.038817288079411,-4.55580866709704
11,2,0.039693824143153145,2.714931855559178,-5.430702803380618,-1.1071583266630611,-1.780602674567604,4.697190459167437,-1.9657917249653076,0.7257323386330098,-3.684534489138066,14.873774612227244
11,3,1.451483232713361,2.081758387771361,-4.86757687453578,3.8279937021789547,-1.4551814497199331,3.7971791861027224,-5.7290576986165656,0.9796331128445149,-3.0673547399527648,-31.447258147371233
11,4,0.41453797085351146,2.153293327963475,-5.393481410158508,-1.7137369778776093,-1.1250481129811245,4.926940658225127,0.33571247835477974,-0.6441421600133151,-0.4830677628203288,69.50048556757623
11,5,1.873627012145052,1.9084910825132297,-5.0357837663541964,4.3144524896582785,-4.401713912107752E-4,5.992495826232933,-5.795721125819743,0.41246037272506864,-3.713990418529962,-143.24780944004166
11,6,0.4388021195423379,1.0985452317121518,-2.653887621252296,-2.240741100013277,0.1255307329973552,2.8001170066837635,1.299228411628503,-1.3580807267110084,-3.716859822875867,296.13052117247577
11,7,1.0358547670732847,1.1514009241679997,-2.0639815575760383,4.033196982170526,0.10185371136027388,2.8355726866896793,-4.5240270856787195,1.7947442562658018,-7.713731656782964,-598.4739534915471
11,8,1.5549174739634966,1.6756081421978974,-4.245839266062638,-0.9600102103056527,1.1888577087786916,6.833295166753263,-0.8110539169032225,-0.6758817821051709,-9.875239806631866,1221.04437787604
11,9,0.5526070657525005,1.0421159286484372,-2.4728234759274614,3.1782712781329536,1.3555781426708966,5.86921639301438,-3.5999047249210303,0.2941593217148179,-12.81457397641449,-2469.8507016522144
11,10,0.6352349739381924,0.8561708974087113,-1.5951315176686442,-1.5408070895879913,2.091846537037596,5.949127618658858,1.294284650404443,-1.5936518299201965,-16.23345685819704,5015.605632441106
11,11,1.1550598096816087,0.4183844439469468,-2.159862751870239,4.335028207749934,1.8225462608625986,4.495212559042342,-4.633748238028082,-1.1768795733579869,-18.002126064977382,-10161.140631644648
11,12,1.2991866835990011,-0.4398571287245564,1.4027996749549096,-3.303612677166186,1.6253985800688646,-0.842949550388139,2.9502096288032824,-4.4646192350924006,-14.093918841092423,20606.253274752187
11,13,1.206524468827908,-1.0475397606108185,1.5553181967316128,4.209016771300725,-0.2758114110720239,-2.010252904777571,-4.033860672153513,-0.704530771462853,-14.035624344357569,-41756.10471716582
11,14,-0.10709180584657874,-0.04786284432745769,-0.056527451128066786,-3.8728618724000556,0.1955342638572719,1.2479762710782034,3.2317640524353934,-2.093956395321252,-12.924381573960165,84635.36732664754
11,15,2.226695058363195,1.8049026117905045,-3.9533864727867662,7.629185133282976,2.1340480564432545,6.617561958547087,-9.458708176516293,0.8453174326083369,-19.808595386184727,-171519.51525813094
11,16,0.12090242216584807,0.500009314769544,-1.253739564177444,-6.3815353019417085,1.0722537440380056,4.659250846420842,4.445131098758688,-2.603323656999049,-18.36585326930818,347620.551346511
11,17,0.6710862411266078,-0.3470428311194069,1.1225985112425203,8.45921209172059,0.647530071156362,-0.2480604413337183,-9.12757734687511,1.2253304439468244,-22.40124525672756,-704482.180414617
11,18,0.1617948068087517,0.15769417637920624,-0.6988388901475304,-7.539523978278028,0.6481100610232378,2.9238344028737027,6.70200254633835,-3.877300157115638,-18.143342990904383,1427717.3998216207
11,19,1.3610846538702521,2.3779451752235516,-3.9971048096730106,11.278555876671215,0.663968774457343,5.314832450893902,-11.955155242745818,0.7224566607374514,-21.26451469398332,-2893401.8111618534
11,20,1.3536565002620922,1.4274993057510736,-2.7965483745956585,-10.57055132978725,1.3334593726688084,4.637983103328176,8.892214484832035,-3.632744038853943,-19.47410011866033,5863773.205649007
11,21,2.0222754874512363,1.4178187817406818,-3.2386437968151514,13.636259127477746,1.7616439652732065,4.883484888476215,-13.789521083260318,2.0152080449083964,-26.565208369832554,-1.188348339551951E7
11,22,-0.3742319716174405,2.1661785850256328,-5.773833644914591,-10.765307774155579,3.7416729672792677,13.01936793169967,8.658078496734307,-3.5425011412234286,-28.042052883398146,2.4083011999753363E7
11,23,1.51611985469827,1.9787989738562715,-4.861898391255903,14.645431792619704,3.5565801198378137,9.836867886351188,-14.188961908389608,2.847868462289021,-39.501087218440006,-4.880646180782533E7
11,24,-0.16347228899779565,1.4949453342243202,-2.197802009907143,-11.376497782243836,3.4956902337265734,7.9881852169268655,11.386079078876437,-3.8919359333172263,-39.30305326191892,9.891086826571558E7
11,25,2.0477291904786856,2.9140060672079002,-4.659415934013799,15.580705107295632,4.413664828879351,10.596566832183871,-15.003295348043125,1.86832907521715,-50.49737519345115,-2.0045206570668066E8
11,26,-0.17001307464918602,0.13125809145152445,-0.8339233437742871,-14.610552089884992,2.730080822474015,3.8592913968287283,13.708712755075826,-5.470712920610275,-49.08824154301894,4.0623479766252756E8
11,27,1.8607060472698622,-1.0059617829283096,2.0983718360906014,17.041785849439755,2.4706489285326456,1.258847935899714,-16.269250890450817,2.2464326442178892,-59.07445513803025,-8.232725844730765E8
11,28,0.6987190158168735,-0.6949506585562957,1.246840280355847,-15.6096419327473,2.0037522399895806,3.6856371192453747,13.330830748836403,-5.851464901777518,-55.97116724691858,1.668438504751286E9
11,29,1.1189759476103065,0.12327051988494664,-0.33369911322075246,17.776947956532634,1.0427001592714165,2.3763991139638643,-17.570831270384243,1.770610454519782,-62.50079057901211,-3.3812457780521855E9
11,30,0.17655260310875365,0.08051170679439325,-1.0251932732585607,-18.036424101525007,0.19606980862156692,2.0063959111099345,17.31501774289124,-6.122744713639598,-56.14138676778985,6.852409071330508E9
11,31,0.47919247588840996,0.5894608604171879,-1.9332761458297179,21.53632937956233,-0.33416662693150445,2.273228177954315,-20.79027073460542,1.9928230590215137,-61.4643049196082,-1.388704423632011E10
11,32,0.6072951620146793,0.07662450276843463,-0.5286004953779198,-21.449242883039886,-1.346600768447022,-1.714145602474686,18.264106874328668,-7.409083495043934,-49.7679518131933,2.814338666783693E10
11,33,1.2719969017328228,-0.36113696247790483,-1.4654800540793387,24.623268046539046,-3.153978003342109,-3.2596687461781526,-24.699028281758917,3.8909099698792113,-54.15192117111499,-5.703519036217288E10
11,34,0.7207007968526626,0.6073150352425462,-1.7294546940385933,-24.0920643006357,-2.8526414678506846,-3.2042740282935767,22.909733288447896,-8.822010574345862,-39.5143974241015,1.155871174863492E11
11,35,0.6528026950107637,0.4248882510763769,-1.0752427803431834,26.551527952328758,-2.9954652262448414,-4.748569051835471,-25.76688312142418,3.774160306197549,-43.75272349078143,-2.3424804297627744E11
11,36,0.211306469377871,0.7155113560107478,-1.3702068937937915,-26.024828126689073,-2.928904194117669,-5.071739607940834,24.625559400794074,-9.511114122278903,-26.931229698348325,4.747254437668146E11
11,37,1.1915368273313636,0.3641175130363643,-0.34896897485017386,29.02082207111673,-2.4067822138766184,-1.6799560905712834,-27.08464123422348,3.708308398508154,-29.203970708900723,-9.620752603795002E11
11,38,1.033901758749261,1.0566957504701424,-1.4114042206426853,-29.55249410326611,-1.9422770565746643,-0.46812613921092716,29.45333294870241,-11.020609334364618,-12.996474867940535,1.94973498638599E12
11,39,0.2584996741709119,0.6187682867750295,-1.1612865034356343,33.72984789776775,-1.918962140928898,-0.8728982898932186,-31.224799709276702,5.5006989867357845,-19.488535820881214,-3.9513192716117124E12
11,40,3.7992654873966716,0.6774493933430643,-1.250822388213288,-35.65395716406803,-2.6644447181808397,-4.055732539863051,33.7861577348912,-11.925360726559978,0.08206850466035931,8.007715969195238E12
11,41,-0.4030074310229865,-0.5054699864041479,0.8085872053913034,38.6321926095471,-2.1822335682933343,-3.169838149655959,-36.19701944278586,5.724583549330314,-6.231808867909759,-1.622838111406961E13
11,42,1.1597726086230549,-1.084466001204663,2.562158437465446,-41.15638512619518,-3.278555674965754,-7.438597031263748,39.454651266889854,-15.181523709819865,19.209059686708496,3.2888323536486133E13
11,43,0.17459005544285766,-1.562439321656235,1.7168798988295684,44.56473320060119,-5.474072515620028,-10.47175692652237,-42.507708622687,8.311237837498803,15.03004917381759,-6.665124619869514E13
11,44,1.9693722517847458,-0.47549372762120456,0.30291737314476963,-46.24795023288973,-6.251481850682706,-11.04949053627772,44.21988278465339,-13.611072026851222,44.1949780750756,1.3507494886165334E14
11,45,-0.28445177609734107,-0.26402158125498665,0.2468006913076738,50.57697223666089,-6.7956036256857155,-11.537204788050719,-46.71695324172633,10.159031324952855,38.12901773293485,-2.7374194558324162E14
11,46,1.502586467827339,1.1181731742783123,-2.2647132456257837,-51.62745459812325,-5.2921833390356365,-5.450496853111277,48.45349091087543,-13.452398332295322,66.07258205739663,5.547635102081809E14
11,47,0.7752626294340502,1.2382108767433524,-2.0057354853505047,56.167153807892376,-3.152193247253873,-2.3316291337904724,-53.99338600597136,12.735283873185777,52.25096910838093,-1.1242798453952088E15
11,48,0.31377388033608866,1.9002244603695433,-4.117171815838624,-58.65230573153974,-3.00802798246723,0.5740758249122859,55.60290314496688,-16.807230517142884,81.42811342691951,2.278457662594745E15
11,49,2.269852264564042,0.7251453463379793,-2.384135849474567,63.782189249567196,-3.588862196428117,-1.315691883705366,-59.480219733775634,12.03179832478169,68.53052615669854,-4.617506345505891E15
12,0,-0.2525761523607616,-1.3025671697405656,1.4671343169352222,0.3102689428713832,0.26494275642671145,-1.0303214190888383,0.49212069461624786,1.6632057891888414,-1.6560060023338825,-1.4774167011876191
12,1,1.0134234410847764,-2.175792415915914,4.336918725092144,0.3443511771678811,-1.8128304398279815,-7.885191023527718,-0.5073897001566503,0.054566491654164245,0.08024886994619379,3.5100181066469665
12,2,-1.1258310895019672,-1.1693322336585972,3.1983108454780327,1.317728424053536,-1.9860813945527735,-6.375284791611362,-0.5240163268406948,0.07661063113092159,2.4692936709534195,-7.7849743531724815
12,3,1.224195065229077,-1.2795578163767498,3.194086670288673,-1.480277714579203,-2.831330817263609,-9.548711044330132,1.8317035008576337,-0.880255781114438,6.538316836287463,17.15615065226612
12,4,-0.07537536608293893,-1.5713912012415943,3.5152773494257854,1.4331836339092372,-3.339591508502688,-7.443847738117587,-1.6331232226673158,0.3390670063344834,9.637660923011968,-38.57880024817363
12,5,1.3499233410114477,-1.467084314520044,1.674272306894032,-1.6706944479678583,-3.821630808441173,-8.050179363975854,1.583610915264956,-0.345274154866539,14.646486790930194,76.05238130595335
12,6,1.3183777473325256,-1.2576544358395785,4.111680303970318,2.3574112970147283,-4.316891858473159,-11.928881637097083,-2.0427975639066296,-1.1547786921581653,22.208759372781245,-164.25362934192054
12,7,0.9055586991457352,-0.7292102004557653,1.1850545899074947,-0.45545585630722885,-3.6841005517540157,-7.400258790440327,-3.243634790799019E-4,-0.6789183156586136,28.10459187722357,321.12946267037717
12,8,1.1927357741238356,-0.10900352563216473,0.34937643151687614,3.4185431299592715,-5.085922440602161,-9.421583083639582,-4.917432294914,0.36757177435866223,34.90934047141456,-668.2624392525846
12,9,1.6695408701952688,-0.7514805649564633,0.5247864569513534,-2.612390411448021,-5.78689354398342,-9.76131041099986,1.5222323920740921,-1.6646985909485652,46.21967180148346,1339.0547164182726
12,10,0.9036990095172908,-0.12320382429824311,0.2070310806336258,2.9766965094510165,-5.618509444053467,-10.37226218936743,-3.256742240879834,-1.7777404755306834,56.9691449526997,-2744.847997326927
12,11,0.47789013236100286,0.5079389278287199,-1.0950080607593025,-3.0055302688950403,-6.9643055727078025,-8.79478303969114,2.471188660594162,-3.7367842866742293,71.70662394771324,5533.488732295596
12,12,1.549919850092796,-0.9820469277954832,1.446749410670553,4.2391693192341755,-7.282042699637907,-11.432342678756493,-4.246078680292456,-2.0049075816415485,85.87922678140086,-11260.040620105698
12,13,1.7405481444673105,0.9216371578613405,-2.955993871960855,-2.173376828720239,-7.056282134476943,-8.406893032433008,0.8572119000996522,-3.915173163722132,101.46875765110637,22773.069712405304
12,14,1.3856580367708704,0.21437004016112848,-0.9346189417532613,3.845818477938991,-7.000661870937468,-8.998593338373283,-3.5404211389763622,-1.1072705066185806,115.72523412535135,-46212.3805519289
12,15,0.05668334059592406,-1.3740331035969195,1.5444306501381915,-3.1923055412894197,-6.924474940229942,-12.446490535280317,2.643375197565722,-2.575457176796849,132.8679129244513,93592.41471669938
12,16,2.18252927458824,-1.170490837227467,2.5640541498703904,3.7232040003283955,-8.077083513326903,-17.029665258272274,-3.431170714875285,-0.6376873518740499,147.1996181567757,-189749.984571854
12,17,1.5022906256499178,-0.9335375113858846,1.6117208483566092,-3.9820578243666134,-8.53399754231103,-13.759988052032103,5.165589427612064,-2.00782197300295,164.86616273954652,384468.7533225388
12,18,1.6685445617088783,0.10142547625802151,0.24932969776721967,6.231745967373957,-9.156072596552757,-15.150106080059965,-5.413199391776866,-1.9688834976791147,184.9556454085416,-779262.3404581334
12,19,1.8800618773240103,-0.9754728838816509,1.1758515981192228,-6.240339383890558,-9.051110919860264,-15.54021802575186,6.1287313392228295,-5.603268907400162,210.69222638199668,1579148.171800069
12,20,0.9578939460411462,0.27875437678749626,-0.4838457658066263,7.508376536921139,-9.466163294737195,-14.763856476288534,-8.103885336607307,-2.263741392736724,232.67180348519847,-3200419.008248664
12,21,1.7015486542056695,0.3949924940657152,-1.3197796893970268,-6.047002679131625,-9.369654811473318,-14.566815118919527,5.684853897501591,-5.2696358485526895,259.488311391307,6485822.429443278
12,22,-0.28084042754992744,1.8767992263285616,-4.387247911206072,8.889396345503622,-7.1116308592699555,-6.665712170275418,-9.666749942652311,-0.8172625752843999,280.0170437196067,-1.3144276461703623E7
12,23,1.4703986331609626,0.43901543626785644,-2.0406011456135698,-7.5260791921045485,-7.83743324608912,-9.946516956095074,5.25887141633612,-3.597569730990557,304.57007035321357,2.6637952556743454E7
12,24,-0.03461646976051136,0.02858446736651285,0.4744560598419043,9.41412447779076,-7.917873507125454,-13.045094201950919,-9.812567603099927,-0.4634756782532745,327.1776900691757,-5.3984467246476434E7
12,25,2.229459091368921,0.05034305657263466,-0.7988301312319853,-7.9412567124698645,-7.191081073936963,-9.573371689096893,6.971760601427434,-5.34019258871721,353.95760588650114,1.0940437149244155E8
12,26,0.08161245663601369,-0.3760792705660652,0.019570621542032485,10.138204250869908,-7.019095764273056,-12.270900075728601,-12.177643884347457,-1.0959764204105427,374.4931722883667,-2.2171833725447816E8
12,27,1.281619600859132,1.354082147679676,-1.564682541672836,-8.407646556320824,-4.912078729966668,-5.451917125063059,6.109163145387048,-2.8100430542884443,397.25452997126814,4.493326341396395E8
12,28,1.5671597676369369,-0.26120078669240376,-0.5022314472818257,9.943843646991924,-4.608907694534775,-4.481645988915741,-11.957526841094662,2.1057715121563847,411.2796595106554,-9.106145945374558E8
12,29,-0.055396477077530704,0.10492838598418014,0.0789451045501956,-10.056765652874178,-4.148747896890458,-6.094044863337925,9.016039521528503,-4.687743297627608,436.1487908130545,1.8454449451643486E9
12,30,1.6581027265875536,0.615876748390358,-0.8481065378460999,13.00661838058152,-4.161818057256292,-6.158230823878707,-12.256738040867376,-0.2963665480536827,456.17337546469207,-3.739966057067433E9
12,31,1.8424816875638301,0.4774284679818731,-1.3562004818591853,-12.692528362566291,-4.3761362933838,-5.7379169147871885,10.867784908555771,-5.00810846514006,482.16127134412,7.579388789101876E9
12,32,-1.0354232411868254,-0.8587793166016028,-0.6102621347598942,14.497448985171657,-5.072278127919192,-6.035978995358394,-15.32858782491252,2.970905730258741,500.22432875361017,-1.5360336527592386E10
12,33,0.6624212909464922,0.5099715179754443,-1.496317557369332,-14.269767617514782,-4.962682207769991,-7.2230262767202875,11.990282534418169,-4.131788740608208,527.3120722655406,3.1129150198567303E10
12,34,0.4978155038650155,-0.2215723412192856,-0.3379176866014873,16.990849294666532,-4.388976258737645,-6.085950772940995,-16.927051819716247,2.4244979064799628,544.4767963763585,-6.308611813474176E10
12,35,1.6828341814599994,-0.03612568565219179,-0.17749669417871033,-18.076071694246842,-4.577439989466101,-7.011928288007414,16.281729127224537,-5.211811592169342,574.5697786640795,1.2784988501442918E11
12,36,1.0209415557656591,1.0943529455299326,-2.442104555688492,19.689453253041066,-3.9343671885351577,-2.7687675039778648,-18.153863175355998,2.6157911793380197,595.503708734157,-2.5909968211351013E11
12,37,0.801558218432649,0.6215630877376935,-1.15430952150155,-19.27731978554673,-3.1164031219908273,-3.351050608027723,18.62096781504457,-7.647236445839996,628.5742769750569,5.250896012802037E11
12,38,1.3635066454272375,1.8817474729887285,-5.20684795136728,23.418333442391873,-2.5610694343311877,3.014387488179932,-22.737360785051234,2.713693281285599,647.6356183983831,-1.0641429097033995E12
12,39,0.059741564933673996,0.8087509894259068,-1.3960443109017608,-23.279913567681657,-2.9414529380707637,-6.148184292063693,20.517115277595746,-7.1908182258988935,682.7655061794256,2.15658456946566E12
12,40,1.5336069124546223,0.9092766371841743,-2.143469237470753,26.384575678517006,-2.351824752213548,-1.3662750223631548,-26.870362950922136,4.4508726062373185,700.8534977578732,-4.370519188713269E12
12,41,0.3747038936583073,0.11200679573375899,-0.4559230068133748,-26.523048596915352,-0.6617200833978032,0.4335190230122461,25.28198485244659,-8.014043951489835,736.2358655104699,8.857263585601117E12
12,42,2.0084571585295787,0.5365162780249525,-2.4838751616007313,29.939384844490537,-0.3971248678492256,1.7824982581370334,-30.29459161692001,5.500143039455723,752.0455979327462,-1.7950068365429965E13
12,43,0.8861197655212496,-0.8602358584225105,2.4237453677280816,-31.576479696299064,-2.148542708787322,-6.505976574489151,31.474489835763876,-9.252320481432697,792.9513228745338,3.637748286460706E13
12,44,1.090270313606173,-0.6936868703861547,0.2983662556722473,33.30885336208121,-3.061858162041497,-5.477586541190828,-30.397984435516936,5.848201563523279,812.9998352026553,-7.372235206276473E13
12,45,1.3531946352184878,0.028429052987210324,1.2364249255540787,-35.53034479843475,-3.9469727450481096,-7.46464661030587,35.326250002080634,-11.24978511997101,861.3135124070661,1.4940520249423178E14
12,46,0.5312463084206347,-1.0871690359573278,2.214036191135231,38.34160229916357,-5.413368998757928,-10.252901195079495,-36.300230738655195,5.697342888846129,886.91928643486,-3.027835372566058E14
12,47,1.3195380360320788,-0.3941382507895805,0.4306587107759747,-40.13689667441233,-5.15162533419848,-8.47725169123105,39.42407978418755,-12.496179573671766,940.2219809311935,6.136189965469326E14
12,48,1.405975853559851,0.16872250443759473,-0.12069918125825552,44.39703367416407,-5.134170500902745,-7.891691449526709,-40.68363783974341,7.8782692368795635,964.7870662962167,-1.243555961910179E15
12,49,1.2913734416314735,0.3017988742517747,-0.9784895722325733,-44.917716831826105,-5.134333114278881,-7.553181344463475,43.07766625245168,-13.058468873745582,1021.3941299009939,2.520181805165288E15
13,0,5.318204918212927,3.7641920001062705,-4.756262991215406,-8.261108271674868,-9.228533092104808,6.815033813807667,-15.071620489065307,3.5068263556366928,-11.049525314654087,7.838547286722657
13,1,-2.020584947446241,2.1194221624000256,-4.856178087968368,12.123974346399455,-6.935659292691126,-6.02886823061612,-24.103590929634336,7.626292983679522,-12.511961336330355,-19.84438152687934
13,2,4.360023722137402,0.8219880536010482,-2.8158391356593486,-11.11197881750292,-6.224806096375822,-7.13724586692049,6.358361938708205,-2.142002514188394,-3.6672725381912623,60.64485470949179
13,3,0.6025296101018491,1.7173351719315484,-2.6518870093505686,14.084973123058983,-4.908935916904668,-5.1386753150597775,-16.35408482929134,2.721153471767532,-3.2288878844257902,-134.26152623150932
13,4,1.6295104795257649,0.8163752605256398,-1.548641711236201,-12.460654144991443,-4.322690242888611,-4.999162565506074,9.78479084693026,-5.608564923314893,9.833055833409166,285.63535509408206
13,5,-0.012526906299098362,0.9043772985938174,-2.0266755256810867,14.445222074725052,-3.8309191264895888,-3.854584307940592,-14.455599319198141,-0.09106343733935796,14.50062950795088,-599.8646263841862
13,6,1.491781413144425,0.36771139987648943,-1.141316515643095,-14.582095235287895,-3.60454299801783,-4.763691005958727,13.92256179128038,-6.677542875139565,28.703945444247726,1221.8476627022878
13,7,2.2923212799201025,0.1941574064527416,-0.5629319608120812,15.124987278452133,-4.251236637078187,-6.775553053933093,-13.84067368776457,1.9114535726377657,32.223566099930856,-2508.45294826199
13,8,0.48215434293923454,-0.5954186250438833,-0.27873746862950344,-15.965224144894504,-4.093636612536671,-6.550264454425261,15.557896044122472,-5.3132173537411385,45.01059470027691,5081.525241666173
13,9,0.6697626350704822,0.8032048535443842,-1.860817443963009,18.72025099703249,-4.11024844601663,-4.93084849911392,-19.428293517642757,4.292251259531017,44.930813639943075,-10342.735198707069
13,10,-0.5122969563279702,-0.8522788627678627,0.8447101656263686,-17.430958858813728,-4.700560073739814,-9.635841279256505,14.554070428319065,-4.05906000980627,59.03027447572744,20955.576360490235
13,11,1.8954709159159238,-0.7709092338576026,0.6011849799766548,19.304332663089927,-5.804596589888751,-10.435926880781487,-18.71780558150471,2.8945800904720076,62.130023394087914,-42520.90912654127
13,12,0.2928829891268906,-0.21946527593891874,1.3664603592477076,-19.390168247524013,-4.959868359105489,-8.622969682929241,18.48264849253478,-6.9177755282191065,80.53859002713052,86158.45544771923
13,13,1.8095944364742147,0.05920129549436594,-0.5258432267082599,21.159053913079077,-5.220115680203,-8.019509476133162,-20.53130783275813,1.8340803499199012,85.63295080130153,-174676.0750723645
13,14,0.06410304546058593,1.449868458880955,-2.0583402332815623,-21.17034869827659,-4.219233937688666,-3.0499512705991756,20.221284828172422,-8.864449866153313,106.79668914525118,353971.1596378404
13,15,2.2224052525905886,1.7305141499035759,-3.5782588110172053,25.553004798879357,-4.620457163008114,-1.8254815548459582,-24.97624107498483,4.729496609340028,107.48944372194481,-717440.1571572352
13,16,0.2606038217807271,2.0550246112920876,-5.141099713240796,-24.6988339405353,-1.8483470837561817,2.0868220746294144,22.137396945422548,-7.771567515877266,125.44893985585293,1453924.690527886
13,17,2.4193587884895353,-0.3338286604917515,-0.41060123603322085,26.853357725351046,-2.7587704100375157,-4.689594531916233,-25.50453480770683,5.061269750933427,124.3374386165943,-2946608.3757627592
13,18,-0.28843798933824605,0.6437503615633775,-0.8123282695284618,-26.407751540989782,-3.147557265541205,-2.2158797335200733,25.076170514929505,-8.534861686902513,145.42663612395802,5971534.862331427
13,19,1.1057792491191338,2.550600313493785,-4.587013628480036,30.74683585746586,-2.571505723392369,0.22782283053695185,-29.311643588275448,4.006350620710077,147.03637510182563,-1.2101983141832056E7
13,20,0.7844207202947497,2.9965366393944035,-6.780697414311461,-28.923389200550552,-0.24648550379392886,8.43312232061651,25.6020258722941,-8.381596036977957,163.93379969955546,2.4525746928611856E7
13,21,2.399328829860905,1.8682173555979438,-3.8529567555545707,32.47291914895805,1.6393525572754832,5.299689773500168,-33.41356256346572,5.337516037951652,157.30542328913424,-4.9703828217730686E7
13,22,-0.8324906889453698,0.5215683045698675,-2.510760158016742,-33.24555618109581,0.9205107761797812,3.102409946244821,29.523640703142053,-9.02514804045273,175.3612159378521,1.0072938166292828E8
13,23,0.3219351078748518,-0.45670392465605336,-0.406587279204237,37.29961414010374,-0.1692958900208119,-0.496663732471027,-36.9953613909327,8.090617662487208,169.0150714749903,-2.0413759387076506E8
13,24,1.504226725022834,-0.28295650496712577,-0.45438665490083346,-38.08117103916396,-0.88257157637693,-1.384434376000987,35.1740840684333,-8.787505498421668,187.24870769464394,4.1370376823101085E8
13,25,1.5677138765064615,-1.239391393154837,1.8739879645023834,40.435197668398736,-1.3407774378043196,-5.010960937276044,-38.601393973216716,9.932102429806031,180.3153689700485,-8.38409302368194E8
13,26,-0.14481930011260857,-2.061289312896831,3.722774825834792,-42.46463834203809,-3.335408370194462,-9.05965826523456,39.174899585325704,-8.875044584972104,204.68119329153504,1.6991143677095344E9
13,27,1.3871305680689847,-1.6566064615171037,3.152463095839569,45.20566257849656,-4.111032670413561,-10.557304856901563,-42.91194570556776,11.495378716678593,199.9482493439639,-3.4434134398895917E9
13,28,2.0161126276560375,-1.8689617211584213,4.037719814808683,-46.39865339092638,-5.510032139333814,-12.258082406068564,43.87899087648979,-12.348068038452922,230.41573151908432,6.978397506430462E9
13,29,-0.09270443149988261,-2.014990510356226,3.206816814750912,48.05183989838434,-6.676198812919525,-14.113139696019221,-44.497430186648714,10.821813353103316,231.20305981674943,-1.4142371702175154E10
13,30,0.7064654197706346,-1.8131108910925882,3.944531247767511,-50.48650307434248,-8.693000606542581,-18.857026195189338,48.6623763148701,-13.993411535989859,269.13356505619777,2.8660831395626976E10
13,31,1.5492949204391142,-2.421083408349812,4.234806374981505,53.72881758374582,-9.056887767137088,-19.557153472717964,-50.48817479686548,10.623316556957672,272.28392868143663,-5.808384043222202E10
13,32,1.1527075376327405,-1.0990226888770498,1.3116902419418173,-56.6457014234233,-9.919337478873217,-18.132799650983717,55.106229566588205,-17.01585655312236,318.98144509130555,1.1771230422914026E11
13,33,1.6802242035294748,1.0893537427891125,-2.911227528966835,61.91084980144936,-9.58399223438715,-11.739899462864173,-58.963920240571866,11.685934827534693,323.48169846944904,-2.3855493178339566E11
13,34,0.19673908914625815,1.416743291942499,-3.002881810021621,-64.40737389627401,-7.9799199308888635,-10.146672554583606,61.14146891274826,-16.91655303327361,369.34476520182665,4.834537543067718E11
13,35,1.2005590691489934,2.078471976032789,-3.910926152171985,70.0918481786452,-7.303355709136922,-5.8080324573691335,-66.67587657085298,15.083218419439712,367.9508799566115,-9.797639936642471E11
13,36,0.34161226817568474,2.421980930091915,-4.132068670200662,-71.15064269577393,-5.538324008086521,-4.577110674905987,68.11264126933013,-19.87576138118927,416.8438483718756,1.985582849233982E12
13,37,3.427517432651137,1.2656474211856708,-2.0055268046028227,77.62465741175721,-4.769046869564458,-5.692518703948327,-73.49840855928402,15.205294390911043,412.51915309105897,-4.023968299736064E12
13,38,1.0974083410531137,-0.8415482976776123,0.8273147453475423,-81.25854682342063,-4.080175291023641,-7.865360947163378,77.32109704091599,-22.35387645326746,464.4497117687382,8.154945980722059E12
13,39,1.5275962272085126,-0.7793438381228243,1.8582104625538016,86.3484316526174,-4.1829467304185615,-9.21596570293571,-81.06178072558643,16.977223466877028,458.9463862519419,-1.6526756424846098E13
13,40,1.1267800760968232,-0.49629108602913996,1.7091654085737737,-90.59273022952883,-4.945140409000476,-10.35050103970363,86.76274345400157,-25.58844776805591,517.7052569954038,3.349300885191365E13
13,41,-0.21691205872196473,-0.9424435842791263,0.08364805683413201,96.49262121193892,-4.847244611829502,-9.791330323393549,-91.41497647708255,20.93531144428886,509.3946693787187,-6.787669722532435E13
13,42,0.7297784300283133,-1.727035013650831,3.084985234129109,-101.79631232576003,-6.250899621740389,-14.432656599577093,95.74063249527106,-25.518905403599724,570.388204214446,1.3755843933154033E14
13,43,0.9343239887776199,-0.8155182981633096,1.058221693778321,109.28755276113993,-6.743333243022962,-11.48689820641691,-105.16476548519316,25.489325978844604,558.8973093233549,-2.787749699807372E14
13,44,2.3413132826857552,0.41557517858374887,-1.3770329334947438,-114.7409001294697,-5.843064165788486,-7.466858533572932,109.57516708598104,-30.72677288264416,629.8439428744097,5.649634022112491E14
13,45,1.036850537217647,0.7910163068673906,-2.882580534721306,123.999963828259,-5.6052473119195145,-5.3866274097513855,-119.94134163184043,27.939962928805738,614.719428601417,-1.1449508751104902E15
13,46,0.21582054110069582,-0.056546773560281205,0.6387147423549752,-130.50056687457914,-4.464398868777449,-8.670099667300015,124.04332445642065,-32.517141480883346,688.9574365229095,2.3203494266792385E15
13,47,2.363286034042302,-0.7105522745888398,2.5451452688270475,138.60724044432487,-4.809629112630198,-12.32689211926162,-131.4745149336435,31.966943045616567,669.1508853244392,-4.702403901278432E15
13,48,-0.46224643110558683,1.0845309624034005,-0.3103392217394856,-143.66759194762224,-5.747264658889834,-7.42085851764135,136.9906604934141,-37.14500996746182,753.2454792713012,9.529858820618264E15
13,49,1.3664027551680868,0.809733124014221,-2.806960949862169,154.8781780749403,-6.052619381043755,-4.037790432878344,-147.53135326011292,35.80163684117728,732.7287678055171,-1.9313145158847356E16
14,0,-0.27404713837710604,-1.0076163974773935,-0.8683251338749812,-0.8703661182964129,-1.1957914026916008,-1.6237636903702115,-1.458378180164111,2.433740966750271,-4.181677004025096,-0.9720344324202899
14,1,2.2021330483608557,-1.4313252739450308,3.1342229271231674,2.264005211872878,-2.650084694631323,-7.2636297800331855,-4.845728671966154,0.24029192541712674,-2.534932808087688,3.3813643978651973
14,2,0.5359526600488767,-0.891660960208812,0.5407712073973918,-1.9126502248292323,-4.063856562230467,-6.448302460264807,0.9149089496005373,0.8949369190619247,0.8672690385124645,-1.183722175493585
14,3,1.2640556178045415,0.2111524609729764,-0.8615227363251404,3.321849876706799,-4.39177789382399,-5.334425883472353,-3.6902904483490997,0.11929110696772197,6.687144569268565,-0.37975294456881037
14,4,0.01706042401694463,1.2268820441144601,-1.8187778963656047,-1.7611053911223102,-3.7482942362140785,-1.5014724039236258,1.5771551630624379,-2.045471271922928,15.340987069644147,-1.9212445029304015
14,5,2.432996077965951,-0.012921181257306902,0.08934898070130998,2.7854175203559297,-2.8846043473736125,-6.392603973225881,-2.734068694493745,-2.2663435016291036,22.062599634186135,-9.438383590463262
14,6,0.25343331612580733,0.04753467681668784,-0.3255014802949167,-2.8759513526763563,-2.9928422413707993,-2.778710019580051,2.9613402916607865,-3.0373487599585665,30.609442988769388,11.107402023176716
14,7,1.6852455347166704,1.3149221350698883,-1.9715721060962648,4.621682701524361,-2.775351424810445,-2.713412878022143,-3.9190708183746734,-1.9524530909230828,37.66282655143624,-45.89342269414834
14,8,0.2628177190171642,0.4938928613763646,-0.9712586269367082,-3.046457979945519,-2.1505893393119573,-1.1042239204999422,3.1288372522820675,-2.9117792698554523,44.78651713235682,75.97182872116419
14,9,0.5478586620516813,2.325671158239953,-7.045924342223465,7.5175534561637045,-1.6626671528357448,5.485359023598074,-7.957610817718689,1.7220362491352774,43.2626415521866,-183.91968603513715
14,10,1.9728055033756562,2.4465959251623772,-5.869443921912044,-5.821202468802152,0.3481118740012922,6.992987424057258,4.310869419130128,-2.190635014246121,46.68974695016812,357.92972774491847
14,11,1.183346833674634,3.5032270679480106,-7.952175622084989,10.454352124186704,1.2672454650889744,10.112717579318547,-12.926739188381417,0.08553131932567126,45.745003125721226,-761.4034088732838
14,12,2.076515231673786,2.5786328277166546,-6.267493217833372,-9.674515175104913,1.786588946796419,11.328360845750844,8.215526051548308,-4.1097867120917515,50.93174377396561,1528.7446945716952
14,13,0.615811624336144,2.4681546764632416,-5.570633271822188,12.330554995029955,2.309257301456466,10.990868136870295,-12.88912996172737,1.100785922335884,47.56063862773565,-3138.5686976419015
14,14,1.3867389671243644,0.7061282471235877,-1.7737374897833014,-9.706691476767244,1.9051817038910708,3.282155543656768,6.529059734900905,-2.3400980751731812,48.313629314388244,6347.257355080705
14,15,1.3062272523321306,-1.1456301757342788,1.8955910549147679,10.073054341600294,0.8631998721240501,-0.8618010028256883,-10.167025026034961,1.9770642765990214,45.493993483248026,-12898.197154593168
14,16,1.5878594673337962,-1.2699045342436346,2.002457202492694,-11.728710740328806,-1.1723088970664237,-5.049902903332864,12.467329918631693,-4.069163614042665,53.35639871940271,26128.211604301618
14,17,0.7754125734058095,0.46253013489815054,-1.5296875718022385,14.598108184600642,0.1865857485441269,4.148516503935973,-13.098039103639064,1.9786716817384253,50.667902211064664,-52994.298549788014
14,18,0.4442569689282939,0.7981047829209725,-1.5222039529441773,-14.45735359076688,0.9035667344985128,3.1861546617135432,13.149012774014436,-7.244267184258408,62.04952350959278,107386.00835183423
14,19,2.1687942126218345,1.9079258208606036,-4.192540045542104,17.448375229966373,0.5801865736774392,5.1096198346016815,-18.086616309320604,1.2331792830232073,59.41819995829353,-217678.035367008
14,20,0.9794048467311683,0.6877698592943923,-1.5778020354115545,-16.94596863766879,0.9016554453447052,2.3131367864955275,16.791841637090116,-7.6688883329821,70.95930225943687,441129.5929806851
14,21,-0.9253970799905575,-0.20260883516053976,0.7001659608712993,19.219425388853544,0.07860784874569648,-1.424232261977413,-19.336799193327057,1.2975867659072728,70.2390561497265,-894048.2582157013
14,22,-0.04957470443952117,-1.614716772173799,2.347952378440743,-20.558429323564,-0.7816807294648752,-3.6311155795348626,18.21155459704471,-8.626702489954294,86.77024434214317,1811853.7135750614
14,23,2.468366420262959,-2.6420008332061924,4.707592279721932,22.12567837265142,-2.5106120107278116,-9.967433389842373,-21.032339239960063,3.533643766307488,86.65564193385364,-3671958.4875503494
14,24,-0.06939668557906745,-0.5482318259026189,0.3633873433368596,-22.991839582103637,-3.012171373343311,-3.7654554778348777,24.083573991016834,-6.695225833799444,104.13267459901736,7441541.43538594
14,25,1.393079163880862,0.027384330906936066,-1.0349197396228342,25.24502307604309,-3.2865402656475804,-2.4736486336951886,-24.129331199016228,4.755519685907586,104.0151467982551,-1.5081058137139346E7
14,26,0.09639914540307615,0.2564264794843024,-1.3933524222944453,-26.820588588699433,-3.3739575873429737,-5.448646554123472,27.492396368615196,-8.263975310475091,123.94655029913307,3.05631381987883E7
14,27,2.076775350827061,-0.7794861794787159,1.1896955082301959,28.66409330314538,-3.7886038292013096,-8.427675913615184,-25.108713384317632,2.677159466113607,127.71934528146392,-6.193914200033953E7
14,28,0.4620851204468024,-0.6975597881144804,1.4749518275596363,-30.45678362096417,-3.8639040525238766,-6.8878199334961145,29.946041986168726,-11.531060891983135,153.48233738352957,1.255253921369411E8
14,29,0.763195196002549,-1.2604497183692722,1.6972320169797033,32.31641659171648,-4.370624887189889,-9.520312172867673,-31.27058616203918,4.218479952268854,158.52094024633914,-2.543890007235309E8
14,30,1.3612834905870708,-1.3403696196915762,2.1543799909994297,-34.27829976178378,-5.491717833997952,-12.228909910489937,32.44943660006592,-11.195890258161235,187.29683305422068,5.1554291643136674E8
14,31,-0.036880284892437776,0.07319221857487146,-1.541357742691979,38.98066536070393,-5.13707061784469,-6.48222357099413,-38.0589793455869,6.616284242260076,188.80149195224539,-1.0447958065495856E9
14,32,0.8340308078676646,-0.710947753925832,2.3915038335907486,-41.47525079800253,-6.184905407379695,-14.360799754511124,39.179803489517774,-12.939756545817037,222.73982062347633,2.11737580585598E9
14,33,-0.278963604707438,-0.3763537023444173,1.4104908708888941,44.54077419099346,-7.511092760886144,-13.369461941658978,-42.03696778982514,9.228320093359043,225.80235581448474,-4.291059152465503E9
14,34,1.61454458506942,-1.2232069383983255,2.840245005901179,-47.425903759122804,-8.903565325422155,-17.33036731094907,44.858606514859055,-13.047451941250717,261.9089403013458,8.69623035881485E9
14,35,0.27783073723998125,-2.8728141776600276,5.3889599130565236,49.552677048828116,-10.389189733518439,-19.13303227656767,-47.730256024890274,9.568606608483659,269.431165966521,-1.7623719751654854E10
14,36,0.17171538889048632,-1.2793076541009836,2.817871638522461,-53.49623123183729,-10.412276322726466,-18.366390075740206,51.14458950270792,-13.71053083051184,311.32203813673596,3.571610695700753E10
14,37,2.5947050202502115,0.6903277644404567,-1.6884284512311605,58.18946352360558,-9.28406541112011,-11.76626237710651,-54.898619790975204,12.061420584325779,313.1642591029461,-7.238201251047636E10
14,38,1.1842038653924793,2.900072150879769,-6.91248381190588,-58.59897932114236,-7.578329930543301,-3.8796012517591203,55.15191470904269,-17.38760729285569,359.130763140232,1.466888796308294E11
14,39,1.0280529292915368,1.965517568547304,-4.304930588371992,65.03198393232344,-5.9060397569748195,-5.758047334045308,-62.467748592052295,13.0678002274524,358.11448813159376,-2.9727865662545917E11
14,40,0.5679372920507677,2.8250320132386433,-5.945526556290069,-66.32603080300125,-4.254991950110246,-0.055494609178923016,63.627916847984295,-18.108254330085202,402.0764218806106,6.024628438774695E11
14,41,2.7603929886866174,0.6493412062798543,-2.0194627997330463,72.71805905861115,-3.381765296017189,-3.638781632073891,-69.76307349794448,14.680105449507797,395.409019220707,-1.2209469813168538E12
14,42,0.11744753943557154,-0.4933881150616758,-0.6721678048610537,-76.85122015972318,-3.728138005508446,-3.2891303220282935,74.35289246399762,-21.43515093296789,445.0638553073963,2.4743626032643237E12
14,43,0.9436377438034198,0.10207683590790828,0.6922453143053353,82.23401265639494,-5.323376976757117,-8.39299553104264,-78.20343594245324,16.604040876484643,441.9799491805046,-5.014525926891712E12
14,44,0.2678457167684126,0.7766789097422475,-1.9322930188596574,-85.50173341326153,-4.776672965667308,-6.089734450247098,82.35822737938022,-23.835286942449223,497.45431693900264,1.016240313212983E13
14,45,1.5164103701110159,0.41767315419374995,-1.8755497731945434,91.90948192843543,-3.1425437692022973,-1.8690202003675869,-86.43551268441495,20.17703582487716,486.23421019981134,-2.0595055031918176E13
14,46,0.1779573284236044,0.8546045822310036,-1.2071847875118924,-95.8548412642438,-2.1092945778862577,-0.655279676978372,90.12618353232257,-24.6221008816736,540.7683178026956,4.173779432322237E13
14,47,2.4737497316209582,0.303142484502849,0.03365408589888952,103.39558594427605,-2.0092646054224184,-2.6778892555232447,-99.79381160721881,22.15938525737359,525.7900795989798,-8.45855217324212E13
14,48,-0.1804154480697355,-1.1912714247693585,1.8724150998153284,-111.12766095173733,-2.4508830040844662,-6.048642939289198,105.31895906032851,-28.454961476595777,587.9183161286471,1.7142042608427916E14
14,49,1.3568344543381756,0.12561772859331266,-0.06432108914162302,117.7020669522995,-2.2452801228614927,-2.5358634641544837,-111.70599260559557,26.70468856261808,568.5660396646344,-3.47399435235965E14
15,0,-0.716878013031173,-2.0230333998365113,1.2122861893978132,1.2828840294974468,0.42007784515591806,-1.999115348904033,2.2583729668723067,1.8600847938950633,-1.9800127400873464,-4.179673439316535
